FoodName,Desc,FoodGroup,Energy_kcal,Protein_g,Fat_g,Carb_g,Sugar_g,Fiber_g,VitB6_mg,VitC_mg,VitE_mg,Niacin_mg,Riboflavin_mg,Thiamin_mg,Calcium_mg,Iron_mg,Magnesium_mg,Manganese_mg,Phosphorus_mg,Zinc_mg,VitA_mg,VitB12_mg,Folate_mg,Copper_mg,Selenium_mg,Cluster
butter,salted,Dairy and Egg Products,717.0,0.85,81.11,0.06,0.06,0.0,0.003,0.0,2.32,0.042,0.034,0.005,24.0,0.02,2.0,0.0,24.0,0.09,0.684,0.00017,0.003,0.0,0.001,4
butter,"whipped, with salt",Dairy and Egg Products,717.0,0.85,81.11,0.06,0.06,0.0,0.003,0.0,2.32,0.042,0.034,0.005,24.0,0.16,2.0,0.004,23.0,0.05,0.684,0.00013,0.003,1.6e-05,0.001,4
butter oil,anhydrous,Dairy and Egg Products,876.0,0.28,99.48,0.0,0.0,0.0,0.001,0.0,2.8,0.003,0.005,0.001,4.0,0.0,0.0,0.0,3.0,0.01,0.84,1e-05,0.0,1e-06,0.0,4
cheese,blue,Dairy and Egg Products,353.0,21.4,28.74,2.34,0.5,0.0,0.166,0.0,0.25,1.016,0.382,0.029,528.0,0.31,23.0,0.009,387.0,2.66,0.198,0.00122,0.036,4e-05,0.0145,2
cheese,brick,Dairy and Egg Products,371.0,23.24,29.68,2.79,0.51,0.0,0.065,0.0,0.26,0.118,0.351,0.014,674.0,0.43,24.0,0.012,451.0,2.6,0.292,0.00126,0.02,2.4e-05,0.0145,2
cheese,brie,Dairy and Egg Products,334.0,20.75,27.68,0.45,0.45,0.0,0.235,0.0,0.24,0.38,0.52,0.07,184.0,0.5,20.0,0.034,188.0,2.38,0.174,0.00165,0.065,1.9e-05,0.0145,2
cheese,camembert,Dairy and Egg Products,300.0,19.8,24.26,0.46,0.46,0.0,0.227,0.0,0.21,0.63,0.488,0.028,388.0,0.33,20.0,0.038,347.0,2.38,0.241,0.0013,0.062,2.1e-05,0.0145,2
cheese,caraway,Dairy and Egg Products,376.0,25.18,29.2,3.06,0.0,0.0,0.074,0.0,0.0,0.18,0.45,0.031,673.0,0.64,22.0,0.021,490.0,2.94,0.271,0.00027,0.018,2.4e-05,0.0145,2
cheese,cheddar,Dairy and Egg Products,406.0,24.04,33.82,1.33,0.28,0.0,0.049,0.0,0.78,0.039,0.434,0.027,675.0,0.16,27.0,0.033,473.0,3.43,0.263,0.00088,0.026,5.6e-05,0.0283,2
cheese,cheshire,Dairy and Egg Products,387.0,23.37,30.6,4.78,0.0,0.0,0.074,0.0,0.0,0.08,0.293,0.046,643.0,0.21,21.0,0.012,464.0,2.79,0.233,0.00083,0.018,4.2e-05,0.0145,2
cheese,colby,Dairy and Egg Products,394.0,23.76,32.11,2.57,0.52,0.0,0.079,0.0,0.28,0.093,0.375,0.015,685.0,0.76,26.0,0.012,457.0,3.07,0.264,0.00083,0.018,4.2e-05,0.0145,2
cheese,"cottage, creamed, large or small curd",Dairy and Egg Products,98.0,11.12,4.3,3.38,2.67,0.0,0.046,0.0,0.08,0.099,0.163,0.027,83.0,0.07,8.0,0.002,159.0,0.4,0.037,0.00043,0.012,2.9e-05,0.0096999999999999,0
cheese,"cottage, creamed, with fruit",Dairy and Egg Products,97.0,10.69,3.85,4.61,2.38,0.2,0.068,1.4,0.04,0.15,0.142,0.033,53.0,0.16,7.0,0.003,113.0,0.33,0.038,0.00053,0.011,4e-05,0.0077,0
cheese,"cottage, nonfat, uncreamed, dry, large or small curd",Dairy and Egg Products,72.0,10.34,0.29,6.66,1.85,0.0,0.016,0.0,0.01,0.144,0.226,0.023,86.0,0.15,11.0,0.022,190.0,0.47,0.002,0.00046,0.009,3e-05,0.0094,0
cheese,"cottage, lowfat, 2% milkfat",Dairy and Egg Products,81.0,10.45,2.27,4.76,4.0,0.0,0.057,0.0,0.08,0.103,0.251,0.02,111.0,0.13,9.0,0.015,150.0,0.51,0.068,0.00047,0.008,3.3e-05,0.0119,0
cheese,"cottage, lowfat, 1% milkfat",Dairy and Egg Products,72.0,12.39,1.02,2.72,2.72,0.0,0.068,0.0,0.01,0.128,0.165,0.021,61.0,0.14,5.0,0.003,134.0,0.38,0.011,0.00063,0.012,2.8e-05,0.009,0
cheese,cream,Dairy and Egg Products,342.0,5.93,34.24,4.07,3.21,0.0,0.035,0.0,0.29,0.145,0.125,0.02,98.0,0.38,9.0,0.011,106.0,0.51,0.366,0.00025,0.011,1.9e-05,0.0024,2
cheese,edam,Dairy and Egg Products,357.0,24.99,27.8,1.43,1.43,0.0,0.076,0.0,0.24,0.082,0.389,0.037,731.0,0.44,30.0,0.011,536.0,3.75,0.243,0.00154,0.016,3.5999999999999994e-05,0.0145,2
cheese,feta,Dairy and Egg Products,264.0,14.21,21.28,4.09,4.09,0.0,0.424,0.0,0.18,0.991,0.844,0.154,493.0,0.65,19.0,0.028,337.0,2.88,0.125,0.0016899999999999,0.032,3.2e-05,0.015,2
cheese,fontina,Dairy and Egg Products,389.0,25.6,31.14,1.55,1.55,0.0,0.083,0.0,0.27,0.15,0.204,0.021,550.0,0.23,14.0,0.014,346.0,3.5,0.261,0.0016799999999999,0.006,2.5e-05,0.0145,2
cheese,gjetost,Dairy and Egg Products,466.0,9.65,29.51,42.65,0.0,0.0,0.271,0.0,0.0,0.813,1.382,0.315,400.0,0.52,70.0,0.04,444.0,1.14,0.334,0.00242,0.005,8e-05,0.0145,3
cheese,gouda,Dairy and Egg Products,356.0,24.94,27.44,2.22,2.22,0.0,0.08,0.0,0.24,0.063,0.334,0.03,700.0,0.24,29.0,0.011,546.0,3.9,0.165,0.00154,0.021,3.5999999999999994e-05,0.0145,2
cheese,gruyere,Dairy and Egg Products,413.0,29.81,32.34,0.36,0.36,0.0,0.081,0.0,0.28,0.106,0.279,0.06,1011.0,0.17,36.0,0.017,605.0,3.9,0.271,0.0016,0.01,3.2e-05,0.0145,2
cheese,limburger,Dairy and Egg Products,327.0,20.05,27.25,0.49,0.49,0.0,0.086,0.0,0.23,0.158,0.503,0.08,497.0,0.13,21.0,0.038,393.0,2.1,0.34,0.00104,0.058,2.1e-05,0.0145,2
cheese,monterey,Dairy and Egg Products,373.0,24.48,30.28,0.68,0.5,0.0,0.079,0.0,0.26,0.093,0.39,0.015,746.0,0.72,27.0,0.011,444.0,3.0,0.198,0.00083,0.018,3.2e-05,0.0145,2
cheese,"mozzarella, whole milk",Dairy and Egg Products,300.0,22.17,22.35,2.19,1.03,0.0,0.037,0.0,0.19,0.104,0.283,0.03,505.0,0.44,20.0,0.03,354.0,2.92,0.179,0.00228,0.007,1.1e-05,0.017,2
cheese,"mozzarella, whole milk, low moisture",Dairy and Egg Products,318.0,21.6,24.64,2.47,1.01,0.0,0.062,0.0,0.21,0.094,0.27,0.016,575.0,0.2,21.0,0.009,412.0,2.46,0.197,0.00073,0.008,2.2e-05,0.0161,2
cheese,"mozzarella, part skim milk",Dairy and Egg Products,254.0,24.26,15.92,2.77,1.13,0.0,0.07,0.0,0.14,0.105,0.303,0.018,782.0,0.22,23.0,0.01,463.0,2.76,0.127,0.00082,0.009,2.5e-05,0.0144,2
cheese,"mozzarella, low moisture, part-skim",Dairy and Egg Products,301.0,24.58,19.72,6.36,2.24,0.0,0.111,0.0,0.43,0.144,0.348,0.059,716.0,0.23,29.0,0.041,537.0,3.61,0.254,0.00182,0.027,3.4e-05,0.0268,2
cheese,muenster,Dairy and Egg Products,368.0,23.41,30.04,1.12,1.12,0.0,0.056,0.0,0.26,0.103,0.32,0.013,717.0,0.41,27.0,0.008,468.0,2.81,0.298,0.00147,0.012,3.1e-05,0.0145,2
cheese,neufchatel,Dairy and Egg Products,253.0,9.15,22.78,3.59,3.19,0.0,0.041,0.0,0.4,0.21,0.155,0.022,117.0,0.13,10.0,0.011,138.0,0.82,0.241,0.0003,0.014,2.7e-05,0.003,2
cheese,"parmesan, grated",Dairy and Egg Products,420.0,28.42,27.84,13.91,0.07,0.0,0.081,0.0,0.53,0.08,0.358,0.026,853.0,0.49,34.0,0.071,627.0,4.2,0.262,0.0014,0.006,4e-05,0.0344,2
cheese,"parmesan, hard",Dairy and Egg Products,392.0,35.75,25.83,3.22,0.8,0.0,0.091,0.0,0.22,0.271,0.332,0.039,1184.0,0.82,44.0,0.02,694.0,2.75,0.207,0.0012,0.007,3.2e-05,0.0225,2
cheese,port de salut,Dairy and Egg Products,352.0,23.78,28.2,0.57,0.57,0.0,0.053,0.0,0.24,0.06,0.24,0.014,650.0,0.43,24.0,0.011,360.0,2.6,0.315,0.0015,0.018,2.2e-05,0.0145,2
cheese,provolone,Dairy and Egg Products,351.0,25.58,26.62,2.14,0.56,0.0,0.073,0.0,0.23,0.156,0.321,0.019,756.0,0.52,28.0,0.01,496.0,3.23,0.236,0.00146,0.01,2.6e-05,0.0145,2
cheese,"ricotta, whole milk",Dairy and Egg Products,174.0,11.26,12.98,3.04,0.27,0.0,0.043,0.0,0.11,0.104,0.195,0.013,207.0,0.38,11.0,0.006,158.0,1.16,0.12,0.00034,0.012,2.1e-05,0.0145,2
cheese,"ricotta, part skim milk",Dairy and Egg Products,138.0,11.39,7.91,5.14,0.31,0.0,0.02,0.0,0.07,0.078,0.185,0.021,272.0,0.44,15.0,0.01,183.0,1.34,0.107,0.00029,0.013,3.4e-05,0.0167,0
cheese,romano,Dairy and Egg Products,387.0,31.8,26.94,3.63,0.73,0.0,0.085,0.0,0.23,0.077,0.37,0.037,1064.0,0.77,41.0,0.02,760.0,2.58,0.096,0.00112,0.007,3e-05,0.0145,2
cheese,roquefort,Dairy and Egg Products,369.0,21.54,30.64,2.0,0.0,0.0,0.124,0.0,0.0,0.734,0.586,0.04,662.0,0.56,30.0,0.03,392.0,2.08,0.294,0.00064,0.049,3.4e-05,0.0145,2
cheese,swiss,Dairy and Egg Products,380.0,26.93,27.8,5.38,1.32,0.0,0.083,0.0,0.38,0.092,0.296,0.063,791.0,0.2,38.0,0.005,567.0,4.36,0.22,0.0033399999999999,0.006,4.3e-05,0.0182,2
cheese,tilsit,Dairy and Egg Products,340.0,24.41,25.98,1.88,0.0,0.0,0.065,0.0,0.0,0.205,0.359,0.061,700.0,0.23,13.0,0.013,500.0,3.5,0.249,0.0021,0.02,2.6e-05,0.0145,2
cheese,"pasteurized process, American, fortified with vitamin D",Dairy and Egg Products,366.0,18.13,30.71,4.78,2.26,0.0,0.054,0.0,0.8,0.076,0.234,0.015,1045.0,0.63,26.0,0.041,641.0,2.49,0.317,0.0015,0.008,4.6e-05,0.0202,2
cheese,"pasteurized process, pimento",Dairy and Egg Products,375.0,22.13,31.2,1.73,0.62,0.1,0.071,2.3,0.29,0.078,0.354,0.027,614.0,0.42,22.0,0.016,744.0,2.98,0.244,0.0007,0.008,3.3e-05,0.0145,2
cheese,"pasteurized process, swiss",Dairy and Egg Products,334.0,24.73,25.01,2.1,1.23,0.0,0.036,0.0,0.34,0.038,0.276,0.014,772.0,0.61,29.0,0.014,762.0,3.61,0.198,0.00123,0.006,2.7e-05,0.0159,2
cheese food,"cold pack, American",Dairy and Egg Products,331.0,19.66,24.46,8.32,0.0,0.0,0.141,0.0,0.0,0.074,0.446,0.03,497.0,0.84,30.0,0.01,400.0,3.01,0.0,0.00128,0.005,3e-05,0.0162,2
cheese food,"pasteurized process, American, vitamin D fortified",Dairy and Egg Products,330.0,16.86,25.63,8.56,5.59,0.0,0.102,0.0,0.63,0.155,0.36,0.035,682.0,0.26,27.0,0.025,438.0,2.31,0.201,0.00133,0.007,3.4e-05,0.0196,2
cheese food,"pasteurized process, swiss",Dairy and Egg Products,323.0,21.92,24.14,4.5,0.0,0.0,0.035,0.0,0.0,0.104,0.4,0.014,723.0,0.6,28.0,0.01,526.0,3.55,0.237,0.0023,0.006,3e-05,0.0161,2
cheese spread,"pasteurized process, American",Dairy and Egg Products,290.0,16.41,21.23,8.73,7.32,0.0,0.117,0.0,0.19,0.131,0.431,0.048,562.0,0.33,29.0,0.02,875.0,2.59,0.173,0.0004,0.007,3.3e-05,0.0113,2
cream,"fluid, half and half",Dairy and Egg Products,130.0,2.96,11.5,4.3,4.3,0.0,0.039,0.9,0.33,0.078,0.149,0.035,105.0,0.07,10.0,0.001,95.0,0.51,0.097,0.00033,0.003,1e-05,0.0018,0
cream,"fluid, light (coffee cream or table cream)",Dairy and Egg Products,195.0,2.7,19.31,3.66,3.66,0.0,0.032,0.8,0.55,0.057,0.148,0.032,96.0,0.04,9.0,0.001,80.0,0.27,0.181,0.00022,0.002,8e-06,0.0006,0
cream,"fluid, light whipping",Dairy and Egg Products,292.0,2.17,30.91,2.96,2.96,0.0,0.028,0.6,0.88,0.042,0.125,0.024,69.0,0.03,7.0,0.001,61.0,0.25,0.279,0.0002,0.004,7e-06,0.0005,0
cream,"fluid, heavy whipping",Dairy and Egg Products,345.0,2.05,37.0,2.79,2.79,0.0,0.026,0.6,1.06,0.039,0.11,0.022,65.0,0.03,7.0,0.001,62.0,0.23,0.411,0.0001799999999999,0.004,6e-06,0.0005,2
cream,"whipped, cream topping, pressurized",Dairy and Egg Products,257.0,3.2,22.22,12.49,8.0,0.0,0.041,0.0,0.64,0.07,0.065,0.037,101.0,0.05,11.0,0.001,89.0,0.37,0.188,0.00029,0.003,1e-05,0.0014,0
cream,"sour, reduced fat, cultured",Dairy and Egg Products,135.0,2.94,12.0,4.26,0.16,0.0,0.016,0.9,0.34,0.067,0.149,0.035,104.0,0.07,10.0,0.003,95.0,0.5,0.102,0.0003,0.011,1.6e-05,0.0021,0
cream,"sour, cultured",Dairy and Egg Products,193.0,2.07,19.73,2.88,2.88,0.0,0.057,0.9,0.44,0.109,0.172,0.036,110.0,0.17,10.0,0.011,115.0,0.38,0.176,0.00028,0.007,1.9e-05,0.0026,0
eggnog,No_descr,Dairy and Egg Products,88.0,4.55,4.19,8.05,8.05,0.0,0.05,1.5,0.21,0.105,0.19,0.034,130.0,0.2,19.0,0.005,109.0,0.46,0.059,0.00045,0.001,1.3e-05,0.0042,0
sour dressing,"non-butterfat, cultured, filled cream-type",Dairy and Egg Products,178.0,3.25,16.57,4.68,4.68,0.0,0.017,0.9,1.34,0.074,0.163,0.038,113.0,0.03,10.0,0.002,87.0,0.37,0.003,0.00033,0.012,1e-05,0.0023,0
milk,"filled, fluid, with blend of hydrogenated vegetable oils",Dairy and Egg Products,63.0,3.33,3.46,4.74,0.0,0.0,0.04,0.9,0.0,0.087,0.123,0.03,128.0,0.05,13.0,0.002,97.0,0.36,0.002,0.00034,0.005,1e-05,0.002,0
milk,"filled, fluid, with lauric acid oil",Dairy and Egg Products,63.0,3.33,3.4,4.74,4.74,0.0,0.04,0.9,0.13,0.087,0.123,0.03,128.0,0.05,13.0,0.002,97.0,0.36,0.002,0.00034,0.005,1e-05,0.002,0
cheese,"American, nonfat or fat free",Dairy and Egg Products,126.0,21.05,0.0,10.53,5.26,0.0,0.567,0.0,0.27,5.56,0.545,0.412,789.0,0.0,115.0,0.0,316.0,4.11,0.056,0.00185,0.009,0.000559,0.0146,2
cream substitute,"liquid, with hydrogenated vegetable oil and soy protein",Dairy and Egg Products,136.0,1.0,9.97,11.38,11.38,0.0,0.0,0.0,0.81,0.0,0.0,0.0,9.0,0.03,0.0,0.0,64.0,0.02,0.001,0.0,0.0,0.0,0.0011,0
cream substitute,"liquid, with lauric acid oil and sodium caseinate",Dairy and Egg Products,136.0,1.0,9.97,11.38,0.0,0.0,0.0,0.0,0.0,0.0,0.0,0.0,9.0,0.03,0.0,0.04,64.0,0.02,0.004,0.0,0.0,2.5e-05,0.0011,0
cream substitute,powdered,Dairy and Egg Products,545.0,4.79,35.48,54.88,54.88,0.0,0.0,0.0,0.59,0.0,0.165,0.0,22.0,1.15,4.0,0.22,422.0,0.51,0.002,0.0,0.0,0.000115,0.0006,1
dessert topping,powdered,Dairy and Egg Products,577.0,4.9,39.92,52.54,52.54,0.0,0.0,0.0,1.52,0.0,0.0,0.0,17.0,0.03,7.0,0.225,74.0,0.08,0.0,0.0,0.0,0.000118,0.0006,1
dessert topping,"powdered, 1.5 ounce prepared with 1/2 cup milk",Dairy and Egg Products,194.0,3.61,12.72,17.13,17.13,0.0,0.03,0.7,0.45,0.06,0.117,0.027,90.0,0.04,10.0,0.005,86.0,0.27,0.034,0.00026,0.004,1.2e-05,0.0048,0
dessert topping,pressurized,Dairy and Egg Products,264.0,0.98,22.3,16.07,16.07,0.0,0.0,0.0,0.85,0.0,0.0,0.0,5.0,0.02,1.0,0.045,18.0,0.01,0.004,0.0,0.0,2.4e-05,0.0015,0
dessert topping,"semi solid, frozen",Dairy and Egg Products,318.0,1.25,25.31,23.05,23.05,0.0,0.0,0.0,0.96,0.0,0.0,0.0,6.0,0.12,2.0,0.058,8.0,0.03,0.007,0.0,0.0,3e-05,0.0021,0
sour cream,"imitation, cultured",Dairy and Egg Products,208.0,2.4,19.52,6.63,6.63,0.0,0.0,0.0,0.74,0.0,0.0,0.0,3.0,0.39,6.0,0.11,45.0,1.18,0.0,0.0,0.0,5.8e-05,0.0025,0
milk substitutes,"fluid, with lauric acid oil",Dairy and Egg Products,61.0,1.75,3.41,6.16,0.0,0.0,0.0,0.0,0.0,0.0,0.088,0.012,33.0,0.39,6.0,0.097,74.0,1.18,0.0,0.0,0.0,5.1e-05,0.0019,0
milk,"whole, 3.25% milkfat, with added vitamin D",Dairy and Egg Products,61.0,3.15,3.25,4.8,5.05,0.0,0.036,0.0,0.07,0.089,0.169,0.046,113.0,0.03,10.0,0.004,84.0,0.37,0.046,0.00045,0.005,2.5e-05,0.0037,0
milk,"producer, fluid, 3.7% milkfat",Dairy and Egg Products,64.0,3.28,3.66,4.65,0.0,0.0,0.042,1.5,0.0,0.084,0.161,0.038,119.0,0.05,13.0,0.004,93.0,0.38,0.033,0.0003599999999999,0.005,1e-05,0.002,0
milk,"reduced fat, fluid, 2% milkfat, with added vitamin A and vitamin D",Dairy and Egg Products,50.0,3.3,1.98,4.8,5.06,0.0,0.038,0.2,0.03,0.092,0.185,0.039,120.0,0.02,11.0,0.014,92.0,0.48,0.055,0.00053,0.005,6e-06,0.0025,0
milk,"reduced fat, fluid, 2% milkfat, with added nonfat milk solids and vitamin A and vitamin D",Dairy and Egg Products,51.0,3.48,1.92,4.97,0.0,0.0,0.045,1.0,0.0,0.09,0.173,0.04,128.0,0.05,14.0,0.002,100.0,0.4,0.056,0.00038,0.005,8e-06,0.0023,0
milk,"reduced fat, fluid, 2% milkfat, protein fortified, with added vitamin A and vitamin D",Dairy and Egg Products,56.0,3.95,1.98,5.49,5.26,0.0,0.051,1.1,0.04,0.101,0.194,0.045,143.0,0.06,16.0,0.002,112.0,0.45,0.0,0.00043,0.006,8e-06,0.0026,0
milk,"lowfat, fluid, 1% milkfat, with added vitamin A and vitamin D",Dairy and Egg Products,42.0,3.37,0.97,4.99,5.2,0.0,0.037,0.0,0.01,0.093,0.185,0.02,125.0,0.03,11.0,0.003,95.0,0.42,0.058,0.00047,0.005,1e-05,0.0033,0
milk,"lowfat, fluid, 1% milkfat, with added nonfat milk solids, vitamin A and vitamin D",Dairy and Egg Products,43.0,3.48,0.97,4.97,0.0,0.0,0.045,1.0,0.0,0.09,0.173,0.04,128.0,0.05,14.0,0.002,100.0,0.4,0.059,0.00038,0.005,1e-05,0.0023,0
milk,"lowfat, fluid, 1% milkfat, protein fortified, with added vitamin A and vitamin D",Dairy and Egg Products,48.0,3.93,1.17,5.52,0.0,0.0,0.05,1.2,0.0,0.1,0.192,0.045,142.0,0.06,16.0,0.002,111.0,0.45,0.061,0.00043,0.006,1e-05,0.0025,0
milk,"nonfat, fluid, with added vitamin A and vitamin D (fat free or skim)",Dairy and Egg Products,34.0,3.37,0.08,4.96,5.09,0.0,0.037,0.0,0.01,0.094,0.182,0.045,122.0,0.03,11.0,0.003,101.0,0.42,0.061,0.0005,0.005,1.3e-05,0.0031,0
milk,"nonfat, fluid, with added nonfat milk solids, vitamin A and vitamin D (fat free or skim)",Dairy and Egg Products,37.0,3.57,0.25,5.02,5.02,0.0,0.046,1.0,0.01,0.091,0.175,0.041,129.0,0.05,15.0,0.002,104.0,0.41,0.064,0.00039,0.005,1.1e-05,0.0022,0
milk,"nonfat, fluid, protein fortified, with added vitamin A and vitamin D (fat free and skim)",Dairy and Egg Products,41.0,3.96,0.25,5.56,0.0,0.0,0.05,1.1,0.0,0.101,0.194,0.045,143.0,0.06,16.0,0.002,112.0,0.45,0.061,0.00043,0.006,1.1e-05,0.0024,0
milk,"buttermilk, fluid, cultured, lowfat",Dairy and Egg Products,40.0,3.31,0.88,4.79,4.79,0.0,0.034,1.0,0.05,0.058,0.154,0.034,116.0,0.05,11.0,0.002,89.0,0.42,0.014,0.00022,0.005,1.1e-05,0.002,0
milk,"low sodium, fluid",Dairy and Egg Products,61.0,3.1,3.46,4.46,4.46,0.0,0.034,0.9,0.08,0.043,0.105,0.02,101.0,0.05,5.0,0.004,86.0,0.38,0.029,0.0003599999999999,0.005,1e-05,0.002,0
milk,"dry, whole, with added vitamin D",Dairy and Egg Products,496.0,26.32,26.71,38.42,38.42,0.0,0.302,8.6,0.58,0.646,1.205,0.283,912.0,0.47,85.0,0.04,776.0,3.34,0.258,0.00325,0.037,8e-05,0.0163,1
milk,"dry, nonfat, regular, without added vitamin A and vitamin D",Dairy and Egg Products,362.0,36.16,0.77,51.98,51.98,0.0,0.361,6.8,0.0,0.951,1.55,0.415,1257.0,0.32,110.0,0.02,968.0,4.08,0.006,0.00403,0.05,4.1e-05,0.0273,1
milk,"dry, nonfat, instant, with added vitamin A and vitamin D",Dairy and Egg Products,358.0,35.1,0.72,52.19,52.19,0.0,0.345,5.6,0.01,0.891,1.744,0.413,1231.0,0.31,117.0,0.02,985.0,4.41,0.709,0.00399,0.05,4.1e-05,0.0273,1
milk,"dry, nonfat, calcium reduced",Dairy and Egg Products,354.0,35.5,0.2,51.8,0.0,0.0,0.298,6.7,0.0,0.665,1.642,0.163,280.0,0.32,60.0,0.008,1011.0,4.03,0.002,0.00398,0.05,1.6e-05,0.0273,2
milk,"buttermilk, dried",Dairy and Egg Products,387.0,34.3,5.78,49.0,49.0,0.0,0.338,5.7,0.1,0.876,1.579,0.392,1184.0,0.3,110.0,0.023,933.0,4.02,0.049,0.00382,0.047,0.000111,0.0203,1
milk,"canned, condensed, sweetened",Dairy and Egg Products,321.0,7.91,8.7,54.4,54.4,0.0,0.051,2.6,0.16,0.21,0.416,0.09,284.0,0.19,26.0,0.006,253.0,0.94,0.074,0.00044,0.011,1.5e-05,0.0148,1
milk,"canned, evaporated, with added vitamin D and without added vitamin A",Dairy and Egg Products,134.0,6.81,7.56,10.04,10.04,0.0,0.05,1.9,0.14,0.194,0.316,0.047,261.0,0.19,24.0,0.006,203.0,0.77,0.065,0.00016,0.008,1.6e-05,0.0023,0
milk,"canned, evaporated, nonfat, with added vitamin A and vitamin D",Dairy and Egg Products,78.0,7.55,0.2,11.35,11.35,0.0,0.055,1.2,0.0,0.174,0.309,0.045,290.0,0.29,27.0,0.006,195.0,0.9,0.118,0.0002399999999999,0.009,1.6e-05,0.0025,0
milk,"chocolate, fluid, commercial, whole, with added vitamin A and vitamin D",Dairy and Egg Products,83.0,3.17,3.39,10.34,9.54,0.8,0.04,0.9,0.07,0.125,0.162,0.037,112.0,0.24,13.0,0.077,101.0,0.41,0.027,0.00033,0.005,6.500000000000001e-05,0.0019,0
milk,"chocolate, fluid, commercial, reduced fat, with added vitamin A and vitamin D",Dairy and Egg Products,76.0,2.99,1.9,12.13,9.55,0.7,0.024,0.0,0.04,0.164,0.183,0.045,109.0,0.24,14.0,0.062,102.0,0.39,0.064,0.00033,0.002,7.5e-05,0.0034,0
milk,"chocolate, fluid, commercial, lowfat, with added vitamin A and vitamin D",Dairy and Egg Products,71.0,3.24,1.0,12.6,9.94,0.5,0.041,0.9,0.02,0.127,0.166,0.038,116.0,0.27,13.0,0.077,103.0,0.41,0.058,0.00032,0.005,6.500000000000001e-05,0.0019,0
milk,"chocolate beverage, hot cocoa, homemade",Dairy and Egg Products,77.0,3.52,2.34,10.74,9.66,1.0,0.04,0.2,0.03,0.133,0.182,0.039,114.0,0.42,23.0,0.013,105.0,0.63,0.051,0.00049,0.005,0.000103,0.0027,0
milk,"goat, fluid, with added vitamin D",Dairy and Egg Products,69.0,3.56,4.14,4.45,4.45,0.0,0.046,1.3,0.07,0.277,0.138,0.048,134.0,0.05,14.0,0.018,111.0,0.3,0.057,7.000000000000001e-05,0.001,4.6e-05,0.0014,0
milk,"human, mature, fluid",Dairy and Egg Products,70.0,1.03,4.38,6.89,6.89,0.0,0.011,5.0,0.08,0.177,0.036,0.014,32.0,0.03,3.0,0.026,14.0,0.17,0.061,5e-05,0.005,5.2e-05,0.0018,0
milk,"indian buffalo, fluid",Dairy and Egg Products,97.0,3.75,6.89,5.18,0.0,0.0,0.023,2.3,0.0,0.091,0.135,0.052,169.0,0.12,31.0,0.018,117.0,0.22,0.053,0.0003599999999999,0.006,4.6e-05,0.0,0
milk,"sheep, fluid",Dairy and Egg Products,108.0,5.98,7.0,5.36,0.0,0.0,0.06,4.2,0.0,0.417,0.355,0.065,193.0,0.1,18.0,0.018,158.0,0.54,0.044,0.0007099999999999,0.007,4.6e-05,0.0017,0
milk shakes,thick chocolate,Dairy and Egg Products,119.0,3.05,2.7,21.15,20.85,0.3,0.025,0.0,0.05,0.124,0.222,0.047,132.0,0.31,16.0,0.039,126.0,0.48,0.018,0.00032,0.005,6.500000000000001e-05,0.0019,0
milk shakes,thick vanilla,Dairy and Egg Products,112.0,3.86,3.03,17.75,17.75,0.0,0.042,0.0,0.05,0.146,0.195,0.03,146.0,0.1,12.0,0.014,115.0,0.39,0.025,0.00052,0.007,5.1e-05,0.0023,0
whey,"acid, fluid",Dairy and Egg Products,24.0,0.76,0.09,5.12,5.12,0.0,0.042,0.1,0.0,0.079,0.14,0.042,103.0,0.08,10.0,0.002,78.0,0.43,0.002,0.0001799999999999,0.002,3e-06,0.0018,0
whey,"acid, dried",Dairy and Egg Products,339.0,11.73,0.54,73.45,73.45,0.0,0.62,0.9,0.0,1.16,2.06,0.622,2054.0,1.24,199.0,0.015,1349.0,6.31,0.017,0.0025,0.033,5e-05,0.0273,1
whey,"sweet, fluid",Dairy and Egg Products,27.0,0.85,0.36,5.14,5.14,0.0,0.031,0.1,0.0,0.074,0.158,0.036,47.0,0.06,8.0,0.001,46.0,0.13,0.003,0.00028,0.001,4e-06,0.0019,0
whey,"sweet, dried",Dairy and Egg Products,353.0,12.93,1.07,74.46,74.46,0.0,0.584,1.5,0.02,1.258,2.208,0.519,796.0,0.88,176.0,0.009,932.0,1.97,0.008,0.00237,0.012,7.000000000000001e-05,0.0272,1
yogurt,"plain, whole milk, 8 grams protein per 8 ounce",Dairy and Egg Products,61.0,3.47,3.25,4.66,4.66,0.0,0.032,0.5,0.06,0.075,0.142,0.029,121.0,0.05,12.0,0.004,95.0,0.59,0.027,0.00037,0.007,8.999999999999999e-06,0.0022,0
yogurt,"plain, low fat, 12 grams protein per 8 ounce",Dairy and Egg Products,63.0,5.25,1.55,7.04,7.04,0.0,0.049,0.8,0.03,0.114,0.214,0.044,183.0,0.08,17.0,0.004,144.0,0.89,0.014,0.00056,0.011,1.3e-05,0.0033,0
yogurt,"plain, skim milk, 13 grams protein per 8 ounce",Dairy and Egg Products,56.0,5.73,0.18,7.68,7.68,0.0,0.053,0.9,0.0,0.124,0.234,0.048,199.0,0.09,19.0,0.005,157.0,0.97,0.002,0.00061,0.012,1.5e-05,0.0036,0
yogurt,"vanilla, low fat, 11 grams protein per 8 ounce",Dairy and Egg Products,85.0,4.93,1.25,13.8,13.8,0.0,0.045,0.8,0.02,0.107,0.201,0.042,171.0,0.07,16.0,0.004,135.0,0.83,0.012,0.00053,0.011,1.3e-05,0.0049,0
yogurt,"fruit, low fat, 9 grams protein per 8 ounce",Dairy and Egg Products,99.0,3.98,1.15,18.64,18.64,0.0,0.037,0.6,0.02,0.086,0.162,0.034,138.0,0.06,13.0,0.064,109.0,0.67,0.011,0.00043,0.009,7.9e-05,0.0028,0
yogurt,"fruit, low fat, 10 grams protein per 8 ounce",Dairy and Egg Products,102.0,4.37,1.08,19.05,19.05,0.0,0.04,0.7,0.02,0.095,0.178,0.037,152.0,0.07,15.0,0.065,119.0,0.74,0.01,0.00047,0.009,8e-05,0.0031,0
yogurt,"fruit, low fat, 11 grams protein per 8 ounce",Dairy and Egg Products,105.0,4.86,1.41,18.6,0.0,0.0,0.045,0.7,0.0,0.105,0.198,0.041,169.0,0.07,16.0,0.065,133.0,0.82,0.0,0.00052,0.01,8e-05,0.0031,0
egg,"whole, raw, fresh",Dairy and Egg Products,143.0,12.56,9.51,0.72,0.37,0.0,0.17,0.0,1.05,0.075,0.457,0.04,56.0,1.75,12.0,0.028,198.0,1.29,0.16,0.00089,0.047,7.199999999999999e-05,0.0306999999999999,2
egg,"white, raw, fresh",Dairy and Egg Products,52.0,10.9,0.17,0.73,0.71,0.0,0.005,0.0,0.0,0.105,0.439,0.004,7.0,0.08,11.0,0.011,15.0,0.03,0.0,8.999999999999999e-05,0.004,2.3e-05,0.02,0
egg,"yolk, raw, fresh",Dairy and Egg Products,322.0,15.86,26.54,3.59,0.56,0.0,0.35,0.0,2.58,0.024,0.528,0.176,129.0,2.73,5.0,0.055,390.0,2.3,0.381,0.00195,0.146,7.7e-05,0.056,2
egg,"yolk, raw, frozen, pasteurized",Dairy and Egg Products,299.0,15.33,25.24,1.3,0.17,0.0,0.442,0.0,2.24,0.031,0.563,0.223,133.0,3.67,11.0,0.078,420.0,3.17,0.395,0.00164,0.151,2.4e-05,0.0564,2
egg,"yolk, raw, frozen, sugared, pasteurized",Dairy and Egg Products,307.0,13.87,22.82,10.95,10.3,0.0,0.398,0.0,2.25,0.037,0.523,0.14,124.0,3.7,10.0,0.08,404.0,3.06,0.316,0.00164,0.174,1.2e-05,0.0535,2
egg,"whole, cooked, fried",Dairy and Egg Products,196.0,13.61,14.84,0.83,0.4,0.0,0.184,0.0,1.31,0.082,0.495,0.044,62.0,1.89,13.0,0.03,215.0,1.39,0.219,0.0009699999999999,0.051,7.8e-05,0.0331,2
egg,"whole, cooked, hard-boiled",Dairy and Egg Products,155.0,12.58,10.61,1.12,1.12,0.0,0.121,0.0,1.03,0.064,0.513,0.066,50.0,1.19,10.0,0.026,172.0,1.05,0.149,0.00111,0.044,1.3e-05,0.0308,2
egg,"whole, cooked, omelet",Dairy and Egg Products,154.0,10.57,11.66,0.64,0.31,0.0,0.143,0.0,1.29,0.064,0.386,0.034,48.0,1.48,11.0,0.024,167.0,1.09,0.172,0.00076,0.039,6.3e-05,0.0258,2
egg,"whole, cooked, poached",Dairy and Egg Products,143.0,12.51,9.47,0.71,0.37,0.0,0.144,0.0,1.04,0.063,0.387,0.032,56.0,1.75,12.0,0.028,197.0,1.29,0.16,0.0007099999999999,0.035,7.199999999999999e-05,0.0306,2
egg,"whole, cooked, scrambled",Dairy and Egg Products,149.0,9.99,10.98,1.61,1.39,0.0,0.134,0.0,1.15,0.076,0.376,0.04,66.0,1.31,11.0,0.022,165.0,1.04,0.161,0.00076,0.036,5.9e-05,0.0235,0
egg,"whole, dried",Dairy and Egg Products,605.0,48.37,43.04,1.53,0.3,0.0,0.494,0.0,2.17,0.34,1.977,0.183,236.0,4.33,34.0,0.058,629.0,3.15,0.15,0.00339,0.119,0.000203,0.1646999999999999,2
egg,"whole, dried, stabilized, glucose reduced",Dairy and Egg Products,615.0,48.17,43.95,2.38,0.0,0.0,0.42,0.0,0.0,0.259,1.232,0.325,222.0,8.28,49.0,0.15,715.0,5.71,0.616,0.01051,0.193,0.00027,0.1211,2
egg,"white, dried, flakes, stabilized, glucose reduced",Dairy and Egg Products,351.0,76.92,0.04,4.17,0.0,0.0,0.023,0.0,0.0,0.675,2.162,0.035,83.0,0.23,67.0,0.07,83.0,0.15,0.0,0.00049,0.089,0.00023,0.1168,2
egg,"white, dried, powder, stabilized, glucose reduced",Dairy and Egg Products,376.0,82.4,0.04,4.47,0.0,0.0,0.024,0.0,0.0,0.723,2.316,0.037,89.0,0.24,72.0,0.05,89.0,0.16,0.0,0.00053,0.096,0.00017,0.1251,2
egg,"yolk, dried",Dairy and Egg Products,679.0,33.73,58.13,2.1,0.07,0.0,0.842,0.0,4.81,0.083,1.257,0.387,307.0,9.5,26.0,0.185,1040.0,7.73,0.785,0.0060199999999999,0.209,1.2e-05,0.1393,4
egg,"duck, whole, fresh, raw",Dairy and Egg Products,185.0,12.81,13.77,1.45,0.93,0.0,0.25,0.0,1.34,0.2,0.404,0.156,64.0,3.85,17.0,0.038,220.0,1.41,0.194,0.0054,0.08,6.2e-05,0.0364,2
egg,"goose, whole, fresh, raw",Dairy and Egg Products,185.0,13.87,13.27,1.35,0.94,0.0,0.236,0.0,1.29,0.189,0.382,0.147,60.0,3.64,16.0,0.038,208.0,1.33,0.187,0.0050999999999999,0.076,6.2e-05,0.0368999999999999,2
egg,"quail, whole, fresh, raw",Dairy and Egg Products,158.0,13.05,11.09,0.41,0.4,0.0,0.15,0.0,1.08,0.15,0.79,0.13,64.0,3.65,13.0,0.038,226.0,1.47,0.156,0.00158,0.066,6.2e-05,0.032,2
egg,"turkey, whole, fresh, raw",Dairy and Egg Products,171.0,13.68,11.88,1.15,0.0,0.0,0.131,0.0,0.0,0.024,0.47,0.11,99.0,4.1,13.0,0.038,170.0,1.58,0.166,0.0016899999999999,0.071,6.2e-05,0.0343,2
egg substitute,powder,Dairy and Egg Products,444.0,55.5,13.0,21.8,21.8,0.0,0.143,0.8,1.26,0.577,1.76,0.226,326.0,3.16,65.0,0.08,478.0,1.82,0.369,0.00352,0.125,0.000207,0.1277,2
butter,without salt,Dairy and Egg Products,717.0,0.85,81.11,0.06,0.06,0.0,0.003,0.0,2.32,0.042,0.034,0.005,24.0,0.02,2.0,0.004,24.0,0.09,0.684,0.00017,0.003,1.6e-05,0.001,4
cheese,"parmesan, shredded",Dairy and Egg Products,415.0,37.86,27.34,3.41,0.9,0.0,0.105,0.0,0.25,0.287,0.352,0.041,1253.0,0.87,51.0,0.023,735.0,3.19,0.229,0.0014,0.008,3.7e-05,0.0238999999999999,2
milk,"nonfat, fluid, without added vitamin A and vitamin D (fat free or skim)",Dairy and Egg Products,34.0,3.37,0.08,4.96,5.09,0.0,0.037,0.0,0.01,0.094,0.182,0.045,122.0,0.03,11.0,0.003,101.0,0.42,0.002,0.0005,0.005,1.3e-05,0.0031,0
milk,"reduced fat, fluid, 2% milkfat, with added nonfat milk solids, without added vitamin A",Dairy and Egg Products,56.0,3.95,1.98,5.49,0.0,0.0,0.046,1.1,0.0,0.101,0.194,0.045,143.0,0.06,15.0,0.002,112.0,0.41,0.017,0.00039,0.005,1.1e-05,0.0026,0
milk,"canned, evaporated, with added vitamin A",Dairy and Egg Products,134.0,6.81,7.56,10.04,0.0,0.0,0.05,1.9,0.0,0.194,0.316,0.047,261.0,0.19,24.0,0.006,203.0,0.77,0.0,0.00016,0.008,1.6e-05,0.0023,0
milk,"dry, nonfat, regular, with added vitamin A and vitamin D",Dairy and Egg Products,362.0,36.16,0.77,51.98,51.98,0.0,0.361,6.8,0.0,0.951,1.55,0.415,1257.0,0.32,110.0,0.02,968.0,4.08,0.653,0.00403,0.05,4.1e-05,0.0273,1
milk,"dry, nonfat, instant, without added vitamin A and vitamin D",Dairy and Egg Products,358.0,35.1,0.72,52.19,52.19,0.0,0.345,5.6,0.01,0.891,1.744,0.413,1231.0,0.31,117.0,0.02,985.0,4.41,0.004,0.00399,0.05,4.1e-05,0.0273,1
cheese,"goat, hard type",Dairy and Egg Products,452.0,30.52,35.59,2.17,2.17,0.0,0.08,0.0,0.31,2.4,1.19,0.14,895.0,1.88,54.0,0.252,729.0,1.59,0.486,0.0001199999999999,0.004,0.000627,0.0055,2
cheese,"goat, semisoft type",Dairy and Egg Products,364.0,21.58,29.84,0.12,0.12,0.0,0.06,0.0,0.26,1.148,0.676,0.072,298.0,1.62,29.0,0.093,375.0,0.66,0.407,0.00022,0.002,0.0005639999999999,0.0038,2
cheese,"goat, soft type",Dairy and Egg Products,264.0,18.52,21.08,0.0,0.0,0.0,0.25,0.0,0.18,0.43,0.38,0.07,140.0,1.9,16.0,0.1,256.0,0.92,0.288,0.00019,0.012,0.000732,0.0028,2
egg,"yolk, raw, frozen, salted, pasteurized",Dairy and Egg Products,275.0,14.07,22.93,1.77,0.07,0.0,0.402,0.0,2.28,0.027,0.427,0.14,113.0,3.4,7.0,0.065,414.0,2.87,0.313,0.00161,0.112,0.000121,0.0569,2
cheese substitute,mozzarella,Dairy and Egg Products,248.0,11.47,12.22,23.67,23.67,0.0,0.051,0.1,0.11,0.317,0.444,0.026,610.0,0.4,41.0,0.028,583.0,1.92,0.437,0.00081,0.011,0.00011,0.0192,0
cheese sauce,prepared from recipe,Dairy and Egg Products,197.0,10.33,14.92,5.48,0.19,0.1,0.045,0.6,0.09,0.204,0.243,0.044,311.0,0.35,19.0,0.04,229.0,1.26,0.082,0.00035,0.011,1.9e-05,0.0066,2
cheese,"mexican, queso anejo",Dairy and Egg Products,373.0,21.44,29.98,4.63,4.63,0.0,0.047,0.0,0.26,0.032,0.209,0.02,680.0,0.47,28.0,0.037,444.0,2.94,0.064,0.00138,0.001,8e-06,0.0145,2
cheese,"mexican, queso asadero",Dairy and Egg Products,356.0,22.6,28.26,2.87,2.87,0.0,0.053,0.0,0.24,0.181,0.223,0.021,661.0,0.51,26.0,0.036,443.0,3.02,0.055,0.001,0.008,2.6e-05,0.0145,2
cheese,"mexican, queso chihuahua",Dairy and Egg Products,374.0,21.56,29.68,5.56,5.56,0.0,0.055,0.0,0.26,0.15,0.225,0.018,651.0,0.47,23.0,0.071,442.0,3.5,0.056,0.00103,0.002,2.4e-05,0.0145,2
cheese,"low fat, cheddar or colby",Dairy and Egg Products,173.0,24.35,7.0,1.91,0.52,0.0,0.045,0.0,0.06,0.051,0.221,0.012,415.0,0.42,16.0,0.006,484.0,1.82,0.06,0.00049,0.011,2.1e-05,0.0145,2
cheese,"low-sodium, cheddar or colby",Dairy and Egg Products,398.0,24.35,32.62,1.91,0.49,0.0,0.076,0.0,0.28,0.086,0.375,0.021,703.0,0.72,27.0,0.011,484.0,3.09,0.264,0.00083,0.018,3.5999999999999994e-05,0.0145,2
egg,"whole, raw, frozen, pasteurized",Dairy and Egg Products,154.0,12.03,10.7,1.27,0.1,0.0,0.197,0.0,0.72,0.103,0.523,0.067,63.0,1.69,9.0,0.032,193.0,1.32,0.146,0.00116,0.087,2.5e-05,0.0372,2
egg,"white, raw, frozen, pasteurized",Dairy and Egg Products,46.0,9.3,0.04,1.26,0.2,0.0,0.004,0.0,0.0,0.093,0.423,0.023,10.0,0.17,11.0,0.007,13.0,0.07,0.0,0.0009,0.01,3.2e-05,0.0092,0
egg,"white, dried",Dairy and Egg Products,382.0,81.1,0.0,7.8,5.4,0.0,0.036,0.0,0.0,0.865,2.53,0.005,62.0,0.15,88.0,0.007,111.0,0.1,0.0,0.0001799999999999,0.018,0.000114,0.1251,2
milk,"reduced fat, fluid, 2% milkfat, without added vitamin A and vitamin D",Dairy and Egg Products,50.0,3.3,1.98,4.8,5.06,0.0,0.038,0.2,0.03,0.092,0.185,0.039,120.0,0.02,11.0,0.014,92.0,0.48,0.028,0.00053,0.005,6e-06,0.0025,0
milk,"fluid, 1% fat, without added vitamin A and vitamin D",Dairy and Egg Products,42.0,3.37,0.97,4.99,5.2,0.0,0.037,0.0,0.01,0.093,0.185,0.02,125.0,0.03,11.0,0.003,95.0,0.42,0.014,0.00047,0.005,1e-05,0.0033,0
sour cream,reduced fat,Dairy and Egg Products,181.0,7.0,14.1,7.0,0.3,0.0,0.02,0.9,0.4,0.07,0.24,0.04,141.0,0.06,11.0,0.0,85.0,0.27,0.119,0.0003,0.011,1e-05,0.0040999999999999,0
sour cream,light,Dairy and Egg Products,136.0,3.5,10.6,7.1,0.22,0.0,0.02,0.9,0.3,0.07,0.12,0.04,141.0,0.07,10.0,0.0,71.0,0.5,0.09,0.0004199999999999,0.011,1.6e-05,0.0031,0
sour cream,fat free,Dairy and Egg Products,74.0,3.1,0.0,15.6,0.39,0.0,0.02,0.0,0.0,0.07,0.15,0.04,125.0,0.0,10.0,0.0,95.0,0.5,0.073,0.0003,0.011,1.6e-05,0.0053,0
usda commodity,"cheese, cheddar, reduced fat",Dairy and Egg Products,282.0,27.2,18.3,2.0,0.58,0.0,0.084,0.0,0.16,0.06,0.3,0.03,905.0,0.13,35.0,0.0,583.0,4.3,0.15,0.00166,0.02,2.1e-05,0.0155,2
yogurt,"vanilla or lemon flavor, nonfat milk, sweetened with low-calorie sweetener",Dairy and Egg Products,43.0,3.86,0.18,7.5,7.5,0.0,0.037,1.1,0.0,0.086,0.162,0.034,143.0,0.12,13.0,0.0,109.0,0.67,0.002,0.00043,0.008,7.9e-05,0.0031,0
parmesan cheese topping,fat free,Dairy and Egg Products,370.0,40.0,5.0,40.0,1.5,0.0,0.1,0.0,0.04,0.2,0.05,0.05,800.0,5.0,40.0,0.0,700.0,3.0,0.04,0.0011,0.025,2e-05,0.0433,2
cheese,"cream, fat free",Dairy and Egg Products,105.0,15.69,1.0,7.66,5.48,0.0,0.05,0.0,0.02,0.23,0.265,0.04,351.0,0.19,22.0,0.017,523.0,1.5,0.011,0.00095,0.035,3.5999999999999994e-05,0.0049,2
yogurt,"chocolate, nonfat milk",Dairy and Egg Products,112.0,3.53,0.0,23.53,14.97,1.2,0.047,0.0,0.0,0.223,0.215,0.047,88.0,0.42,40.0,0.0,166.0,1.13,0.0,0.0005,0.012,0.0002089999999999,0.007,0
kraft cheez whiz pasteurized process cheese sauce,No_descr,Dairy and Egg Products,276.0,12.0,21.0,9.2,6.7,0.3,0.0,0.4,0.0,0.0,0.24,0.0,359.0,0.19,0.0,0.0,806.0,1.64,0.0,0.0,0.0,0.0,0.0,2
kraft cheez whiz light pasteurized process cheese product,No_descr,Dairy and Egg Products,215.0,16.3,9.5,16.2,8.2,0.2,0.0,0.4,0.0,0.0,0.33,0.0,418.0,0.16,0.0,0.0,943.0,2.36,0.0,0.0,0.0,0.0,0.0,2
kraft free singles american nonfat pasteurized process cheese product,No_descr,Dairy and Egg Products,148.0,22.7,1.0,11.7,6.7,0.2,0.0,0.2,0.0,0.0,0.28,0.0,712.0,0.05,0.0,0.0,923.0,2.5,0.0,0.0,0.0,0.0,0.0,2
kraft velveeta pasteurized process cheese spread,No_descr,Dairy and Egg Products,303.0,16.3,22.0,9.8,8.1,0.0,0.0,0.2,0.0,0.0,0.35,0.0,466.0,0.18,0.0,0.0,863.0,1.84,0.0,0.0,0.0,0.0,0.0,2
kraft velveeta light reduced fat pasteurized process cheese product,No_descr,Dairy and Egg Products,222.0,19.6,10.6,11.8,8.5,0.0,0.0,0.1,0.0,0.0,0.65,0.0,574.0,0.14,0.0,0.0,1024.0,2.49,0.0,0.0,0.0,0.0,0.0,2
kraft breakstone's reduced fat sour cream,No_descr,Dairy and Egg Products,152.0,4.5,12.0,6.5,6.4,0.1,0.0,1.1,0.0,0.0,0.0,0.0,161.0,0.06,0.0,0.0,110.0,0.0,0.0,0.0,0.0,0.0,0.0,0
kraft breakstone's free fat free sour cream,No_descr,Dairy and Egg Products,91.0,4.7,1.3,15.1,7.2,0.0,0.0,1.2,0.0,0.0,0.0,0.0,141.0,0.05,0.0,0.0,116.0,0.0,0.0,0.0,0.0,0.0,0.0,0
cream,"half and half, fat free",Dairy and Egg Products,59.0,2.6,1.4,9.0,5.0,0.0,0.062,0.7,0.04,0.124,0.237,0.056,96.0,0.0,16.0,0.002,151.0,0.81,0.012,0.00052,0.004,1.6e-05,0.0029,0
reddi wip fat free whipped topping,No_descr,Dairy and Egg Products,149.0,3.0,5.0,25.0,16.0,0.4,0.123,0.0,0.09,0.364,0.619,0.148,108.0,0.03,8.0,0.0,68.0,0.31,0.049,0.00148,0.017,1.9e-05,0.003,0
milk,"chocolate, fluid, commercial, reduced fat, with added calcium",Dairy and Egg Products,78.0,2.99,1.9,12.13,9.55,0.7,0.024,0.0,0.04,0.164,0.565,0.045,194.0,0.24,14.0,0.062,76.0,0.39,0.064,0.00033,0.002,7.5e-05,0.0034,0
yogurt,"fruit, lowfat, with low calorie sweetener",Dairy and Egg Products,105.0,4.86,1.41,18.6,2.9,0.0,0.045,0.7,0.06,0.105,0.18,0.041,152.0,0.07,16.0,0.065,133.0,0.82,0.131,0.00052,0.01,8e-05,0.0031,0
cheese,"parmesan, dry grated, reduced fat",Dairy and Egg Products,265.0,20.0,20.0,1.37,0.0,0.0,0.049,0.0,0.17,0.114,0.486,0.029,1109.0,0.9,38.0,0.085,729.0,3.87,0.16,0.00226,0.01,0.0002379999999999,0.0177,2
cream substitute,"flavored, liquid",Dairy and Egg Products,251.0,0.69,13.5,35.07,33.04,1.1,0.004,0.0,1.58,0.091,0.024,0.004,6.0,0.59,19.0,0.142,28.0,0.25,0.0,0.0,0.001,0.0001419999999999,0.0007,1
cream substitute,"flavored, powdered",Dairy and Egg Products,482.0,0.68,21.47,75.42,58.01,1.2,0.004,0.0,0.41,0.084,0.027,0.004,5.0,0.63,17.0,0.14,28.0,0.23,0.0,0.0,0.001,0.000135,0.0013,1
cheese,"provolone, reduced fat",Dairy and Egg Products,274.0,24.7,17.6,3.5,0.55,0.0,0.073,0.0,0.15,0.156,0.321,0.019,756.0,0.52,28.0,0.01,496.0,3.23,0.141,0.00146,0.01,2.6e-05,0.0145,2
cheese,"Mexican, blend, reduced fat",Dairy and Egg Products,282.0,24.69,19.4,3.41,0.56,0.0,0.084,0.0,0.17,0.06,0.3,0.03,1146.0,0.13,35.0,0.0,583.0,4.3,0.155,0.00166,0.02,2.1e-05,0.0155,2
egg mix,USDA Commodity,Dairy and Egg Products,555.0,35.6,34.5,23.97,2.46,0.0,0.207,0.0,2.04,0.267,1.277,0.19,171.0,3.23,11.0,0.056,451.0,2.76,0.117,0.0029,0.138,0.000149,0.118,2
milk,"whole, 3.25% milkfat, without added vitamin A and vitamin D",Dairy and Egg Products,61.0,3.15,3.27,4.78,5.05,0.0,0.036,0.0,0.07,0.089,0.169,0.046,113.0,0.03,10.0,0.004,84.0,0.37,0.046,0.00045,0.005,2.5e-05,0.0037,0
milk,"dry, whole, without added vitamin D",Dairy and Egg Products,496.0,26.32,26.71,38.42,38.42,0.0,0.302,8.6,0.58,0.646,1.205,0.283,912.0,0.47,85.0,0.04,776.0,3.34,0.258,0.00325,0.037,8e-05,0.0163,1
milk,"canned, evaporated, without added vitamin A and vitamin D",Dairy and Egg Products,135.0,6.81,7.56,10.04,10.04,0.0,0.05,1.9,0.16,0.194,0.316,0.047,261.0,0.19,24.0,0.006,203.0,0.77,0.065,0.00016,0.008,1.6e-05,0.0023,0
cheese product,"pasteurized process, American, reduced fat, fortified with vitamin D",Dairy and Egg Products,240.0,17.6,14.1,10.6,8.02,0.0,0.08,0.0,0.27,0.18,0.48,0.07,529.0,0.2,33.0,0.0,829.0,2.36,0.25,0.00111,0.018,3e-05,0.0124,2
yogurt,"fruit, low fat, 9 grams protein per 8 ounce, fortified with vitamin D",Dairy and Egg Products,99.0,3.98,1.15,18.64,18.64,0.0,0.037,0.6,0.02,0.086,0.162,0.034,138.0,0.06,13.0,0.064,109.0,0.67,0.011,0.00043,0.009,7.9e-05,0.0028,0
yogurt,"fruit, low fat, 10 grams protein per 8 ounce, fortified with vitamin D",Dairy and Egg Products,102.0,4.37,1.08,19.05,19.05,0.0,0.04,0.7,0.02,0.095,0.178,0.037,152.0,0.07,15.0,0.065,119.0,0.74,0.01,0.00047,0.009,8e-05,0.0031,0
yogurt,"fruit variety, nonfat, fortified with vitamin D",Dairy and Egg Products,95.0,4.4,0.2,19.0,19.0,0.0,0.04,0.7,0.06,0.1,0.18,0.04,152.0,0.07,15.0,0.035,119.0,0.74,0.002,0.00047,0.009,1.1e-05,0.006,0
yogurt,"fruit, lowfat, with low calorie sweetener, fortified with vitamin D",Dairy and Egg Products,105.0,4.86,1.41,18.6,2.9,0.0,0.045,0.7,0.06,0.105,0.18,0.041,152.0,0.07,16.0,0.065,133.0,0.82,0.131,0.00052,0.01,8e-05,0.0031,0
yogurt,"vanilla, low fat, 11 grams protein per 8 ounce, fortified with vitamin D",Dairy and Egg Products,85.0,4.93,1.25,13.8,13.8,0.0,0.045,0.8,0.02,0.107,0.201,0.042,171.0,0.07,16.0,0.004,135.0,0.83,0.012,0.00053,0.011,1.3e-05,0.0049,0
yogurt,"vanilla or lemon flavor, nonfat milk, sweetened with low-calorie sweetener, fortified with vitamin D",Dairy and Egg Products,43.0,3.86,0.18,7.5,7.5,0.0,0.037,1.1,0.0,0.086,0.162,0.034,143.0,0.12,13.0,0.0,109.0,0.67,0.002,0.00043,0.008,7.9e-05,0.0031,0
yogurt,"chocolate, nonfat milk, fortified with vitamin D",Dairy and Egg Products,112.0,3.53,0.0,23.53,14.97,1.2,0.047,0.0,0.0,0.223,0.215,0.047,88.0,0.42,40.0,0.0,166.0,1.13,0.0,0.0005,0.012,0.0002089999999999,0.007,0
protein supplement,"milk based, Muscle Milk, powder",Dairy and Egg Products,411.0,45.71,17.14,18.5,5.71,7.1,1.0,30.0,7.07,10.0,0.857,0.714,500.0,8.57,200.0,0.0,643.0,7.14,0.75,0.003,0.34,0.001,0.0338,2
protein supplement,"milk based, Muscle Milk Light, powder",Dairy and Egg Products,396.0,50.0,12.0,22.0,4.0,2.0,1.4,42.0,9.45,14.0,1.2,1.0,1200.0,12.0,280.0,0.0,700.0,10.0,1.05,0.0042,0.476,0.0014,0.0338,2
dulce de leche,No_descr,Dairy and Egg Products,315.0,6.84,7.35,55.35,49.74,0.0,0.016,2.6,0.2,0.21,0.405,0.016,251.0,0.17,22.0,0.002,193.0,0.79,0.074,0.00031,0.011,4e-06,0.0027,1
egg substitute,"liquid or frozen, fat free",Dairy and Egg Products,48.0,10.0,0.0,2.0,2.0,0.0,0.133,0.5,1.59,0.14,0.386,0.12,73.0,1.98,15.0,0.006,72.0,0.98,0.011,0.00034,0.016,2.2e-05,0.0412999999999999,0
cheese,"dry white, queso seco",Dairy and Egg Products,325.0,24.51,24.35,2.04,0.55,0.0,0.091,0.0,0.49,0.083,0.23,0.038,661.0,0.18,27.0,0.018,475.0,3.28,0.226,0.0017,0.0,2.7e-05,0.0224,2
cheese,"fresh, queso fresco",Dairy and Egg Products,299.0,18.09,23.82,2.98,2.32,0.0,0.076,0.0,0.37,0.027,0.173,0.042,566.0,0.2,24.0,0.014,385.0,2.58,0.224,0.0016799999999999,0.007,3.3e-05,0.0193,2
cheese,"white, queso blanco",Dairy and Egg Products,310.0,20.38,24.31,2.53,1.76,0.0,0.086,0.0,0.47,0.035,0.23,0.048,690.0,0.18,29.0,0.021,467.0,3.06,0.157,0.00175,0.0,2.5e-05,0.0138,2
milk,"buttermilk, fluid, whole",Dairy and Egg Products,62.0,3.21,3.31,4.88,4.88,0.0,0.036,0.0,0.07,0.09,0.172,0.047,115.0,0.03,10.0,0.004,85.0,0.38,0.047,0.00046,0.005,2.5e-05,0.0037,0
yogurt,"vanilla flavor, lowfat milk, sweetened with low calorie sweetener",Dairy and Egg Products,86.0,4.93,1.25,13.8,5.43,0.0,0.045,0.8,0.02,0.107,0.201,0.042,171.0,0.07,16.0,0.004,135.0,0.83,0.012,0.00053,0.011,1.3e-05,0.0049,0
yogurt,"frozen, flavors not chocolate, nonfat milk, with low-calorie sweetener",Dairy and Egg Products,104.0,4.4,0.8,19.7,12.61,2.0,0.04,0.7,0.08,0.2,0.18,0.04,159.0,0.04,40.0,0.0,129.0,0.49,0.002,0.00049,0.012,0.000203,0.0028,0
ice cream,"soft serve, chocolate",Dairy and Egg Products,222.0,4.1,13.0,22.2,21.16,0.7,0.048,0.8,0.61,0.095,0.182,0.049,131.0,0.21,12.0,0.005,116.0,0.52,0.162,0.0005,0.009,3e-05,0.003,0
ice cream,"bar or stick, chocolate covered",Dairy and Egg Products,331.0,4.1,24.1,24.5,18.3,0.8,0.043,0.0,0.42,0.175,0.261,0.062,119.0,0.29,28.0,0.078,173.0,0.82,0.019,0.00049,0.007,7.6e-05,0.0024,0
ice cream sandwich,No_descr,Dairy and Egg Products,237.0,4.29,8.57,37.14,18.57,0.0,0.028,0.0,0.4,1.566,0.146,0.111,86.0,0.26,29.0,0.381,72.0,0.6,0.086,5e-05,0.053,0.000254,0.0031,0
ice cream cookie sandwich,No_descr,Dairy and Egg Products,240.0,3.7,7.4,39.6,21.3,1.2,0.028,0.0,0.4,0.237,0.03,0.03,73.0,1.1,16.0,0.225,54.0,0.32,0.037,1e-05,0.005,0.000106,0.0031,0
ice cream cone,"chocolate covered, with nuts, flavors other than chocolate",Dairy and Egg Products,354.0,5.21,21.88,34.38,25.0,1.0,0.046,0.0,0.18,0.829,0.252,0.108,63.0,0.0,29.0,0.194,108.0,0.86,0.032,0.0003599999999999,0.035,0.000128,0.0026,1
ice cream sandwich,"made with light ice cream, vanilla",Dairy and Egg Products,186.0,4.29,3.04,39.64,17.86,0.0,0.01,0.0,0.14,0.555,0.052,0.039,30.0,0.09,10.0,0.0,26.0,0.21,0.096,2e-05,0.019,8.999999999999999e-05,0.0011,0
ice cream sandwich,"vanilla, light, no sugar added",Dairy and Egg Products,200.0,5.71,2.86,42.86,6.58,7.1,0.01,0.0,0.14,0.555,0.052,0.039,86.0,0.0,10.0,0.0,26.0,0.21,0.129,2e-05,0.019,8.999999999999999e-05,0.0011,3
fat free ice cream,"no sugar added, flavors other than chocolate",Dairy and Egg Products,129.0,4.41,0.0,27.94,8.82,7.4,0.029,0.0,0.0,0.074,0.122,0.029,147.0,0.0,9.0,0.0,75.0,0.31,0.133,0.00052,0.004,3e-05,0.0019,0
milk dessert bar,"frozen, made from lowfat milk",Dairy and Egg Products,147.0,4.41,1.47,33.09,22.06,6.6,0.023,0.9,0.2,0.126,0.129,0.023,184.0,0.53,20.0,0.0,83.0,0.43,0.071,0.00014,0.004,0.000103,0.0022,0
nutritional supplement for people with diabetes,liquid,Dairy and Egg Products,88.0,4.4,3.08,11.88,2.64,2.2,0.22,26.4,1.46,2.201,0.187,0.165,110.0,1.98,44.0,0.097,110.0,1.65,0.165,0.00066,0.075,0.00022,0.0077,0
cheese,Mexican blend,Dairy and Egg Products,358.0,23.54,28.51,1.75,1.23,0.0,0.061,0.0,0.25,0.114,0.318,0.023,659.0,0.59,25.0,0.022,438.0,3.01,0.174,0.00123,0.013,2.5e-05,0.015,2
dairy,"Cheese product, pasteurized process, American, vitamin D fortified",Dairy and Egg Products,308.0,17.62,22.49,8.7,6.47,0.0,0.124,0.0,1.13,0.17,0.387,0.04,1652.0,1.11,33.0,0.057,948.0,2.21,0.257,0.00149,0.018,3.7e-05,0.0173,2
cheese,"pasteurized process, American, without added vitamin D",Dairy and Egg Products,371.0,18.13,31.79,3.7,2.26,0.0,0.054,0.0,0.8,0.076,0.234,0.015,1045.0,0.63,26.0,0.041,641.0,2.49,0.25,0.0015,0.008,4.6e-05,0.0202,2
cheese food,"pasteurized process, American, without added vitamin D",Dairy and Egg Products,330.0,16.86,25.63,8.56,5.59,0.0,0.102,0.0,0.63,0.155,0.36,0.035,682.0,0.26,27.0,0.025,438.0,2.31,0.24,0.00133,0.007,3.4e-05,0.0196,2
egg,"whole, raw, frozen, salted, pasteurized",Dairy and Egg Products,138.0,10.97,10.07,0.83,0.07,0.0,0.226,0.0,0.8,0.077,0.443,0.06,55.0,1.71,9.0,0.033,186.0,1.3,0.149,0.00121,0.069,6.4e-05,0.0304,0
yogurt,"Greek, plain, nonfat",Dairy and Egg Products,59.0,10.19,0.39,3.6,3.24,0.0,0.063,0.0,0.01,0.208,0.278,0.023,110.0,0.07,11.0,0.009,135.0,0.52,0.001,0.00075,0.007,1.7e-05,0.0096999999999999,0
egg,"white, dried, stabilized, glucose reduced",Dairy and Egg Products,362.0,84.63,0.48,4.72,0.0,0.0,0.037,0.0,0.0,0.773,3.71,0.0,104.0,0.23,82.0,0.0,104.0,0.13,0.0,0.00019,0.0,0.000128,0.192,2
cheese spread,"American or Cheddar cheese base, reduced fat",Dairy and Egg Products,176.0,13.41,8.88,10.71,7.06,0.0,0.099,0.0,0.46,0.153,0.442,0.038,557.0,0.36,27.0,0.026,931.0,1.81,0.185,0.00117,0.0,3.2e-05,0.0155,2
cheese,"cheddar, reduced fat",Dairy and Egg Products,309.0,27.35,20.41,4.06,0.26,0.0,0.084,0.0,0.48,0.145,0.397,0.021,761.0,0.12,27.0,0.031,520.0,4.44,0.145,0.00141,0.02,4.3e-05,0.0358,2
ice cream,"light, soft serve, chocolate",Dairy and Egg Products,141.0,3.36,3.69,23.15,19.46,0.0,0.038,0.0,0.08,0.186,0.124,0.033,134.0,0.6,36.0,0.212,113.0,0.67,0.091,0.00026,0.026,0.000217,0.0023,0
ice cream bar,"stick or nugget, with crunch coating",Dairy and Egg Products,358.0,2.11,25.26,37.12,21.05,1.1,0.106,0.0,2.25,0.548,0.069,0.043,63.0,0.0,11.0,0.0,57.0,0.32,0.035,8.999999999999999e-05,0.003,3.1e-05,0.004,1
cheese,"cheddar, nonfat or fat free",Dairy and Egg Products,157.0,32.14,0.0,7.14,0.0,0.0,0.045,0.0,0.06,0.051,0.221,0.012,893.0,0.0,16.0,0.0,484.0,1.82,0.06,0.00049,0.011,2.1e-05,0.0145,2
cheese,"Swiss, nonfat or fat free",Dairy and Egg Products,127.0,28.4,0.0,3.4,1.33,0.0,0.08,0.0,0.07,0.09,0.36,0.02,961.0,0.17,36.0,0.0,605.0,3.9,0.04,0.0016799999999999,0.006,2.7e-05,0.0127,2
queso cotija,No_descr,Dairy and Egg Products,366.0,20.0,30.0,3.97,0.0,0.0,0.049,0.0,0.25,0.114,0.486,0.029,800.0,0.0,38.0,0.0,729.0,3.87,0.229,0.00226,0.01,0.0002379999999999,0.0177,2
cheese,"cheddar, sharp, sliced",Dairy and Egg Products,410.0,24.25,33.82,2.13,0.27,0.0,0.075,0.0,0.78,0.039,0.434,0.027,711.0,0.16,27.0,0.024,460.0,3.74,0.263,0.00088,0.027,3.5000000000000004e-05,0.0283,2
cheese,"mozzarella, low moisture, part-skim, shredded",Dairy and Egg Products,304.0,23.63,19.72,8.06,2.24,0.0,0.111,0.0,0.49,0.151,0.367,0.029,716.0,0.23,29.0,0.041,537.0,3.61,0.254,0.00133,0.027,3.4e-05,0.0268,2
yogurt,"Greek, non fat, vanilla, CHOBANI",Dairy and Egg Products,71.0,9.07,0.22,8.09,7.61,0.3,0.053,0.0,0.0,0.217,0.233,0.028,106.0,0.05,11.0,0.008,126.0,0.49,0.0,0.0007,0.0,1.9e-05,0.0106,0
yogurt,"Greek, strawberry, DANNON OIKOS",Dairy and Egg Products,106.0,8.25,2.92,11.67,11.0,1.0,0.05,0.0,0.0,0.21,0.227,0.036,86.0,0.07,10.0,0.034,110.0,0.39,0.001,0.00056,0.0,1.7999999999999997e-05,0.0095,0
yogurt,"Greek, non fat, vanilla, DANNON OIKOS",Dairy and Egg Products,85.0,8.12,0.14,12.72,11.4,0.5,0.047,0.0,0.0,0.187,0.26,0.033,89.0,0.04,10.0,0.009,112.0,0.4,0.0,0.00066,0.0,1.7e-05,0.0081999999999999,0
yogurt,"Greek, non fat, strawberry, DANNON OIKOS",Dairy and Egg Products,84.0,8.03,0.22,12.53,11.63,0.4,0.051,0.2,0.0,0.22,0.217,0.033,94.0,0.06,11.0,0.029,114.0,0.45,0.0,0.0005899999999999,0.0,1.7e-05,0.0089,0
yogurt,"Greek, non fat, strawberry, CHOBANI",Dairy and Egg Products,80.0,8.03,0.12,11.62,10.86,0.7,0.05,0.3,0.0,0.213,0.28,0.031,99.0,0.12,10.0,0.033,112.0,0.44,0.0,0.00045,0.0,1.9e-05,0.0095,0
spices,"allspice, ground",Spices and Herbs,263.0,6.09,8.69,72.12,0.0,21.6,0.21,39.2,0.0,2.86,0.063,0.101,661.0,7.06,135.0,2.943,113.0,1.01,0.027,0.0,0.036,0.000553,0.0027,3
spices,anise seed,Spices and Herbs,337.0,17.6,15.9,50.02,0.0,14.6,0.65,21.0,0.0,3.06,0.29,0.34,646.0,36.96,170.0,2.3,440.0,5.3,0.016,0.0,0.01,0.00091,0.005,3
spices,"basil, dried",Spices and Herbs,233.0,22.98,4.07,47.75,1.71,37.7,1.34,0.8,10.7,4.9,1.2,0.08,2240.0,89.8,711.0,9.8,274.0,7.1,0.037,0.0,0.31,0.0021,0.003,3
spices,bay leaf,Spices and Herbs,313.0,7.61,8.36,74.97,0.0,26.3,1.74,46.5,0.0,2.005,0.421,0.009,834.0,43.0,120.0,8.167,113.0,3.7,0.309,0.0,0.18,0.000416,0.0028,3
spices,caraway seed,Spices and Herbs,333.0,19.77,14.59,49.9,0.64,38.0,0.36,21.0,2.5,3.606,0.379,0.383,689.0,16.23,258.0,1.3,568.0,5.5,0.018,0.0,0.01,0.00091,0.0121,3
spices,cardamom,Spices and Herbs,311.0,10.76,6.7,68.47,0.0,28.0,0.23,21.0,0.0,1.102,0.182,0.198,383.0,13.97,229.0,28.0,178.0,7.47,0.0,0.0,0.0,0.000383,0.0,3
spices,celery seed,Spices and Herbs,392.0,18.07,25.27,41.35,0.67,11.8,0.89,17.1,1.07,3.06,0.29,0.34,1767.0,44.9,440.0,7.567,547.0,6.93,0.003,0.0,0.01,0.00137,0.0121,3
spices,"chervil, dried",Spices and Herbs,237.0,23.2,3.9,49.1,0.0,11.3,0.93,50.0,0.0,5.4,0.68,0.38,1346.0,31.95,130.0,2.1,450.0,8.8,0.293,0.0,0.274,0.00044,0.0293,3
spices,chili powder,Spices and Herbs,282.0,13.46,14.28,49.7,7.19,34.8,2.094,0.7,38.14,11.6,0.94,0.25,330.0,17.3,149.0,1.7,300.0,4.3,1.483,0.0,0.028,0.001,0.0203999999999999,3
spices,"cinnamon, ground",Spices and Herbs,247.0,3.99,1.24,80.59,2.17,53.1,0.158,3.8,2.32,1.332,0.041,0.022,1002.0,8.32,60.0,17.466,64.0,1.83,0.015,0.0,0.006,0.000339,0.0031,3
spices,"cloves, ground",Spices and Herbs,274.0,5.97,13.0,65.53,2.38,33.9,0.391,0.2,8.82,1.56,0.22,0.158,632.0,11.83,259.0,60.127,104.0,2.32,0.008,0.0,0.025,0.000368,0.0072,3
spices,"coriander leaf, dried",Spices and Herbs,279.0,21.93,4.78,52.1,7.27,10.4,0.61,566.7,1.03,10.707,1.5,1.252,1246.0,42.46,694.0,6.355,481.0,4.72,0.293,0.0,0.274,0.001786,0.0293,3
spices,coriander seed,Spices and Herbs,298.0,12.37,17.77,54.99,0.0,41.9,0.0,21.0,0.0,2.13,0.29,0.239,709.0,16.32,330.0,1.9,409.0,4.7,0.0,0.0,0.0,0.000975,0.0261999999999999,3
spices,cumin seed,Spices and Herbs,375.0,17.81,22.27,44.24,2.25,10.5,0.435,7.7,3.33,4.579,0.327,0.628,931.0,66.36,366.0,3.333,499.0,4.8,0.064,0.0,0.01,0.000867,0.0052,3
spices,curry powder,Spices and Herbs,325.0,14.29,14.01,55.83,2.76,53.2,0.105,0.7,25.24,3.26,0.2,0.176,525.0,19.1,255.0,8.3,367.0,4.7,0.001,0.0,0.056,0.0012,0.0402999999999999,3
spices,dill seed,Spices and Herbs,305.0,15.98,14.54,55.17,0.0,21.1,0.25,21.0,0.0,2.807,0.284,0.418,1516.0,16.33,256.0,1.833,277.0,5.2,0.003,0.0,0.01,0.00078,0.0121,3
spices,"dill weed, dried",Spices and Herbs,253.0,19.96,4.36,55.82,0.0,13.6,1.71,50.0,0.0,2.807,0.284,0.418,1784.0,48.78,451.0,3.95,543.0,3.3,0.293,0.0,0.0,0.00049,0.0,3
spices,fennel seed,Spices and Herbs,345.0,15.8,14.87,52.29,0.0,39.8,0.47,21.0,0.0,6.05,0.353,0.408,1196.0,18.54,385.0,6.533,487.0,3.7,0.007,0.0,0.0,0.001067,0.0,3
spices,fenugreek seed,Spices and Herbs,323.0,23.0,6.41,58.35,0.0,24.6,0.6,3.0,0.0,1.64,0.366,0.322,176.0,33.53,191.0,1.228,296.0,2.5,0.003,0.0,0.057,0.00111,0.0063,3
spices,garlic powder,Spices and Herbs,331.0,16.55,0.73,72.73,2.43,9.0,1.654,1.2,0.67,0.796,0.141,0.435,79.0,5.65,77.0,0.979,414.0,2.99,0.0,0.0,0.047,0.000533,0.0238999999999999,3
spices,"ginger, ground",Spices and Herbs,335.0,8.98,4.24,71.62,3.39,14.1,0.626,0.7,0.0,9.62,0.17,0.046,114.0,19.8,214.0,33.3,168.0,3.64,0.002,0.0,0.013,0.0004799999999999,0.0557999999999999,3
spices,"mace, ground",Spices and Herbs,475.0,6.71,32.38,50.5,0.0,20.2,0.16,21.0,0.0,1.35,0.448,0.312,252.0,13.9,163.0,1.5,110.0,2.3,0.04,0.0,0.076,0.002467,0.0027,3
spices,"marjoram, dried",Spices and Herbs,271.0,12.66,7.04,60.56,4.09,40.3,1.19,51.4,1.69,4.12,0.316,0.289,1990.0,82.71,346.0,5.433,306.0,3.6,0.403,0.0,0.274,0.001133,0.0045,3
spices,"mustard seed, ground",Spices and Herbs,508.0,26.08,36.24,28.09,6.79,12.2,0.397,7.1,5.07,4.733,0.261,0.805,266.0,9.21,370.0,2.448,828.0,6.08,0.002,0.0,0.162,0.000645,0.2081,3
spices,"nutmeg, ground",Spices and Herbs,525.0,5.84,36.31,49.29,2.99,20.8,0.16,3.0,0.0,1.299,0.057,0.346,184.0,3.04,183.0,2.9,213.0,2.15,0.005,0.0,0.076,0.001027,0.0016,3
spices,onion powder,Spices and Herbs,341.0,10.41,1.04,79.12,6.63,15.2,0.718,23.4,0.27,0.321,0.08,0.457,384.0,3.9,113.0,1.3,322.0,4.05,0.0,0.0,0.064,0.0005899999999999,0.0143,3
spices,"oregano, dried",Spices and Herbs,265.0,9.0,4.28,68.92,4.09,42.5,1.044,2.3,18.26,4.64,0.528,0.177,1597.0,36.8,270.0,4.99,148.0,2.69,0.085,0.0,0.237,0.000633,0.0045,3
spices,paprika,Spices and Herbs,282.0,14.14,12.89,53.99,10.34,34.9,2.141,0.9,29.1,10.06,1.23,0.33,229.0,21.14,178.0,1.59,314.0,4.33,2.463,0.0,0.049,0.000713,0.0063,3
spices,"parsley, dried",Spices and Herbs,292.0,26.63,5.48,50.64,7.27,26.7,0.9,125.0,8.96,9.943,2.383,0.196,1140.0,22.04,400.0,9.81,436.0,5.44,0.097,0.0,0.18,0.00078,0.0141,3
spices,"pepper, black",Spices and Herbs,251.0,10.39,3.26,63.95,0.64,25.3,0.291,0.0,1.04,1.143,0.18,0.108,443.0,9.71,171.0,12.753,158.0,1.19,0.027,0.0,0.017,0.00133,0.0049,3
spices,"pepper, red or cayenne",Spices and Herbs,318.0,12.01,17.27,56.63,10.34,27.2,2.45,76.4,29.83,8.701,0.919,0.328,148.0,7.8,152.0,2.0,293.0,2.48,2.081,0.0,0.106,0.000373,0.0088,3
spices,"pepper, white",Spices and Herbs,296.0,10.4,2.12,68.61,0.0,26.2,0.1,21.0,0.0,0.212,0.126,0.022,265.0,14.31,90.0,4.3,176.0,1.13,0.0,0.0,0.01,0.00091,0.0031,3
spices,poppy seed,Spices and Herbs,525.0,17.99,41.56,28.13,2.99,19.5,0.247,1.0,1.77,0.896,0.1,0.854,1438.0,9.76,347.0,6.707,870.0,7.9,0.0,0.0,0.082,0.001627,0.0135,3
spices,poultry seasoning,Spices and Herbs,307.0,9.59,7.53,65.59,1.8,11.3,1.32,12.0,1.32,2.97,0.191,0.264,996.0,35.3,224.0,6.857,171.0,3.14,0.132,0.0,0.138,0.000843,0.0072,3
spices,pumpkin pie spice,Spices and Herbs,342.0,5.76,12.6,69.28,7.76,14.8,0.4,23.4,1.93,2.243,0.137,0.131,682.0,19.71,136.0,15.844,118.0,2.37,0.013,0.0,0.024,0.000484,0.0093,3
spices,"rosemary, dried",Spices and Herbs,331.0,4.88,15.22,64.06,0.0,42.6,1.74,61.2,0.0,1.0,0.428,0.514,1280.0,29.25,220.0,1.867,70.0,3.23,0.156,0.0,0.307,0.00055,0.0046,3
spices,saffron,Spices and Herbs,310.0,11.43,5.85,65.37,0.0,3.9,1.01,80.8,0.0,1.46,0.267,0.115,111.0,11.1,264.0,28.408,252.0,1.09,0.027,0.0,0.093,0.000328,0.0056,3
spices,"sage, ground",Spices and Herbs,315.0,10.63,12.75,60.73,1.71,40.3,2.69,32.4,7.48,5.72,0.336,0.754,1652.0,28.12,428.0,3.133,91.0,4.7,0.295,0.0,0.274,0.000757,0.0037,3
spices,"savory, ground",Spices and Herbs,272.0,6.73,5.91,68.73,0.0,45.7,1.81,50.0,0.0,4.08,0.0,0.366,2132.0,37.88,377.0,6.1,140.0,4.3,0.257,0.0,0.0,0.000847,0.0046,3
spices,"tarragon, dried",Spices and Herbs,295.0,22.77,7.24,50.22,0.0,7.4,2.41,50.0,0.0,8.95,1.339,0.251,1139.0,32.3,347.0,7.967,313.0,3.9,0.21,0.0,0.274,0.000677,0.0044,3
spices,"thyme, dried",Spices and Herbs,276.0,9.11,7.43,63.94,1.71,37.0,0.55,50.0,7.48,4.94,0.399,0.513,1890.0,123.6,220.0,7.867,201.0,6.18,0.19,0.0,0.274,0.00086,0.0046,3
spices,"turmeric, ground",Spices and Herbs,312.0,9.68,3.25,67.14,3.21,22.7,0.107,0.7,4.43,1.35,0.15,0.058,168.0,55.0,208.0,19.8,299.0,4.5,0.0,0.0,0.02,0.0013,0.0062,3
basil,fresh,Spices and Herbs,23.0,3.15,0.64,2.65,0.3,1.6,0.155,18.0,0.8,0.902,0.076,0.034,177.0,3.17,64.0,1.148,56.0,0.81,0.264,0.0,0.068,0.000385,0.0003,0
dill weed,fresh,Spices and Herbs,43.0,3.46,1.12,7.02,0.0,2.1,0.185,85.0,0.0,1.57,0.296,0.058,208.0,6.59,55.0,1.264,66.0,0.91,0.386,0.0,0.15,0.000146,0.0,0
mustard,"prepared, yellow",Spices and Herbs,60.0,3.74,3.34,5.83,0.92,4.0,0.07,0.3,0.36,0.565,0.07,0.177,63.0,1.61,48.0,0.422,108.0,0.64,0.005,0.0,0.007,7.4e-05,0.0335,0
salt,table,Spices and Herbs,0.0,0.0,0.0,0.0,0.0,0.0,0.0,0.0,0.0,0.0,0.0,0.0,24.0,0.33,1.0,0.1,0.0,0.1,0.0,0.0,0.0,3e-05,0.0001,0
vinegar,cider,Spices and Herbs,21.0,0.0,0.0,0.93,0.4,0.0,0.0,0.0,0.0,0.0,0.0,0.0,7.0,0.2,5.0,0.249,8.0,0.04,0.0,0.0,0.0,8e-06,0.0001,0
thyme,fresh,Spices and Herbs,101.0,5.56,1.68,24.45,0.0,14.0,0.348,160.1,0.0,1.824,0.471,0.048,405.0,17.45,160.0,1.719,106.0,1.81,0.238,0.0,0.045,0.000555,0.0,3
vanilla extract,No_descr,Spices and Herbs,288.0,0.06,0.06,12.65,12.65,0.0,0.026,0.0,0.0,0.425,0.095,0.011,11.0,0.12,12.0,0.23,6.0,0.11,0.0,0.0,0.0,7.199999999999999e-05,0.0,0
vanilla extract,"imitation, alcohol",Spices and Herbs,237.0,0.05,0.0,2.41,0.0,0.0,0.019,0.0,0.0,0.318,0.071,0.008,0.0,0.13,5.0,0.482,22.0,0.06,0.0,0.0,0.0,2.3e-05,0.0,0
vanilla extract,"imitation, no alcohol",Spices and Herbs,56.0,0.03,0.0,14.4,14.4,0.0,0.008,0.0,0.0,0.129,0.029,0.003,3.0,0.05,1.0,0.001,0.0,0.01,0.0,0.0,0.0,3e-06,0.0,0
vinegar,distilled,Spices and Herbs,18.0,0.0,0.0,0.04,0.04,0.0,0.0,0.0,0.0,0.0,0.0,0.0,6.0,0.03,1.0,0.055,4.0,0.01,0.0,0.0,0.0,6e-06,0.0005,0
capers,canned,Spices and Herbs,23.0,2.36,0.86,4.89,0.41,3.2,0.023,4.3,0.88,0.652,0.139,0.018,40.0,1.67,33.0,0.078,10.0,0.32,0.007,0.0,0.023,0.000374,0.0012,0
horseradish,prepared,Spices and Herbs,48.0,1.18,0.69,11.29,7.99,3.3,0.073,24.9,0.01,0.386,0.024,0.008,56.0,0.42,27.0,0.126,31.0,0.83,0.0,0.0,0.057,5.8e-05,0.0028,0
rosemary,fresh,Spices and Herbs,131.0,3.31,5.86,20.7,0.0,14.1,0.336,21.8,0.0,0.912,0.152,0.036,317.0,6.65,91.0,0.96,66.0,0.93,0.146,0.0,0.109,0.000301,0.0,3
peppermint,fresh,Spices and Herbs,70.0,3.75,0.94,14.89,0.0,8.0,0.129,31.8,0.0,1.706,0.266,0.082,243.0,5.08,80.0,1.176,73.0,1.11,0.212,0.0,0.114,0.000329,0.0,0
spearmint,fresh,Spices and Herbs,44.0,3.29,0.73,8.41,0.0,6.8,0.158,13.3,0.0,0.948,0.175,0.078,199.0,11.87,63.0,1.118,60.0,1.09,0.203,0.0,0.105,0.0002399999999999,0.0,0
spearmint,dried,Spices and Herbs,285.0,19.93,6.03,52.04,0.0,29.8,2.579,0.0,0.0,6.561,1.421,0.288,1488.0,87.47,602.0,11.482,276.0,2.41,0.529,0.0,0.53,0.001542,0.0,3
vinegar,red wine,Spices and Herbs,19.0,0.04,0.0,0.27,0.0,0.0,0.0,0.5,0.0,0.0,0.0,0.0,6.0,0.45,4.0,0.046,8.0,0.03,0.0,0.0,0.0,1e-05,0.0,0
vinegar,balsamic,Spices and Herbs,88.0,0.49,0.0,17.03,14.95,0.0,0.0,0.0,0.0,0.0,0.0,0.0,27.0,0.72,12.0,0.131,19.0,0.08,0.0,0.0,0.0,2.6e-05,0.0,0
pace,Dry Taco Seasoning Mix,Spices and Herbs,188.0,0.0,0.0,56.29,18.76,18.8,0.0,45.0,0.0,0.0,0.0,0.0,0.0,6.75,0.0,0.0,0.0,0.0,0.0,0.0,0.0,0.0,0.0,3
seasoning mix,"dry, sazon, coriander & annatto",Spices and Herbs,0.0,0.0,0.0,0.0,0.0,0.0,0.0,0.0,0.0,0.0,0.0,0.0,0.0,0.0,0.0,0.0,0.0,0.0,0.0,0.0,0.0,0.0,0.0,0
seasoning mix,"dry, taco, original",Spices and Herbs,322.0,4.5,0.0,58.0,10.83,13.3,0.0,0.0,0.0,0.0,0.0,0.0,0.0,7.2,0.0,0.0,0.0,0.0,0.0,0.0,0.0,0.0,0.0,3
seasoning mix,"dry, chili, original",Spices and Herbs,335.0,10.82,7.3,56.56,8.67,10.8,0.0,5.9,0.0,0.0,0.0,0.0,0.0,3.9,0.0,0.0,0.0,0.0,0.0,0.0,0.0,0.0,0.0,3
babyfood,"juice treats, fruit medley, toddler",Baby Foods,347.0,0.0,0.02,86.68,57.4,0.0,0.014,8.0,0.01,0.057,0.01,0.015,12.0,0.24,7.0,0.062,9.0,0.03,0.0,0.0,0.001,3.7e-05,0.0019,1
babyfood,"meat, beef, strained",Baby Foods,81.0,12.03,2.52,2.43,0.0,0.0,0.039,2.1,0.37,2.495,0.135,0.013,5.0,0.98,11.0,0.037,93.0,2.22,0.0,0.00126,0.008,0.000148,0.0029,0
babyfood,"meat, beef, junior",Baby Foods,81.0,12.03,2.52,2.43,0.0,0.0,0.039,2.1,0.37,2.495,0.135,0.013,5.0,0.98,11.0,0.037,93.0,2.22,0.0,0.00126,0.008,0.000148,0.0029,0
babyfood,"meat, veal, strained",Baby Foods,81.0,13.12,2.45,1.51,0.0,0.0,0.049,0.0,0.28,2.85,0.116,0.023,6.0,0.76,11.0,0.037,98.0,2.5,0.0,0.00165,0.005,0.000148,0.0035,0
babyfood,"meat, pork, strained",Baby Foods,124.0,14.0,7.1,0.0,0.0,0.0,0.205,1.8,0.4,2.269,0.203,0.146,5.0,1.0,10.0,0.0,94.0,2.27,0.011,0.00099,0.002,7.199999999999999e-05,0.0129,2
babyfood,"meat, ham, strained",Baby Foods,97.0,11.3,3.8,3.7,0.0,0.0,0.252,2.1,0.13,2.633,0.154,0.139,6.0,1.03,13.0,0.0,81.0,2.25,0.002,0.0001,0.002,6.500000000000001e-05,0.0141999999999999,0
babyfood,"meat, ham, junior",Baby Foods,97.0,11.3,3.8,3.7,0.0,0.0,0.2,2.1,0.4,2.84,0.194,0.142,5.0,1.01,11.0,0.0,89.0,1.7,0.0,0.0001,0.002,6.8e-05,0.015,0
babyfood,"meat, lamb, strained",Baby Foods,87.0,14.07,3.41,0.85,0.0,0.0,0.037,1.2,0.19,2.908,0.174,0.02,7.0,1.19,13.0,0.037,104.0,2.43,0.0,0.0019,0.0,0.000148,0.0022,2
babyfood,"meat, lamb, junior",Baby Foods,112.0,15.2,5.2,0.0,0.0,0.0,0.183,1.7,0.4,3.193,0.191,0.019,7.0,1.66,10.0,0.0,91.0,2.6,0.008,0.00227,0.002,5.7e-05,0.007,2
babyfood,"meat, chicken, strained",Baby Foods,130.0,13.7,7.9,0.1,0.0,0.0,0.2,1.7,0.25,3.255,0.152,0.014,64.0,1.4,13.0,0.0,97.0,1.21,0.006,0.0004,0.003,4.5e-05,0.011,2
babyfood,"meat, chicken, junior",Baby Foods,146.0,14.0,9.6,0.0,0.0,0.0,0.188,1.5,0.4,3.42,0.163,0.014,55.0,0.99,11.0,0.0,90.0,1.01,0.011,0.0004,0.011,4.5e-05,0.0103,2
babyfood,"meat, chicken sticks, junior",Baby Foods,188.0,14.6,14.4,1.5,1.4,0.2,0.103,1.7,0.37,2.005,0.197,0.017,73.0,1.56,14.0,0.0,121.0,1.01,0.003,0.0004,0.011,4.5e-05,0.0103,2
babyfood,"meat, turkey, strained",Baby Foods,111.0,11.5,6.2,1.4,0.0,0.0,0.029,2.2,0.08,2.61,0.163,0.008,41.0,0.7,12.0,0.037,117.0,1.77,0.0,0.00111,0.008,0.000148,0.012,0
babyfood,"meat, turkey, junior",Baby Foods,111.0,11.5,6.2,1.4,0.0,0.0,0.029,0.0,0.08,2.61,0.163,0.008,41.0,0.7,12.0,0.037,117.0,1.77,0.0,0.00111,0.008,0.000148,0.012,0
babyfood,"meat, turkey sticks, junior",Baby Foods,188.0,13.7,14.2,1.4,1.4,0.5,0.023,1.5,0.12,1.94,0.181,0.008,83.0,0.92,10.0,0.037,120.0,2.4,0.006,0.0013,0.011,0.000148,0.0135,2
babyfood,"snack, GERBER GRADUATE FRUIT  STRIPS, Real Fruit Bars",Baby Foods,330.0,0.82,2.24,76.61,68.65,7.8,0.201,179.9,0.96,0.334,0.046,0.041,18.0,1.05,9.0,0.7,23.0,0.14,0.012,0.0,0.001,0.000242,0.0014,1
babyfood,"meat, meat sticks, junior",Baby Foods,184.0,13.4,14.6,1.1,0.8,0.2,0.08,2.4,0.28,1.481,0.172,0.059,34.0,1.38,11.0,0.0,103.0,1.9,0.021,0.00029,0.003,6.8e-05,0.0133,2
babyfood,"dinner, vegetables and dumplings and beef, strained",Baby Foods,48.0,2.0,0.9,7.7,0.0,0.0,0.047,0.8,0.24,0.574,0.04,0.049,14.0,0.39,6.0,0.0,28.0,0.4,0.021,8.999999999999999e-05,0.007,2.9e-05,0.0021,0
babyfood,"dinner, vegetables and dumplings and beef, junior",Baby Foods,48.0,2.1,0.8,8.0,0.0,0.0,0.048,0.8,0.0,0.49,0.036,0.039,14.0,0.47,7.0,0.0,29.0,0.33,0.033,8.999999999999999e-05,0.007,3e-05,0.0021,0
babyfood,"dinner, beef lasagna, toddler",Baby Foods,77.0,4.2,2.1,10.0,0.0,0.0,0.071,1.9,0.0,1.353,0.089,0.072,18.0,0.87,11.0,0.0,40.0,0.7,0.058,0.00051,0.006,9.7e-05,0.0084,0
babyfood,"dinner, macaroni and tomato and beef, strained",Baby Foods,61.0,2.36,1.47,9.45,2.09,1.2,0.056,0.3,2.62,0.715,0.043,0.038,17.0,0.46,12.0,0.13,39.0,0.54,0.044,0.00015,0.012,5e-05,0.0084,0
babyfood,"dinner, macaroni and tomato and beef, junior",Baby Foods,59.0,2.5,1.1,9.4,2.43,1.1,0.047,1.5,0.81,0.751,0.055,0.048,14.0,0.36,7.0,0.0,44.0,0.36,0.035,0.0002399999999999,0.011,3.9e-05,0.0084,0
babyfood,"ravioli, cheese filled, with tomato sauce",Baby Foods,99.0,3.6,2.2,16.3,0.59,0.1,0.09,0.1,0.42,1.65,0.14,0.12,54.0,0.8,7.0,0.0,56.0,0.35,0.051,5e-05,0.036,4e-05,0.0134,0
babyfood,"dinner, beef noodle, strained",Baby Foods,63.0,2.44,2.26,8.18,1.42,1.3,0.036,0.1,0.31,0.616,0.035,0.035,10.0,0.41,10.0,0.12,38.0,0.6,0.036,0.00019,0.011,5e-05,0.0036,0
babyfood,"macaroni and cheese, toddler",Baby Foods,82.0,3.5,2.6,11.2,0.79,0.5,0.05,0.0,0.03,0.79,0.09,0.04,102.0,0.6,9.0,0.0,81.0,0.43,0.019,6e-05,0.04,4.1e-05,0.0066,0
babyfood,"dinner, beef and rice, toddler",Baby Foods,82.0,5.0,2.9,8.8,0.0,0.0,0.139,3.9,0.0,1.343,0.069,0.016,11.0,0.69,8.0,0.0,35.0,0.92,0.025,0.00051,0.006,5.4e-05,0.0084,0
babyfood,"dinner, spaghetti and tomato and meat, junior",Baby Foods,68.0,2.57,1.37,11.42,2.72,1.1,0.064,0.2,0.07,0.967,0.068,0.048,15.0,0.53,11.0,0.12,35.0,0.53,0.063,3e-05,0.044,3e-05,0.0084,0
babyfood,"dinner, spaghetti and tomato and meat, toddler",Baby Foods,75.0,5.3,1.0,10.8,0.0,0.0,0.083,4.1,0.0,1.558,0.101,0.062,22.0,0.9,15.0,0.0,45.0,0.48,0.022,0.00023,0.05,2e-05,0.0084,0
babyfood,"dinner, beef stew, toddler",Baby Foods,51.0,5.1,1.2,5.5,1.39,1.1,0.074,3.0,0.5,1.313,0.065,0.014,9.0,0.72,11.0,0.0,44.0,0.87,0.082,0.00051,0.006,7.199999999999999e-05,0.0045,0
babyfood,"dinner, vegetables and beef, strained",Baby Foods,77.0,2.21,3.6,8.84,2.34,1.3,0.063,0.2,0.49,0.789,0.048,0.008,17.0,0.35,10.0,0.18,33.0,0.38,0.246,0.0001799999999999,0.007,3e-05,0.0022,0
babyfood,"dinner, vegetables and beef, junior",Baby Foods,77.0,2.21,3.6,8.84,2.34,1.3,0.063,0.2,0.49,0.789,0.048,0.008,17.0,0.35,10.0,0.106,33.0,0.38,0.246,0.00033,0.007,3e-05,0.0022,0
babyfood,"dinner, beef with vegetables",Baby Foods,96.0,2.03,6.93,6.36,2.16,1.8,0.083,0.0,0.57,0.7,0.06,0.03,19.0,0.33,15.0,0.006,24.0,0.35,0.222,8.999999999999999e-05,0.011,3.5999999999999994e-05,0.0022,0
babyfood,"dinner, vegetables and bacon, strained",Baby Foods,69.0,1.92,2.95,8.81,1.77,1.7,0.058,0.3,0.51,0.474,0.039,0.032,14.0,0.3,10.0,0.14,28.0,0.3,0.114,6e-05,0.003,4e-05,0.0017,0
babyfood,"dinner, vegetables and ham, strained",Baby Foods,59.0,2.19,2.14,7.8,1.37,1.6,0.072,1.6,0.31,0.676,0.054,0.035,16.0,0.41,12.0,0.14,33.0,0.32,0.144,6e-05,0.003,7.000000000000001e-05,0.0024,0
babyfood,"dinner, vegetables and ham, junior",Baby Foods,60.0,2.02,1.89,8.64,0.99,1.0,0.046,1.1,0.31,0.512,0.04,0.032,14.0,0.24,8.0,0.07,33.0,0.3,0.144,3e-05,0.008,3e-05,0.0024,0
babyfood,"dinner, vegetables and lamb, strained",Baby Foods,52.0,2.0,2.0,6.9,0.94,1.1,0.046,1.2,0.24,0.529,0.034,0.018,12.0,0.35,7.0,0.0,49.0,0.22,0.1,0.00016,0.004,2.9e-05,0.0024,0
babyfood,"dinner, vegetables and lamb, junior",Baby Foods,51.0,2.1,1.7,7.1,0.94,1.1,0.044,1.7,0.24,0.554,0.032,0.021,13.0,0.34,7.0,0.0,49.0,0.22,0.138,0.00016,0.004,2.9e-05,0.0024,0
babyfood,"dinner, chicken noodle, strained",Baby Foods,66.0,2.69,2.06,9.08,2.5,2.1,0.064,0.1,0.21,0.723,0.061,0.044,27.0,0.64,14.0,0.16,46.0,0.55,0.11,2e-05,0.013,7.000000000000001e-05,0.0037,0
babyfood,"dinner, chicken noodle, junior",Baby Foods,55.0,2.37,1.18,8.79,1.07,0.9,0.052,0.1,0.15,0.703,0.04,0.032,21.0,0.38,7.0,0.1,79.0,0.4,0.087,1e-05,0.008,3e-05,0.0037,0
babyfood,"dinner, chicken soup, strained",Baby Foods,50.0,1.6,1.7,7.2,1.72,1.1,0.037,1.0,0.51,0.293,0.032,0.017,37.0,0.27,5.0,0.0,24.0,0.22,0.069,0.0001199999999999,0.005,0.000279,0.0014,0
babyfood,"dinner, chicken stew, toddler",Baby Foods,78.0,5.2,3.7,6.4,1.68,0.6,0.046,1.9,0.22,1.153,0.074,0.031,36.0,0.66,10.0,0.0,51.0,0.41,0.052,0.00014,0.027,2e-05,0.0055,0
babyfood,"dinner, vegetables chicken, strained",Baby Foods,59.0,2.47,1.73,8.42,1.58,2.1,0.072,0.1,0.32,0.72,0.052,0.032,27.0,0.53,14.0,0.15,47.0,0.48,0.207,1e-05,0.005,7.000000000000001e-05,0.0028,0
babyfood,"dinner, vegetables, noodles and chicken, strained",Baby Foods,63.0,2.0,2.5,7.9,0.0,1.1,0.021,0.7,0.0,0.407,0.049,0.032,28.0,0.35,10.0,0.0,31.0,0.25,0.071,8e-05,0.003,5.4e-05,0.0032,0
babyfood,"dinner, vegetables, noodles and chicken, junior",Baby Foods,64.0,1.7,2.2,9.1,0.0,1.1,0.023,0.8,0.0,0.675,0.037,0.042,26.0,0.49,11.0,0.0,33.0,0.32,0.053,8.999999999999999e-05,0.003,5.8e-05,0.0032,0
babyfood,"dinner, pasta with vegetables",Baby Foods,60.0,1.7,2.1,8.4,1.2,1.5,0.11,2.9,0.23,0.56,0.05,0.06,14.0,0.5,24.0,0.39,50.0,0.4,0.041,0.0,0.009,0.00011,0.0064,0
babyfood,"dinner, vegetables and noodles and turkey, strained",Baby Foods,44.0,1.2,1.2,6.8,0.0,1.1,0.016,0.8,0.0,0.25,0.044,0.018,32.0,0.19,8.0,0.0,25.0,0.27,0.05,0.0001,0.002,2.2e-05,0.0028,0
babyfood,"dinner, vegetables and noodles and turkey, junior",Baby Foods,52.0,1.8,1.5,7.6,0.0,1.1,0.018,0.8,0.0,0.299,0.04,0.024,32.0,0.26,9.0,0.0,29.0,0.3,0.05,0.0001199999999999,0.003,2.6e-05,0.0028,0
babyfood,"dinner, turkey and rice, strained",Baby Foods,52.0,2.27,1.24,7.94,1.66,0.9,0.052,0.2,0.14,0.648,0.04,0.022,18.0,0.29,8.0,0.13,34.0,0.4,0.081,2e-05,0.004,3e-05,0.003,0
babyfood,"dinner, turkey and rice, junior",Baby Foods,56.0,2.37,0.92,9.57,1.25,1.0,0.052,0.3,0.31,0.692,0.044,0.033,24.0,0.41,9.0,0.12,37.0,0.47,0.094,2e-05,0.008,3e-05,0.0033,0
babyfood,"dinner, vegetables and turkey, strained",Baby Foods,48.0,2.32,0.9,7.62,1.54,1.5,0.044,0.7,0.3,0.466,0.024,0.02,27.0,0.37,13.0,0.14,44.0,0.7,0.22,2e-05,0.01,8.999999999999999e-05,0.0019,0
babyfood,"dinner, vegetables and turkey, junior",Baby Foods,53.0,1.72,1.74,7.55,1.36,0.9,0.052,0.4,0.31,0.539,0.032,0.022,16.0,0.36,9.0,0.06,32.0,0.3,0.216,1e-05,0.007,2e-05,0.0019,0
babyfood,"dinner, macaroni and cheese, strained",Baby Foods,67.0,3.14,2.11,8.95,1.27,0.7,0.036,0.1,0.02,0.516,0.076,0.038,66.0,0.21,8.0,0.09,86.0,0.4,0.015,0.00027,0.015,2e-05,0.0038,0
babyfood,"dinner, macaroni and cheese, junior",Baby Foods,61.0,2.6,2.0,8.2,1.32,0.3,0.016,1.3,0.03,0.545,0.064,0.056,51.0,0.3,7.0,0.0,59.0,0.32,0.03,3e-05,0.018,2.1e-05,0.0038,0
babyfood,"vegetables, green beans, strained",Baby Foods,27.0,1.2,0.17,6.29,1.88,2.2,0.038,0.3,0.07,0.361,0.079,0.026,39.0,0.67,20.0,0.265,41.0,0.22,0.018,0.0,0.024,3e-05,0.0001,0
babyfood,"vegetables, green beans, junior",Baby Foods,24.0,1.2,0.1,5.8,1.08,1.9,0.035,8.4,0.32,0.321,0.102,0.021,65.0,1.08,22.0,0.0,19.0,0.19,0.024,0.0,0.033,4.9000000000000005e-05,0.0003,0
babyfood,"green beans, dices, toddler",Baby Foods,29.0,1.2,0.2,5.7,1.06,1.3,0.03,1.7,0.31,0.23,0.04,0.02,27.0,0.4,19.0,0.08,22.0,0.1,0.024,0.0,0.032,3e-05,0.0004,0
babyfood,"vegetable, green beans and potatoes",Baby Foods,62.0,2.2,1.9,9.0,2.35,1.4,0.08,1.1,0.08,0.46,0.11,0.04,60.0,0.5,20.0,0.28,61.0,0.3,0.014,0.00015,0.01,4e-05,0.0007,0
babyfood,"vegetables, beets, strained",Baby Foods,34.0,1.3,0.1,7.7,6.09,1.9,0.024,2.4,0.03,0.132,0.043,0.011,14.0,0.32,14.0,0.0,14.0,0.12,0.001,0.0,0.031,7.000000000000001e-05,0.0001,0
babyfood,"vegetables, carrots, strained",Baby Foods,26.0,0.8,0.1,6.0,3.64,1.7,0.073,5.7,0.52,0.463,0.04,0.023,22.0,0.37,9.0,0.0,20.0,0.15,0.573,0.0,0.015,4.1e-05,0.0002,0
babyfood,"vegetables, carrots, junior",Baby Foods,32.0,0.8,0.2,7.2,3.16,1.7,0.08,5.5,0.52,0.497,0.041,0.024,23.0,0.39,11.0,0.0,20.0,0.18,0.591,0.0,0.017,4.7e-05,0.0002,0
babyfood,"vegetables, squash, strained",Baby Foods,28.0,0.81,0.2,5.73,3.37,0.9,0.07,0.3,0.55,0.683,0.048,0.029,24.0,0.32,14.0,0.083,21.0,0.19,0.085,0.0,0.008,3e-05,0.0002,0
babyfood,"vegetables, squash, junior",Baby Foods,24.0,0.81,0.2,5.73,3.24,0.9,0.07,0.3,0.55,0.683,0.048,0.029,24.0,0.32,14.0,0.083,21.0,0.19,0.085,0.0,0.008,3e-05,0.0002,0
babyfood,"vegetables, sweet potatoes strained",Baby Foods,57.0,1.1,0.1,13.2,4.05,1.5,0.093,9.9,0.52,0.358,0.033,0.028,16.0,0.37,13.0,0.0,24.0,0.21,0.322,0.0,0.01,8.1e-05,0.0007,0
babyfood,"vegetables, sweet potatoes, junior",Baby Foods,60.0,1.1,0.1,14.0,4.24,1.5,0.113,9.6,0.52,0.384,0.034,0.026,16.0,0.39,12.0,0.0,24.0,0.11,0.332,0.0,0.01,0.0001,0.0007,0
babyfood,"potatoes, toddler",Baby Foods,52.0,1.0,0.1,11.73,0.91,0.9,0.07,10.5,0.02,0.35,0.01,0.02,4.0,0.2,15.0,0.07,23.0,0.17,0.0,0.0,0.006,7.000000000000001e-05,0.0008,0
babyfood,"vegetable, butternut squash and corn",Baby Foods,50.0,2.0,0.6,9.26,2.93,2.0,0.11,4.9,0.08,0.56,0.06,0.06,32.0,0.4,26.0,0.12,35.0,0.3,0.14,0.0,0.023,0.0001,0.0006,0
babyfood,"apples, dices, toddler",Baby Foods,51.0,0.2,0.1,12.1,10.83,0.9,0.05,31.3,0.23,0.08,0.02,0.01,10.0,0.2,6.0,0.04,13.0,0.04,0.002,0.0,0.001,2e-05,0.0003,0
babyfood,"fruit, applesauce, strained",Baby Foods,41.0,0.2,0.2,10.8,9.87,1.7,0.031,38.3,0.6,0.061,0.028,0.012,4.0,0.22,3.0,0.0,7.0,0.02,0.001,0.0,0.002,3.8e-05,0.0003,0
babyfood,"fruit, applesauce, junior",Baby Foods,37.0,0.0,0.0,10.3,8.48,1.7,0.03,37.8,0.6,0.063,0.027,0.012,5.0,0.22,3.0,0.0,6.0,0.04,0.0,0.0,0.002,3.5000000000000004e-05,0.0003,0
babyfood,"fruit, apricot with tapioca, strained",Baby Foods,60.0,0.3,0.0,16.3,1.41,1.5,0.03,21.6,0.1,0.195,0.013,0.008,9.0,0.3,4.0,0.0,10.0,0.05,0.036,0.0,0.002,3.4e-05,0.0003,0
babyfood,"vegetables, corn, creamed, strained",Baby Foods,57.0,1.4,0.4,14.1,1.23,2.1,0.041,2.1,0.04,0.512,0.047,0.013,20.0,0.28,8.0,0.0,33.0,0.19,0.005,2e-05,0.017,3.4e-05,0.0013,0
babyfood,"vegetables, corn, creamed, junior",Baby Foods,65.0,1.4,0.4,16.25,1.48,2.1,0.041,2.2,0.04,0.504,0.048,0.013,4.0,0.27,8.0,0.0,33.0,0.23,0.002,2e-05,0.02,3.8e-05,0.0013,0
babyfood,"vegetables, peas, strained",Baby Foods,50.0,3.27,0.43,8.36,2.01,2.0,0.016,0.6,0.02,1.119,0.065,0.087,18.0,0.95,17.0,0.218,50.0,0.47,0.011,0.0,0.028,6.1e-05,0.0001,0
babyfood,"peas, dices, toddler",Baby Foods,64.0,3.9,0.8,10.3,4.13,3.9,0.06,6.0,0.45,0.85,0.06,0.1,21.0,1.0,19.0,0.15,67.0,0.5,0.015,0.0,0.035,8e-05,0.0001,0
babyfood,"vegetables, spinach, creamed, strained",Baby Foods,37.0,2.5,1.3,5.7,2.33,1.8,0.075,8.7,0.83,0.216,0.104,0.015,89.0,0.62,55.0,0.0,54.0,0.31,0.227,6e-05,0.061,6e-05,0.0024,0
babyfood,"fruit, apricot with tapioca, junior",Baby Foods,63.0,0.3,0.0,17.3,1.4,1.5,0.028,17.9,0.6,0.196,0.013,0.008,8.0,0.27,4.0,0.0,10.0,0.04,0.036,0.0,0.002,3.5999999999999994e-05,0.0003,0
babyfood,"fruit, bananas with tapioca, strained",Baby Foods,56.0,0.4,0.1,15.3,0.38,1.6,0.115,16.7,0.6,0.183,0.031,0.012,5.0,0.2,10.0,0.0,7.0,0.06,0.002,0.0,0.006,4e-05,0.0006,0
babyfood,"fruit, peaches, strained",Baby Foods,65.0,0.94,0.33,14.48,11.5,1.3,0.018,46.1,1.99,1.64,0.077,0.015,4.0,0.23,7.0,0.037,15.0,0.11,0.034,0.0,0.021,3e-05,0.0001,0
babyfood,"fruit, peaches, junior",Baby Foods,65.0,0.94,0.33,14.48,11.5,1.3,0.018,46.1,1.99,1.64,0.077,0.015,4.0,0.23,7.0,0.037,15.0,0.11,0.034,0.0,0.021,3e-05,0.0001,0
babyfood,"fruit, pears, strained",Baby Foods,42.0,0.3,0.2,10.8,6.98,3.6,0.008,24.5,0.09,0.189,0.028,0.013,8.0,0.24,8.0,0.0,12.0,0.08,0.001,0.0,0.004,6.500000000000001e-05,0.0004,0
babyfood,"fruit, pears, junior",Baby Foods,44.0,0.3,0.1,11.6,7.34,3.6,0.01,22.0,0.6,0.188,0.03,0.014,8.0,0.25,9.0,0.0,12.0,0.08,0.001,0.0,0.004,8e-05,0.0004,0
babyfood,"fruit, plums with tapioca, without ascorbic acid, strained",Baby Foods,71.0,0.1,0.0,19.7,13.34,1.2,0.024,1.1,0.14,0.213,0.028,0.008,6.0,0.2,4.0,0.0,6.0,0.08,0.007,0.0,0.002,3.7e-05,0.0004,0
babyfood,"fruit, plums with tapioca, without ascorbic acid, junior",Baby Foods,74.0,0.1,0.0,20.5,13.64,1.2,0.029,0.8,0.6,0.206,0.03,0.006,6.0,0.22,4.0,0.0,6.0,0.08,0.005,0.0,0.001,3.8e-05,0.0004,0
babyfood,"fruit, prunes with tapioca, without ascorbic acid, strained",Baby Foods,69.0,0.6,0.1,18.5,10.97,2.7,0.081,0.8,0.6,0.525,0.075,0.022,15.0,0.35,10.0,0.0,15.0,0.09,0.023,0.0,0.001,6.1e-05,0.0005,0
babyfood,"fruit, prunes with tapioca, without ascorbic acid, junior",Baby Foods,70.0,0.6,0.1,18.7,10.97,2.7,0.086,0.8,0.11,0.526,0.083,0.022,15.0,0.33,10.0,0.0,15.0,0.1,0.01,0.0,0.001,6.2e-05,0.0005,0
babyfood,"prunes, without vitamin c, strained",Baby Foods,100.0,1.0,0.2,23.52,14.28,2.7,0.11,1.3,0.55,0.72,0.21,0.02,21.0,0.4,17.0,0.0,30.0,0.2,0.003,0.0,0.001,0.000164,0.0008,0
babyfood,"fruit dessert, mango with tapioca",Baby Foods,70.0,0.3,0.2,19.0,13.0,1.1,0.08,15.8,0.66,0.2,0.02,0.02,8.0,0.2,6.0,0.0,4.0,0.03,0.023,0.0,0.008,3e-05,0.0004,0
babyfood,"pears, dices, toddler",Baby Foods,57.0,0.3,0.1,13.6,8.66,1.2,0.04,31.3,0.11,0.13,0.02,0.01,10.0,0.2,7.0,0.03,13.0,0.09,0.001,0.0,0.001,4e-05,0.0004,0
babyfood,"fruit, applesauce and apricots, strained",Baby Foods,44.0,0.2,0.2,11.64,9.25,1.8,0.03,18.9,0.18,0.14,0.029,0.014,6.0,0.25,4.0,0.0,9.0,0.04,0.017,0.0,0.002,4.1e-05,0.0003,0
babyfood,"fruit, applesauce and apricots, junior",Baby Foods,47.0,0.2,0.2,12.4,8.72,1.8,0.03,17.9,0.04,0.145,0.03,0.014,6.0,0.26,4.0,0.0,10.0,0.03,0.002,0.0,0.001,4.4e-05,0.0003,0
babyfood,"fruit, applesauce and cherries, strained",Baby Foods,51.0,0.0,0.0,14.1,10.81,1.1,0.037,42.8,0.12,0.14,0.03,0.01,1.0,0.3,4.0,0.0,8.0,0.03,0.002,0.0,0.0,4.5e-05,0.0003,0
babyfood,"fruit, applesauce and cherries, junior",Baby Foods,51.0,0.0,0.0,14.1,10.61,1.1,0.039,42.8,0.06,0.14,0.03,0.01,1.0,0.3,4.0,0.0,8.0,0.03,0.002,0.0,0.0,4.6e-05,0.0003,0
babyfood,"fruit, applesauce with banana, junior",Baby Foods,66.0,0.37,0.1,16.16,4.35,1.6,0.1,17.3,0.02,0.163,0.031,0.01,5.0,0.24,9.0,0.1,12.0,0.05,0.0,0.0,0.003,4e-05,0.0004,0
babyfood,"fruit, applesauce and pineapple, strained",Baby Foods,37.0,0.1,0.1,10.1,0.0,1.5,0.039,28.1,0.6,0.078,0.026,0.021,4.0,0.1,3.0,0.0,6.0,0.02,0.0,0.0,0.002,3.5000000000000004e-05,0.0003,0
babyfood,"fruit, applesauce and pineapple, junior",Baby Foods,39.0,0.1,0.1,10.5,0.0,1.5,0.039,26.8,0.6,0.079,0.027,0.022,4.0,0.1,4.0,0.0,6.0,0.03,0.001,0.0,0.002,3.5999999999999994e-05,0.0003,0
babyfood,"fruit, apple and raspberry, strained",Baby Foods,58.0,0.2,0.2,15.6,12.96,2.1,0.034,26.8,0.21,0.106,0.028,0.014,5.0,0.22,4.0,0.0,8.0,0.03,0.001,0.0,0.001,5.4e-05,0.0003,0
babyfood,"fruit, apple and raspberry, junior",Baby Foods,58.0,0.2,0.2,15.4,12.96,2.1,0.034,28.9,0.07,0.104,0.029,0.012,5.0,0.22,4.0,0.0,8.0,0.03,0.002,0.0,0.001,5.3e-05,0.0003,0
babyfood,"fruit and vegetable, apple and sweet potato",Baby Foods,64.0,0.3,0.22,15.3,11.6,1.4,0.05,6.4,0.16,0.1,0.02,0.01,8.0,0.2,6.0,0.06,17.0,0.1,0.103,0.0,0.002,8.999999999999999e-05,0.0003,0
babyfood,"fruit, bananas and pineapple with tapioca, junior",Baby Foods,68.0,0.2,0.1,18.4,8.41,1.6,0.092,21.2,0.02,0.182,0.019,0.015,7.0,0.13,6.0,0.0,5.0,0.03,0.002,0.0,0.006,4e-05,0.0006,0
babyfood,"fruit, bananas and pineapple with tapioca, strained",Baby Foods,65.0,0.2,0.0,17.8,10.73,1.6,0.082,19.2,0.06,0.168,0.019,0.019,7.0,0.23,6.0,0.0,5.0,0.04,0.003,0.0,0.018,3.9e-05,0.0006,0
babyfood,"fruit, pears and pineapple, strained",Baby Foods,41.0,0.3,0.1,10.9,7.79,2.6,0.016,27.5,0.04,0.207,0.028,0.021,10.0,0.25,7.0,0.0,9.0,0.07,0.001,0.0,0.003,0.00014,0.0004,0
babyfood,"fruit, pears and pineapple, junior",Baby Foods,44.0,0.3,0.2,11.4,7.36,2.6,0.013,16.8,0.08,0.183,0.023,0.024,10.0,0.21,7.0,0.0,10.0,0.13,0.002,0.0,0.003,0.0001049999999999,0.0004,0
babyfood,"fruit, guava and papaya with tapioca, strained",Baby Foods,63.0,0.2,0.1,17.0,0.0,0.0,0.014,80.9,0.0,0.263,0.022,0.01,7.0,0.2,5.0,0.0,6.0,0.06,0.009,0.0,0.002,0.0,0.0004,0
babyfood,"peaches, dices, toddler",Baby Foods,51.0,0.5,0.2,11.8,9.49,0.8,0.04,31.3,0.83,0.47,0.02,0.01,6.0,0.2,8.0,0.05,17.0,0.12,0.007,0.0,0.005,3e-05,0.0004,0
babyfood,"fruit, papaya and applesauce with tapioca, strained",Baby Foods,70.0,0.2,0.1,18.9,0.0,1.4,0.023,113.1,0.0,0.108,0.028,0.01,7.0,0.44,5.0,0.0,5.0,0.03,0.004,0.0,0.002,4.4e-05,0.0004,0
babyfood,"fruit, bananas with apples and pears, strained",Baby Foods,83.0,0.9,0.22,19.31,12.76,1.4,0.29,13.9,0.08,0.55,0.03,0.01,5.0,0.3,25.0,0.082,19.0,0.1,0.003,0.0,0.005,8e-05,0.0006,0
babyfood,"fruit, apple and blueberry, strained",Baby Foods,61.0,0.2,0.2,16.3,13.93,1.8,0.037,27.8,0.12,0.12,0.034,0.017,4.0,0.2,3.0,0.0,8.0,0.03,0.001,0.0,0.004,5.6e-05,0.0004,0
babyfood,"fruit, apple and blueberry, junior",Baby Foods,62.0,0.2,0.2,16.6,8.83,1.8,0.042,13.9,0.27,0.103,0.043,0.018,5.0,0.4,3.0,0.0,7.0,0.04,0.002,0.0,0.003,5.7e-05,0.0004,0
babyfood,"juice, apple",Baby Foods,47.0,0.0,0.1,11.7,10.7,0.1,0.029,57.9,0.6,0.083,0.016,0.007,4.0,0.57,3.0,0.0,5.0,0.03,0.001,0.0,0.0,4e-05,0.0001,0
babyfood,apple-banana juice,Baby Foods,51.0,0.2,0.1,12.3,11.0,0.2,0.06,27.9,0.02,0.14,0.01,0.01,7.0,0.2,6.0,0.08,8.0,0.04,0.0,0.0,0.001,2e-05,0.0003,0
babyfood,"juice, apple and peach",Baby Foods,43.0,0.2,0.1,10.5,9.59,0.1,0.022,58.5,0.15,0.213,0.011,0.008,3.0,0.56,3.0,0.0,4.0,0.03,0.003,0.0,0.001,3.7e-05,0.0003,0
babyfood,apple-cranberry juice,Baby Foods,46.0,0.0,0.02,11.49,6.88,0.0,0.03,27.9,0.56,0.07,0.02,0.0,6.0,0.22,3.0,0.16,7.0,0.05,0.001,0.0,0.0,1e-05,0.0001,0
babyfood,"juice, apple and plum",Baby Foods,49.0,0.1,0.0,12.3,11.54,0.1,0.028,58.2,0.04,0.195,0.017,0.02,5.0,0.62,3.0,0.0,3.0,0.03,0.002,0.0,0.0,4.2e-05,0.0003,0
babyfood,"juice, apple and prune",Baby Foods,72.0,0.2,0.1,18.1,10.58,0.1,0.035,67.5,0.05,0.301,0.002,0.005,9.0,0.95,7.0,0.0,15.0,0.05,0.001,0.0,0.0,6.2e-05,0.0003,0
babyfood,"juice, orange",Baby Foods,45.0,0.6,0.3,10.2,8.26,0.1,0.054,62.5,0.04,0.239,0.028,0.045,12.0,0.17,9.0,0.0,11.0,0.06,0.003,0.0,0.026,4.6e-05,0.0001,0
babyfood,"juice, orange and apple",Baby Foods,43.0,0.4,0.2,10.1,0.0,0.0,0.038,76.9,0.0,0.185,0.028,0.038,10.0,0.2,5.0,0.0,7.0,0.03,0.004,0.0,0.012,4e-05,0.0001,0
babyfood,"juice, orange and apple and banana",Baby Foods,47.0,0.4,0.1,11.5,10.03,0.1,0.062,32.1,0.02,0.263,0.027,0.043,5.0,0.35,6.0,0.0,8.0,0.03,0.001,0.0,0.01,4.4e-05,0.0001,0
babyfood,"juice, orange and apricot",Baby Foods,46.0,0.8,0.1,10.9,0.0,0.1,0.056,85.9,0.6,0.267,0.028,0.058,6.0,0.38,7.0,0.0,12.0,0.04,0.011,0.0,0.02,8.400000000000001e-05,0.0001,0
babyfood,"juice, orange and banana",Baby Foods,50.0,0.7,0.1,11.9,0.0,0.0,0.054,34.0,0.0,0.18,0.042,0.051,17.0,0.11,14.0,0.0,13.0,0.09,0.002,0.0,0.024,4.2e-05,0.0001,0
babyfood,"juice, orange and pineapple",Baby Foods,48.0,0.5,0.1,11.7,0.0,0.1,0.062,53.4,0.6,0.194,0.023,0.05,8.0,0.42,9.0,0.0,9.0,0.04,0.002,0.0,0.019,4.4e-05,0.0001,0
babyfood,"juice, prune and orange",Baby Foods,70.0,0.6,0.3,16.8,0.0,0.0,0.061,63.8,0.0,0.396,0.12,0.044,12.0,0.87,8.0,0.0,10.0,0.04,0.007,0.0,0.013,4.6e-05,0.0001,0
babyfood,"juice, mixed fruit",Baby Foods,47.0,0.1,0.1,11.7,8.46,0.1,0.043,63.6,0.04,0.123,0.014,0.023,8.0,0.34,5.0,0.0,5.0,0.03,0.002,0.0,0.007,4e-05,0.0005,0
babyfood,"cereal, barley, dry",Baby Foods,376.0,13.2,6.6,69.4,13.2,6.6,0.374,2.2,5.0,35.988,2.699,2.737,795.0,47.5,115.0,0.0,439.0,3.13,0.0,0.0,0.029,0.000467,0.0301999999999999,3
babyfood,"cereal, whole wheat, with apples, dry",Baby Foods,402.0,12.6,4.8,77.1,22.2,12.2,0.3,58.3,1.13,13.33,1.8,1.5,600.0,45.0,140.0,2.52,500.0,2.6,0.001,0.0,0.02,0.00062,0.0647,3
babyfood,"cereal, mixed, dry",Baby Foods,379.0,12.2,4.4,73.4,0.87,7.5,0.189,2.3,3.68,34.714,2.717,2.438,733.0,47.5,100.0,0.0,392.0,2.4,0.001,0.0,0.043,0.000334,0.0259,3
babyfood,"cereal, mixed, with bananas, dry",Baby Foods,391.0,10.7,4.6,77.1,6.68,7.8,0.408,3.6,0.51,20.56,3.56,3.78,696.0,47.5,90.0,0.0,367.0,1.4,0.006,0.0002399999999999,0.017,0.000256,0.02,3
babyfood,"cereal, mixed, with applesauce and bananas, strained",Baby Foods,82.0,1.2,0.5,18.0,7.79,1.2,0.137,25.5,0.03,3.963,0.35,0.28,6.0,6.62,8.0,0.0,23.0,0.19,0.001,0.0,0.004,5.4e-05,0.0026,0
babyfood,"cereal, mixed, with applesauce and bananas, junior",Baby Foods,83.0,1.2,0.4,18.4,7.79,1.2,0.139,9.1,0.03,4.039,0.356,0.285,4.0,5.61,7.0,0.0,29.0,0.22,0.001,0.0,0.004,5.5e-05,0.0026,0
babyfood,"cereal, oatmeal, dry",Baby Foods,393.0,13.07,6.6,71.05,3.84,9.0,0.563,0.0,4.95,28.434,3.313,2.805,707.0,51.25,138.0,3.4,610.0,5.39,0.0,0.0,0.035,0.000458,0.0296,3
babyfood,"cereal, oatmeal, with bananas, dry",Baby Foods,393.0,12.0,6.0,73.4,13.75,5.2,0.423,4.7,5.0,20.11,3.71,3.6,651.0,47.5,118.0,0.0,444.0,1.9,0.003,0.00022,0.019,0.000391,0.0205,3
babyfood,"cereal, oatmeal, with applesauce and bananas, strained",Baby Foods,74.0,1.3,0.7,15.4,10.49,0.8,0.2,21.8,0.16,5.042,0.365,0.42,9.0,5.65,11.0,0.0,41.0,0.35,0.002,0.0,0.004,7.3e-05,0.003,0
babyfood,"cereal, oatmeal, with applesauce and bananas, junior",Baby Foods,75.0,1.3,0.7,15.7,9.48,0.8,0.24,24.5,0.1,5.6,0.484,0.25,6.0,7.5,11.0,0.0,41.0,7.5,0.001,0.0,0.004,7.5e-05,0.003,0
babyfood,"cereal, oatmeal, with honey, dry",Baby Foods,391.0,13.5,7.0,69.3,0.0,0.0,0.154,0.0,0.0,36.292,2.842,2.771,1154.0,67.23,146.0,0.0,733.0,3.7,0.001,0.0,0.035,0.000529,0.0364,3
babyfood,"cereal, rice, dry",Baby Foods,391.0,7.1,4.9,77.7,0.12,0.5,0.479,2.4,5.0,31.243,2.221,2.645,850.0,47.5,206.0,0.0,590.0,1.98,0.0,0.0,0.024,0.000331,0.0116,3
babyfood,"cereal, rice, with applesauce and bananas, strained",Baby Foods,80.0,1.2,0.4,17.1,2.24,1.0,0.234,31.6,0.04,4.017,0.422,0.26,17.0,6.73,3.0,0.0,12.0,0.08,0.001,0.0,0.003,5.1e-05,0.0021,0
babyfood,"cereal, with egg yolks, strained",Baby Foods,51.0,1.9,1.8,7.0,0.0,0.9,0.021,0.7,0.0,0.049,0.044,0.009,24.0,0.47,3.0,0.0,40.0,0.29,0.04,7.000000000000001e-05,0.003,2.2e-05,0.0,0
babyfood,"cereal, with egg yolks, junior",Baby Foods,52.0,1.9,1.8,7.1,0.0,0.9,0.02,0.7,0.0,0.048,0.045,0.008,24.0,0.51,3.0,0.0,40.0,0.29,0.041,6e-05,0.003,2.2e-05,0.0,0
babyfood,"cereal, with eggs, strained",Baby Foods,58.0,2.2,1.5,8.0,0.0,0.0,0.024,0.8,0.0,0.056,0.05,0.01,27.0,0.54,3.0,0.0,46.0,0.33,0.0,8e-05,0.009,2.5e-05,0.0,0
babyfood,"cereal, egg yolks and bacon, junior",Baby Foods,79.0,2.5,5.0,6.2,0.0,0.9,0.026,0.9,0.0,0.266,0.077,0.05,28.0,0.47,5.0,0.0,50.0,0.27,0.028,8.999999999999999e-05,0.004,2e-05,0.0,0
babyfood,"oatmeal cereal with fruit, dry, instant, toddler",Baby Foods,402.0,10.5,7.05,74.1,11.09,7.8,0.38,2.7,2.48,9.6,0.86,0.75,286.0,14.3,107.0,2.8,429.0,5.7,0.004,0.0,0.018,0.00034,0.0205,3
babyfood,"cookie, baby, fruit",Baby Foods,435.0,6.8,12.6,73.7,24.2,3.4,0.21,1.5,1.48,3.6,0.42,0.44,83.0,2.9,30.0,0.22,189.0,0.8,0.117,0.00022,0.167,4e-05,0.0205,1
babyfood,"crackers, vegetable",Baby Foods,477.0,8.4,19.6,66.85,13.0,4.0,0.12,50.5,8.05,4.05,0.33,0.35,41.0,4.2,37.0,0.77,198.0,0.9,0.179,0.0,0.135,0.00013,0.0136999999999999,3
babyfood,"cereal, rice, with mixed fruit, junior",Baby Foods,82.0,0.9,0.2,18.3,10.5,0.6,0.11,9.3,0.04,2.12,0.16,0.13,16.0,2.6,5.0,0.0,21.0,0.14,0.001,2e-05,0.001,2.5e-05,0.0021,0
babyfood,"cereal, high protein, with apple and orange, dry",Baby Foods,374.0,25.4,6.5,57.6,0.0,7.1,0.351,3.1,0.0,23.83,4.33,3.79,751.0,47.5,159.0,0.0,539.0,2.7,0.003,0.0003,0.19,0.000964,0.0283,3
babyfood,"cereal, rice, with bananas, dry",Baby Foods,404.0,8.7,4.2,79.9,16.7,1.0,0.686,2.0,0.37,23.32,3.8,3.97,691.0,47.5,141.0,0.0,410.0,1.5,0.001,0.0002099999999999,0.012,0.000254,0.0116,3
babyfood,cookies,Baby Foods,433.0,11.8,13.2,67.1,24.2,0.2,5.899,7.0,0.46,15.966,3.229,1.459,101.0,4.18,49.0,0.348,179.0,1.1,0.006,0.00046,0.145,7.4e-05,0.0172,1
babyfood,"cookies, arrowroot",Baby Foods,424.0,7.6,10.0,75.4,0.0,0.2,0.04,5.5,3.86,5.739,0.429,0.499,32.0,3.0,22.0,0.0,116.0,0.53,0.0,7.000000000000001e-05,0.053,7.4e-05,0.0172,3
babyfood,pretzels,Baby Foods,397.0,10.8,2.0,82.2,3.08,2.3,0.083,3.8,0.28,3.56,0.357,0.463,25.0,3.77,28.0,0.0,110.0,0.78,0.0,0.0,0.131,0.000145,0.0076,3
babyfood,teething biscuits,Baby Foods,392.0,10.7,4.2,76.4,12.65,1.4,0.111,9.1,1.1,4.33,0.537,0.233,263.0,3.55,35.0,0.0,164.0,0.93,0.028,7.000000000000001e-05,0.069,0.0001419999999999,0.0235,3
zwieback,No_descr,Baby Foods,426.0,10.1,9.7,74.2,12.5,2.5,0.082,5.3,2.44,1.319,0.239,0.208,20.0,0.6,14.0,0.0,55.0,0.54,0.016,0.0,0.134,0.000145,0.0287,3
babyfood,"dessert, dutch apple, strained",Baby Foods,75.0,0.2,0.4,19.74,17.89,1.4,0.011,21.4,0.04,0.048,0.013,0.011,5.0,0.2,2.0,0.0,3.0,0.01,0.002,0.0,0.001,5.9e-05,0.0002,0
babyfood,"dessert, dutch apple, junior",Baby Foods,79.0,0.2,0.16,19.18,17.89,1.4,0.017,18.0,0.04,0.048,0.012,0.01,3.0,0.11,4.0,0.02,7.0,0.03,0.001,0.0,0.0,3e-05,0.0002,0
babyfood,"cherry cobbler, junior",Baby Foods,78.0,0.3,0.1,19.2,10.39,0.2,0.02,9.3,0.03,0.06,0.01,0.01,5.0,0.1,2.0,0.02,6.0,0.05,0.002,0.0,0.002,1e-05,0.0009,0
babyfood,"dessert, cherry vanilla pudding, strained",Baby Foods,68.0,0.2,0.3,17.8,9.15,0.3,0.011,1.1,0.01,0.038,0.011,0.008,5.0,0.19,2.0,0.0,7.0,0.04,0.018,1e-05,0.0,5e-05,0.0006,0
babyfood,"dessert, cherry vanilla pudding, junior",Baby Foods,69.0,0.2,0.2,18.4,16.98,0.3,0.012,1.1,0.01,0.038,0.011,0.007,5.0,0.17,2.0,0.0,7.0,0.03,0.018,1e-05,0.0,5.1e-05,0.0006,0
babyfood,"dessert, fruit pudding, orange, strained",Baby Foods,80.0,1.1,0.9,17.7,0.0,0.6,0.027,9.1,0.0,0.119,0.057,0.04,32.0,0.1,5.0,0.0,28.0,0.17,0.006,1e-05,0.008,5e-05,0.0006,0
babyfood,"dessert, peach cobbler, strained",Baby Foods,65.0,0.3,0.0,17.8,10.62,0.7,0.007,20.5,0.31,0.259,0.014,0.009,4.0,0.1,2.0,0.0,5.0,0.3,0.007,0.0,0.002,0.00019,0.001,0
babyfood,"dessert, peach cobbler, junior",Baby Foods,67.0,0.3,0.0,18.3,11.89,0.7,0.007,20.5,0.31,0.259,0.015,0.01,4.0,0.1,2.0,0.0,6.0,0.03,0.007,0.0,0.004,0.000196,0.001,0
babyfood,"dessert, peach melba, strained",Baby Foods,60.0,0.2,0.0,16.5,0.0,0.0,0.006,31.4,0.0,0.343,0.036,0.006,10.0,0.33,2.0,0.0,5.0,0.28,0.056,0.0,0.0,0.000178,0.0,0
babyfood,"dessert, peach melba, junior",Baby Foods,60.0,0.3,0.0,16.4,0.0,0.0,0.006,26.0,0.0,0.272,0.03,0.007,11.0,0.3,2.0,0.0,5.0,0.28,0.026,0.0,0.0,0.000177,0.0,0
babyfood,"dessert, fruit pudding, pineapple, strained",Baby Foods,81.0,1.3,0.3,20.3,10.28,0.7,0.04,27.2,0.0,0.107,0.046,0.038,31.0,0.18,9.0,0.0,31.0,0.2,0.011,6e-05,0.005,2.3e-05,0.0012,0
babyfood,"dessert, fruit dessert, without ascorbic acid, strained",Baby Foods,59.0,0.3,0.0,16.0,12.6,0.6,0.037,2.5,0.29,0.143,0.009,0.016,9.0,0.22,5.0,0.0,7.0,0.04,0.007,0.0,0.003,3e-05,0.0004,0
babyfood,"dessert, fruit dessert, without ascorbic acid, junior",Baby Foods,63.0,0.3,0.0,17.2,12.0,0.6,0.033,3.0,0.29,0.144,0.012,0.021,9.0,0.21,5.0,0.0,8.0,0.05,0.007,0.0,0.004,3e-05,0.0004,0
babyfood,"dessert, tropical fruit, junior",Baby Foods,60.0,0.2,0.0,16.4,0.0,0.0,0.031,18.8,0.0,0.08,0.031,0.011,10.0,0.26,5.0,0.0,8.0,0.05,0.001,0.0,0.003,2.8e-05,0.0004,0
babyfood,"dessert, custard pudding, vanilla, strained",Baby Foods,85.0,1.6,2.0,16.0,11.5,0.0,0.02,0.8,0.23,0.04,0.08,0.012,55.0,0.24,5.0,0.0,45.0,0.28,0.018,1e-05,0.006,5e-05,0.0024,0
babyfood,"dessert, custard pudding, vanilla, junior",Baby Foods,86.0,1.76,0.98,17.58,12.2,0.2,0.03,0.4,0.09,0.076,0.054,0.012,54.0,0.22,5.0,0.01,55.0,0.3,0.013,0.00023,0.006,1e-05,0.0024,0
babyfood,"juice, apple and grape",Baby Foods,46.0,0.1,0.2,11.34,10.9,0.1,0.034,31.5,0.0,0.109,0.021,0.007,6.0,0.39,6.0,0.0,5.0,0.04,0.0,0.0,0.001,7.8e-05,0.0001,0
babyfood,"juice, fruit punch, with calcium",Baby Foods,52.0,0.2,0.1,12.7,10.6,0.4,0.05,21.2,0.01,0.1,0.02,0.01,64.0,0.3,7.0,0.09,11.0,0.04,0.0,0.0,0.001,2e-05,0.0001,0
babyfood,"juice, apple and cherry",Baby Foods,41.0,0.1,0.2,9.9,8.98,0.1,0.031,58.3,0.02,0.094,0.015,0.008,5.0,0.66,3.0,0.0,6.0,0.03,0.0,0.0,0.0,4.3e-05,0.0001,0
babyfood,"juice, apple, with calcium",Baby Foods,46.0,0.06,0.1,11.1,9.0,0.4,0.03,21.2,0.0,0.08,0.02,0.02,127.0,0.2,6.0,0.29,8.0,0.03,0.0,0.0,0.0,1e-05,0.0001,0
babyfood,"dinner, vegetables and chicken, junior",Baby Foods,53.0,2.04,1.12,8.66,1.46,1.1,0.046,0.2,0.16,0.628,0.046,0.025,27.0,0.33,8.0,0.11,32.0,0.3,0.131,2e-05,0.003,2e-05,0.0021,0
babyfood,"dinner, mixed vegetable, strained",Baby Foods,41.0,1.2,0.1,9.5,0.0,0.0,0.075,2.8,0.0,0.502,0.031,0.015,22.0,0.33,11.0,0.0,24.0,0.16,0.136,0.0,0.008,4.4e-05,0.0007,0
babyfood,"dinner, mixed vegetable, junior",Baby Foods,33.0,1.0,0.0,8.0,0.0,0.0,0.075,3.3,0.0,0.414,0.024,0.014,17.0,0.31,10.0,0.0,22.0,0.24,0.122,0.0,0.007,3.5999999999999994e-05,0.0007,0
babyfood,"fruit, bananas with tapioca, junior",Baby Foods,67.0,0.4,0.2,17.8,7.1,1.6,0.139,25.7,0.6,0.218,0.02,0.015,8.0,0.3,12.0,0.0,9.0,0.07,0.002,0.0,0.006,4.6e-05,0.0006,0
babyfood,"vegetables, mix vegetables junior",Baby Foods,36.0,1.4,0.4,8.2,1.78,1.5,0.081,2.5,0.52,0.665,0.032,0.029,11.0,0.41,11.0,0.0,25.0,0.27,0.21,0.0,0.004,4.1e-05,0.0007,0
babyfood,"vegetables, garden vegetable, strained",Baby Foods,32.0,2.3,0.2,6.8,2.57,1.5,0.1,5.7,0.52,0.779,0.069,0.061,28.0,0.83,21.0,0.0,28.0,0.26,0.303,0.0,0.04,7.000000000000001e-05,0.0007,0
babyfood,"vegetables, mix vegetables strained",Baby Foods,36.0,1.0,0.5,8.25,1.57,1.5,0.055,1.7,0.24,0.327,0.025,0.022,13.0,0.32,10.0,0.0,22.0,0.15,0.158,0.0,0.004,4e-05,0.0007,0
babyfood,"dinner, beef noodle, junior",Baby Foods,57.0,2.5,1.9,7.3,1.45,1.1,0.031,1.4,0.47,0.582,0.036,0.028,8.0,0.43,7.0,0.0,30.0,0.4,0.033,0.0001,0.017,3.2e-05,0.0057,0
babyfood,"apples with ham, strained",Baby Foods,62.0,2.6,0.9,10.9,7.98,1.8,0.07,0.1,0.07,0.73,0.06,0.06,4.0,0.3,7.0,0.02,34.0,0.4,0.0,2e-05,0.002,4e-05,0.0046,0
babyfood,"carrots and beef, strained",Baby Foods,59.0,3.4,2.5,5.7,2.04,2.6,0.1,0.8,0.65,0.93,0.06,0.02,22.0,0.5,13.0,0.14,45.0,0.8,0.723,0.0003,0.017,5.4e-05,0.0028,0
babyfood,"plums, bananas and rice, strained",Baby Foods,57.0,1.1,0.3,12.7,9.3,1.3,0.13,12.3,0.24,0.8,0.05,0.04,3.0,0.0,11.0,0.0,32.0,0.13,0.007,0.0,0.006,5.4e-05,0.0024,0
babyfood,"dinner, turkey, rice, and vegetables, toddler",Baby Foods,60.0,3.8,1.6,7.5,0.66,0.8,0.13,0.3,0.15,2.11,0.07,0.07,11.0,0.4,14.0,0.23,63.0,0.61,0.113,0.0001,0.003,0.0001,0.0033,0
babyfood,"dinner, apples and chicken, strained",Baby Foods,65.0,2.16,1.38,10.88,6.06,1.8,0.083,0.2,0.07,0.577,0.057,0.02,18.0,0.38,6.0,0.03,32.0,0.36,0.002,2e-05,0.001,4e-05,0.0025,0
babyfood,"dinner, broccoli and chicken, junior",Baby Foods,62.0,3.59,2.48,6.34,1.43,1.4,0.052,17.7,0.6,0.964,0.098,0.019,37.0,0.52,12.0,0.12,58.0,0.39,0.024,0.00033,0.076,3e-05,0.0022,0
babyfood,"beverage, GERBER GRADUATE FRUIT SPLASHERS",Baby Foods,31.0,0.0,0.0,7.4,6.12,0.0,0.022,35.3,0.0,0.06,0.013,0.007,71.0,0.0,3.0,0.087,3.0,0.71,0.0,0.0,0.001,1.4e-05,0.0001,0
babyfood,"snack, GERBER GRADUATE YOGURT MELTS",Baby Foods,429.0,14.29,4.0,71.43,57.14,2.3,0.168,57.1,6.43,3.301,0.817,0.113,457.0,0.0,53.0,0.077,382.0,1.77,0.107,0.0017,0.055,9.2e-05,0.0118,1
babyfood,"dinner, sweet potatoes and chicken, strained",Baby Foods,74.0,2.51,2.17,11.04,2.65,1.3,0.137,0.0,0.58,1.04,0.04,0.02,30.0,0.45,13.0,0.153,25.0,0.37,0.216,5e-05,0.006,8.1e-05,0.0017,0
babyfood,"dinner, potatoes with cheese and ham, toddler",Baby Foods,78.0,3.5,2.0,11.97,0.8,1.2,0.16,0.1,0.02,1.06,0.1,0.05,53.0,0.4,14.0,0.018,108.0,0.6,0.008,7.000000000000001e-05,0.006,6e-05,0.0055,0
babyfood,"cereal, barley, prepared with whole milk",Baby Foods,84.0,3.73,3.26,9.94,5.1,0.6,0.06,0.2,0.43,2.707,0.353,0.242,162.0,3.49,18.0,0.004,110.0,0.57,0.043,0.0004199999999999,0.007,5.7e-05,0.0056,0
babyfood,"cereal, high protein, prepared with whole milk",Baby Foods,111.0,8.7,3.8,11.6,0.0,0.0,0.113,0.0,0.0,5.668,0.579,0.47,218.0,12.14,48.0,0.0,177.0,1.04,0.0,0.0003,0.035,0.000217,0.0,0
babyfood,"cereal, mixed, prepared with whole milk",Baby Foods,96.0,4.14,3.38,12.3,4.78,0.8,0.053,0.3,0.47,3.88,0.448,0.308,220.0,10.43,20.0,0.004,118.0,0.59,0.041,0.0004,0.009,5.9e-05,0.0060999999999999,0
babyfood,"cereal, mixed, with bananas, prepared with whole milk",Baby Foods,86.0,3.82,3.46,10.0,5.9,0.4,0.065,0.4,0.44,1.605,0.437,0.315,153.0,3.63,18.0,0.004,111.0,0.49,0.043,0.00043,0.006,5.3e-05,0.0049,0
babyfood,"cereal, oatmeal, prepared with whole milk",Baby Foods,116.0,5.0,4.1,15.3,0.0,1.1,0.06,1.3,0.0,5.981,0.563,0.506,220.0,12.14,35.0,0.0,160.0,0.92,0.022,0.0003,0.01,9.4e-05,0.0,0
babyfood,"cereal, oatmeal, with bananas, prepared with whole milk",Baby Foods,86.0,3.82,3.46,10.0,5.9,0.4,0.104,0.4,0.44,1.605,0.437,0.315,153.0,3.63,18.0,0.004,111.0,0.49,0.043,0.00043,0.006,5.3e-05,0.0049,0
babyfood,"cereal, oatmeal, with honey, prepared with whole milk",Baby Foods,115.0,5.0,3.9,15.3,0.0,0.0,0.06,0.0,0.0,6.034,0.602,0.487,289.0,11.09,35.0,0.0,198.0,0.93,0.0,0.0003,0.01,9.5e-05,0.0,0
babyfood,"cereal, rice, prepared with whole milk",Baby Foods,85.0,3.45,3.38,10.31,4.87,0.0,0.069,0.2,0.44,2.449,0.324,0.243,168.0,3.63,25.0,0.004,122.0,0.49,0.042,0.00041,0.006,4.8e-05,0.0043,0
babyfood,"cereal, rice, with honey, prepared with whole milk",Baby Foods,115.0,3.9,3.3,17.1,0.0,0.0,0.115,0.0,0.0,6.083,0.608,0.476,291.0,10.81,45.0,0.0,181.0,0.65,0.021,0.0003,0.008,6.3e-05,0.0,0
babyfood,"cereal, mixed, with honey, prepared with whole milk",Baby Foods,115.0,5.0,3.6,15.9,0.0,0.0,0.067,0.0,0.0,6.26,0.583,0.447,294.0,11.27,28.0,0.0,184.0,0.72,0.0,0.0003,0.011,6.4e-05,0.0,0
babyfood,"cereal, high protein, with apple and orange, prepared with whole milk",Baby Foods,112.0,6.9,3.9,13.4,0.0,0.0,0.092,0.0,0.0,3.987,0.847,0.655,223.0,14.42,37.0,0.0,166.0,0.76,0.0,0.00035,0.028,0.000166,0.0,0
babyfood,"cereal, rice, with bananas, prepared with whole milk",Baby Foods,86.0,3.57,3.32,10.49,6.13,0.1,0.085,0.2,0.09,1.849,0.444,0.684,156.0,3.63,20.0,0.004,109.0,0.46,0.043,0.00043,0.006,4.2e-05,0.0043,0
infant formula,"NESTLE, GOOD START SUPREME, with iron, ready-to-feed",Baby Foods,66.0,1.45,3.37,7.39,5.0,0.0,0.05,5.9,0.99,0.693,0.092,0.066,42.0,0.99,5.0,0.0,24.0,0.53,0.06,0.00022,0.017,5.3e-05,0.0013,0
infant formula,"NESTLE, GOOD START SUPREME, with iron, liquid concentrate, not reconstituted",Baby Foods,127.0,2.79,6.5,14.2,9.7,0.0,0.095,11.0,1.91,1.33,0.178,0.127,81.0,1.9,9.0,0.0,46.0,1.02,0.114,0.0004199999999999,0.032,0.0001,0.0016,0
infant formula,"NESTLE, GOOD START SUPREME, with iron, powder",Baby Foods,509.0,11.3,26.1,57.32,39.3,0.0,0.384,46.1,7.7,5.38,0.717,0.512,343.0,7.7,36.0,0.0,184.0,4.1,0.461,0.0011,0.131,0.00041,0.0101999999999999,1
infant formula,"MEAD JOHNSON, ENFAMIL, with iron, ready-to-feed",Baby Foods,63.0,1.38,3.5,7.2,7.18,0.0,0.04,7.9,0.87,0.66,0.092,0.052,51.0,1.18,5.0,0.0,35.0,0.66,0.058,0.00019,0.018,5e-05,0.0018,0
infant formula,"MEAD JOHNSON, ENFAMIL, with iron, powder",Baby Foods,520.0,10.8,27.0,56.2,56.0,0.0,0.31,62.0,6.9,5.2,0.72,0.41,400.0,9.3,41.0,0.0,270.0,5.2,0.47,0.00155,0.141,0.00039,0.0145,1
infant formula,"MEAD JOHNSON, ENFAMIL, low iron, ready-to-feed",Baby Foods,63.0,1.38,3.5,7.18,7.18,0.0,0.04,7.9,0.87,0.66,0.092,0.052,51.0,0.46,5.0,0.01,35.0,0.66,0.058,0.00019,0.018,5e-05,0.0018,0
infant formula,"MEAD JOHNSON, ENFAMIL, LIPIL, with iron, powder, with ARA and DHA",Baby Foods,511.0,10.8,27.0,56.2,56.0,0.0,0.31,62.0,6.9,5.2,0.72,0.41,400.0,9.3,41.0,0.0,270.0,5.2,0.47,0.00155,0.141,0.00039,0.0145,1
infant formula,"MEAD JOHNSON, ENFAMIL, low iron, powder, not reconstituted",Baby Foods,511.0,10.8,27.0,56.2,56.0,0.0,0.31,62.0,6.9,5.2,0.72,0.41,400.0,3.6,41.0,0.0,270.0,5.2,0.47,0.00155,0.141,0.00039,0.0145,1
infant formula,"MEAD JOHNSON, ENFAMIL, LIPIL, with iron, liquid concentrate, with ARA and DHA",Baby Foods,131.0,2.76,6.96,14.34,14.0,0.0,0.079,15.8,1.22,1.313,0.184,0.105,102.0,2.36,11.0,0.0,70.0,1.31,0.118,0.00039,0.036,9.8e-05,0.0036,0
infant formula,"MEAD JOHNSON, ENFAMIL, NUTRAMIGEN, with iron, ready-to-feed",Baby Foods,66.0,1.83,3.5,6.81,5.13,0.0,0.04,7.9,0.87,0.66,0.059,0.052,62.0,1.18,7.0,0.0,42.0,0.66,0.058,0.00019,0.018,5e-05,0.0018,0
infant formula,"MEAD JOHNSON, ENFAMIL, NUTRAMIGEN, with iron, powder, not reconstituted",Baby Foods,502.0,14.2,25.0,55.0,55.0,0.0,0.3,60.0,6.6,5.0,0.45,0.4,470.0,8.9,55.0,0.124,310.0,5.0,0.45,0.00149,0.134,0.00037,0.0139,1
infant formula,"MEAD JOHNSON, ENFAMIL LIPIL, with iron, ready-to-feed, with ARA and DHA",Baby Foods,64.0,1.38,3.5,7.1,7.1,0.0,0.04,7.9,0.87,0.66,0.092,0.052,51.0,1.18,5.0,0.01,35.0,0.66,0.058,0.00019,0.018,5e-05,0.0018,0
infant formula,"MEAD JOHNSON, ENFAMIL, NUTRAMIGEN, with iron, liquid concentrate, not reconstituted",Baby Foods,127.0,3.53,6.73,13.12,13.08,0.0,0.077,15.1,1.68,1.27,0.114,0.101,120.0,2.28,14.0,0.0,80.0,1.27,0.112,0.00037,0.034,9.5e-05,0.0035,0
infant formula,"MEAD JOHNSON, ENFAMIL, LIPIL, low iron, powder, with ARA and DHA",Baby Foods,511.0,10.8,27.0,56.2,56.0,0.0,0.31,62.0,6.9,5.2,0.72,0.41,400.0,3.6,41.0,0.0,270.0,5.2,0.47,0.00155,0.141,0.00039,0.0145,1
infant formula,"MEAD JOHNSON, ENFAMIL, LIPIL, low iron, liquid concentrate, with ARA and DHA",Baby Foods,131.0,2.76,7.16,14.24,14.24,0.0,0.079,15.8,1.22,1.313,0.184,0.105,102.0,0.92,11.0,0.0,70.0,1.31,0.118,0.00039,0.036,9.8e-05,0.0036,0
child formula,"MEAD JOHNSON, PORTAGEN, with iron, powder, not reconstituted",Baby Foods,483.0,16.5,22.0,54.8,54.0,0.0,0.98,38.0,9.8,9.8,0.88,0.74,440.0,8.8,98.0,0.0,330.0,4.4,1.11,0.0029,0.126,0.00074,0.0,1
child formula,"MEAD JOHNSON, PORTAGEN, with iron, prepared from powder",Baby Foods,88.0,3.33,4.48,8.57,7.4,0.0,0.194,7.6,2.0,1.944,0.176,0.148,88.0,1.75,19.0,0.0,66.0,0.88,0.222,0.00057,0.025,0.000148,0.0,0
infant formula,"MEAD JOHNSON, PREGESTIMIL, with iron, powder, not reconstituted",Baby Foods,519.0,14.0,28.0,52.8,51.0,0.0,0.3,60.0,13.4,5.0,0.45,0.4,580.0,9.4,55.0,0.0,380.0,5.0,0.57,0.0015,0.136,0.00038,0.014,1
infant formula,"MEAD JOHNSON, PREGESTIMIL, with iron, prepared from powder",Baby Foods,67.0,1.82,3.65,6.63,6.63,0.0,0.039,7.8,1.74,0.654,0.059,0.052,75.0,1.17,7.0,0.0,49.0,0.65,0.075,0.00019,0.018,4.9000000000000005e-05,0.0018,0
infant formula,"MEAD JOHNSON, PROSOBEE, with iron, ready-to-feed",Baby Foods,63.0,1.64,3.5,6.11,6.11,0.0,0.04,7.9,0.87,0.66,0.059,0.052,69.0,1.18,7.0,0.0,54.0,0.79,0.058,0.00019,0.018,5e-05,0.0018,0
infant formula,"MEAD JOHNSON, PROSOBEE, with iron, liquid concentrate, not reconstituted",Baby Foods,131.0,3.19,7.13,13.58,13.58,0.0,0.077,15.3,1.7,1.28,0.115,0.102,134.0,2.3,14.0,0.0,106.0,1.53,0.113,0.00038,0.034,9.6e-05,0.0036,0
infant formula,"MEAD JOHNSON, ENFAMIL, LIPIL, low iron, ready to feed, with ARA and DHA",Baby Foods,64.0,1.38,3.5,7.18,7.18,0.0,0.04,7.9,0.87,0.66,0.092,0.052,51.0,0.46,5.0,0.01,35.0,0.66,0.058,0.00019,0.018,5e-05,0.0018,0
infant formula,"MEAD JOHNSON, ENFAMIL, PROSOBEE, with iron, powder, not reconstituted",Baby Foods,510.0,12.5,27.0,54.3,53.0,0.0,0.3,60.0,6.7,5.0,0.45,0.4,530.0,9.0,55.0,0.0,420.0,6.0,0.45,0.0015,0.136,0.00038,0.014,1
infant formula,"MEAD JOHNSON, ENFAMIL, LACTOFREE LIPIL, with iron, powder, with ARA and DHA",Baby Foods,521.0,10.9,28.0,56.3,54.77,0.0,0.31,62.0,4.7,5.2,0.73,0.42,430.0,9.4,42.0,0.0,290.0,5.2,0.47,0.00156,0.141,0.00039,0.0146,1
infant formula,"MEAD JOHNSON, ENFAMIL, LACTOFREE, LIPIL, with iron, liquid concentrate, not reconstituted, with ARA and DHA",Baby Foods,132.0,2.68,7.11,14.42,13.96,0.0,0.077,15.3,1.7,1.283,0.179,0.102,104.0,2.3,10.0,0.0,70.0,1.28,0.113,0.00038,0.034,9.6e-05,0.0036,0
infant formula,"MEAD JOHNSON, ENFAMIL, LIPIL, ready-to-feed, with ARA and DHA",Baby Foods,66.0,1.38,3.5,6.44,6.44,0.0,0.04,7.9,0.87,0.66,0.092,0.052,54.0,1.18,5.0,0.0,36.0,0.66,0.058,0.00019,0.018,5e-05,0.0018,0
infant formula,"ABBOTT NUTRITION, SIMILAC, PM 60/40, powder not reconstituted (formerly ROSS)",Baby Foods,524.0,11.4,28.71,54.94,52.38,0.0,0.308,46.2,8.61,5.392,0.77,0.514,288.0,1.13,31.0,0.026,144.0,3.85,0.462,0.00128,0.131,0.000462,0.0098,1
infant formula,"MEAD JOHNSON, ENFAMIL, NUTRAMIGEN LIPIL, with iron, powder, not reconstituted, with ARA and DHA",Baby Foods,494.0,13.9,26.0,51.0,51.0,0.0,0.3,60.0,6.6,5.0,0.45,0.4,470.0,8.9,55.0,0.124,310.0,5.0,0.45,0.00149,0.134,0.00037,0.0139,1
infant formula,"ABBOTT NUTRITION, SIMILAC, NATURAL CARE, ADVANCE, ready-to-feed, with ARA and DHA (formerly ROSS)",Baby Foods,78.0,2.12,4.24,8.2,8.2,0.0,0.195,28.9,2.09,3.902,0.484,0.195,163.0,0.29,9.0,0.009,91.0,1.17,0.292,0.00043,0.049,0.000195,0.0014,0
infant formula,"ABBOTT NUTRITION, SIMILAC, SPECIAL CARE, ADVANCE 24, with iron, ready-to-feed, with ARA and DHA (formerly ROSS)",Baby Foods,71.0,1.8,3.26,8.73,8.3,0.0,0.196,29.1,2.11,3.927,0.487,0.196,141.0,1.41,9.0,0.009,79.0,1.18,0.294,0.00043,0.049,0.000196,0.0014,0
infant formula,"ABBOTT NUTRITION, SIMILAC, ISOMIL, with iron, ready-to-feed (formerly ROSS)",Baby Foods,66.0,1.61,3.59,6.7,6.7,0.0,0.039,5.9,1.32,0.887,0.059,0.039,69.0,1.18,5.0,0.016,49.0,0.49,0.059,0.0003,0.017,4.9000000000000005e-05,0.0014,0
infant formula,"ABBOTT NUTRITION, SIMILAC, ISOMIL, with iron, liquid concentrate (formerly ROSS)",Baby Foods,128.0,3.13,6.98,13.21,13.1,0.0,0.077,11.5,1.2,1.725,0.115,0.077,134.0,2.3,10.0,0.032,96.0,0.96,0.114,0.00058,0.033,9.6e-05,0.0027,0
infant formula,"ABBOTT NUTRITION, SIMILAC, ISOMIL, with iron, powder, not reconstituted (formerly ROSS)",Baby Foods,517.0,12.6,28.09,53.57,52.97,0.0,0.309,46.3,5.1,6.943,0.463,0.309,540.0,9.26,39.0,0.129,386.0,3.86,0.462,0.00231,0.131,0.000386,0.0108,1
infant formula,"MEAD JOHNSON, ENFAMIL, NUTRAMIGEN, LIPIL, with iron, liquid concentrate not reconstituted, with ARA and DHA",Baby Foods,126.0,3.53,6.73,13.12,9.87,0.0,0.077,15.1,1.68,1.271,0.114,0.101,123.0,2.28,14.0,0.0,80.0,1.27,0.112,0.00037,0.034,9.5e-05,0.0035,0
infant formula,"MEAD JOHNSON, ENFAMIL, NUTRAMIGEN, LIPIL, with iron, ready-to-feed, with ARA and DHA",Baby Foods,66.0,1.83,3.5,6.81,5.13,0.0,0.04,7.9,0.87,0.66,0.059,0.052,62.0,1.18,7.0,0.0,42.0,0.66,0.058,0.00019,0.018,5e-05,0.0018,0
infant formula,"ABBOTT NUTRITION, SIMILAC, ALIMENTUM, with iron, ready-to-feed (formerly ROSS)",Baby Foods,66.0,1.8,3.63,6.77,4.4,0.0,0.039,5.9,1.32,0.885,0.059,0.039,69.0,1.18,5.0,0.006,49.0,0.49,0.059,0.0003,0.017,4.9000000000000005e-05,0.0012,0
infant formula,"MEAD JOHNSON, ENFAMIL, ENFACARE LIPIL, with iron, powder, with ARA and DHA",Baby Foods,514.0,12.5,27.0,56.0,51.0,0.0,0.49,79.0,9.0,9.9,0.99,0.2,590.0,8.9,39.0,0.0,330.0,6.2,0.474,0.00148,0.187,0.0005899999999999,0.0146,1
infant formula,"ABBOTT NUTRITION, SIMILAC, with iron, ready-to-feed (formerly ROSS)",Baby Foods,65.0,1.36,3.55,6.92,6.9,0.0,0.039,5.9,1.32,0.69,0.099,0.066,51.0,1.18,4.0,0.003,28.0,0.49,0.059,0.00016,0.017,5.9e-05,0.0012,0
infant formula,"ABBOTT NUTRITION, SIMILAC, with iron, liquid concentrate, not reconstituted (formerly ROSS)",Baby Foods,127.0,2.64,6.89,13.76,13.76,0.0,0.076,11.5,1.28,1.339,0.191,0.127,99.0,2.3,8.0,0.006,54.0,0.96,0.114,0.00032,0.033,0.000115,0.0028,0
infant formula,"MEAD JOHNSON, ENFAMIL, PROSOBEE LIPIL, with iron, powder, not reconstituted, with ARA and DHA",Baby Foods,510.0,12.5,27.0,53.0,53.0,0.0,0.3,60.0,6.4,5.0,0.45,0.4,530.0,9.5,55.0,0.125,420.0,6.0,0.43,0.0014199999999999,0.136,0.00038,0.0133,1
infant formula,"ABBOTT NUTRITION, SIMILAC, with iron, powder, not reconstituted (formerly ROSS)",Baby Foods,522.0,10.89,28.87,54.73,54.73,0.0,0.316,47.3,5.29,5.522,0.789,0.526,410.0,9.47,32.0,0.026,221.0,3.94,0.473,0.00132,0.134,0.0004729999999999,0.0116,1
infant formula,"MEAD JOHNSON, ENFAMIL, PROSOBEE, LIPIL, liquid concentrate, not reconstituted, with ARA and DHA",Baby Foods,131.0,3.19,7.11,13.58,13.58,0.0,0.077,15.3,1.16,1.283,0.115,0.102,134.0,2.3,14.0,0.0,106.0,1.53,0.113,0.00038,0.034,9.6e-05,0.0036,0
infant formula,"ABBOTT NUTRITION, SIMILAC, low iron, ready-to-feed (formerly ROSS)",Baby Foods,65.0,1.36,3.55,6.93,6.93,0.0,0.039,5.9,1.32,0.69,0.099,0.066,51.0,0.14,4.0,0.003,28.0,0.49,0.059,0.00016,0.017,5.9e-05,0.0014,0
infant formula,"ABBOTT NUTRITION, SIMILAC, low iron, liquid concentrate, not reconstituted (formerly ROSS)",Baby Foods,127.0,2.64,6.89,13.76,13.76,0.0,0.076,11.5,1.28,1.339,0.191,0.127,99.0,0.89,8.0,0.006,54.0,0.96,0.114,0.00032,0.033,0.000115,0.0028,0
infant formula,"MEAD JOHNSON, PROSOBEE LIPIL, with iron, ready to feed, with ARA and DHA",Baby Foods,64.0,1.64,3.5,6.11,6.11,0.0,0.04,7.9,0.87,0.66,0.059,0.052,69.0,1.18,7.0,0.0,54.0,0.79,0.058,0.00019,0.018,5e-05,0.0018,0
infant formula,"ABBOTT NUTRITION, SIMILAC, low iron, powder, not reconstituted (formerly ROSS)",Baby Foods,522.0,10.85,28.87,54.78,54.7,0.0,0.316,47.3,5.29,5.522,0.789,0.526,410.0,3.68,32.0,0.026,221.0,3.94,0.473,0.00132,0.134,0.0004729999999999,0.0116,1
infant formula,"NESTLE, GOOD START SOY, with DHA and ARA, ready-to-feed",Baby Foods,64.0,1.6,3.28,7.13,5.68,0.0,0.038,7.7,0.94,0.864,0.06,0.039,67.0,1.15,7.0,0.0,41.0,0.58,0.058,0.00019,0.017,5.1e-05,0.0019,0
child formula,"ABBOTT NUTRITION, PEDIASURE, ready-to-feed (formerly ROSS)",Baby Foods,99.0,2.86,4.77,11.15,10.5,0.0,0.248,9.5,1.46,1.614,0.201,0.258,93.0,1.34,19.0,0.239,76.0,1.15,0.074,0.00057,0.06,9.5e-05,0.0022,0
infant formula,"MEAD JOHNSON, NEXT STEP, PROSOBEE LIPIL, powder, with ARA and DHA",Baby Foods,480.0,15.6,21.0,57.1,56.0,0.0,0.28,57.0,6.4,4.7,0.43,0.38,920.0,9.5,52.0,0.24,620.0,5.7,0.43,0.0014199999999999,0.129,0.0003599999999999,0.0133,1
infant formula,"MEAD JOHNSON, NEXT STEP, PROSOBEE, LIPIL, ready to feed, with ARA and DHA",Baby Foods,67.0,2.14,2.91,8.09,7.77,0.0,0.04,7.9,0.6,0.66,0.059,0.052,128.0,1.31,7.0,0.033,85.0,0.79,0.058,0.00019,0.018,5e-05,0.0018,0
infant formula,"NESTLE, GOOD START SOY, with ARA and DHA, powder",Baby Foods,503.0,12.5,25.6,55.6,44.38,0.0,0.301,60.1,7.34,6.764,0.471,0.301,526.0,9.0,55.0,0.0,316.0,4.51,0.451,0.0015,0.136,0.000401,0.015,1
infant formula,"MEAD JOHNSON, ENFAMIL, LACTOFREE, ready-to-feed",Baby Foods,63.0,1.38,3.5,7.18,7.18,0.0,0.04,7.9,0.87,0.66,0.092,0.052,53.0,1.18,5.0,0.0,36.0,0.66,0.058,0.00019,0.018,5e-05,0.0018,0
infant formula,"MEAD JOHNSON, ENFAMIL, LACTOFREE, with iron, powder, not reconstituted",Baby Foods,521.0,10.85,28.0,57.0,57.0,0.0,0.31,62.0,6.9,5.2,0.13,0.42,430.0,9.4,42.0,0.0,290.0,5.2,0.47,0.00156,0.141,0.00039,0.0146,1
child formula,"ABBOTT NUTRITION, PEDIASURE, ready-to-feed, with iron and fiber (formerly ROSS)",Baby Foods,99.0,2.8,4.7,11.28,7.6,0.5,0.248,9.6,1.46,0.96,0.2,0.256,92.0,1.32,19.0,0.144,80.0,0.56,0.046,0.00056,0.048,0.000106,0.003,0
infant formula,"NESTLE, GOOD START 2 ESSENTIALS, with iron, ready-to-feed",Baby Foods,65.0,1.7,2.7,8.54,6.19,0.0,0.042,5.9,0.91,0.65,0.091,0.052,78.0,1.2,5.0,0.0,52.0,0.52,0.048,0.00016,0.017,5.5e-05,0.0013,0
infant formula,"NESTLE, GOOD START 2 ESSENTIALS, with iron, liquid concentrate, not reconstituted",Baby Foods,125.0,3.25,5.13,16.5,11.9,0.0,0.081,11.0,1.75,1.25,0.175,0.1,150.0,2.25,10.0,0.0,100.0,1.0,0.098,0.00031,0.032,0.000106,0.0025,0
infant formula,"NESTLE, GOOD START 2 ESSENTIALS, with iron, powder",Baby Foods,471.0,12.2,19.3,62.23,44.3,0.0,0.306,42.0,6.6,4.71,0.659,0.377,565.0,8.5,38.0,0.0,377.0,4.0,0.354,0.0012,0.121,0.0004,0.0094,1
infant formula,"NESTLE, GOOD START ESSENTIALS SOY, with iron, ready-to-feed",Baby Foods,65.0,1.63,3.3,7.17,5.69,0.0,0.039,7.8,0.95,0.845,0.061,0.039,68.0,1.25,7.0,0.0,41.0,0.6,0.05,0.0002,0.017,7.8e-05,0.0016,0
infant formula,"NESTLE, GOOD START ESSENTIALS SOY, with iron, liquid concentrate, not reconstituted",Baby Foods,128.0,3.2,6.5,14.1,11.2,0.0,0.076,15.2,1.86,1.65,0.119,0.076,133.0,2.29,14.0,0.0,80.0,1.14,0.1,0.00038,0.035,0.000152,0.0025,0
infant formula,"NESTLE, GOOD START ESSENTIALS SOY, with iron, powder",Baby Foods,502.0,12.5,25.5,55.7,44.38,0.0,0.301,60.1,7.34,6.513,0.471,0.301,526.0,9.0,55.0,0.0,316.0,4.51,0.466,0.0015,0.136,0.000601,0.01,1
infant formula,"MEAD JOHNSON, NEXT STEP PROSOBEE, powder, not reconstituted",Baby Foods,480.0,15.6,21.0,57.1,56.0,0.0,0.28,57.0,4.28,4.7,0.43,0.38,920.0,9.5,52.0,0.24,620.0,5.7,0.43,0.0014199999999999,0.129,0.0003599999999999,0.0133,1
infant formula,"MEAD JOHNSON,NEXT STEP PROSOBEE, prepared from powder",Baby Foods,67.0,2.14,2.91,8.08,7.77,0.0,0.04,7.9,0.87,0.66,0.059,0.052,128.0,1.31,7.0,0.033,85.0,0.79,0.058,0.00019,0.018,5e-05,0.0018,0
babyfood,"corn and sweet potatoes, strained",Baby Foods,68.0,1.26,0.28,15.23,4.0,1.8,0.06,5.0,0.51,0.444,0.041,0.018,18.0,0.31,10.0,0.0,29.0,0.19,0.126,1e-05,0.014,5.1e-05,0.0011,0
infant formula,"ABBOTT NUTRITION, SIMILAC, ALIMENTUM, ADVANCE, ready-to-feed, with ARA and DHA (formerly ROSS)",Baby Foods,67.0,1.8,3.63,6.77,4.4,0.0,0.039,5.9,1.32,0.885,0.059,0.039,69.0,1.18,5.0,0.006,49.0,0.49,0.059,0.0003,0.017,4.9000000000000005e-05,0.0012,0
infant formula,"PBM PRODUCTS, store brand, ready-to-feed (formerly WYETH-AYERST)",Baby Foods,63.0,1.4,3.5,6.39,6.4,0.0,0.04,5.6,0.41,0.49,0.1,0.07,41.0,1.18,5.0,0.0,28.0,0.53,0.059,0.00013,0.009,4.6e-05,0.0014,0
infant formula,"PBM PRODUCTS, store brand, liquid concentrate, not reconstituted (formerly WYETH-AYERST)",Baby Foods,130.0,2.9,7.0,13.9,13.9,0.0,0.08,11.2,0.83,0.99,0.2,0.13,83.0,2.36,9.0,0.0,55.0,1.06,0.118,0.00026,0.017,9.2e-05,0.0026,0
infant formula,"PBM PRODUCTS, store brand, powder (formerly WYETH-AYERST)",Baby Foods,524.0,12.0,28.0,56.0,56.0,0.0,0.33,43.3,3.38,3.94,0.79,0.53,331.0,9.5,36.0,0.0,221.0,3.9,0.473,0.00102,0.066,0.00037,0.011,1
infant formula,"PBM PRODUCTS, store brand, soy, ready-to-feed (formerly WYETH-AYERST)",Baby Foods,63.0,1.8,3.5,6.09,6.1,0.0,0.04,5.4,0.42,0.49,0.1,0.07,59.0,1.18,7.0,0.0,41.0,0.53,0.059,0.0002,0.009,4.6e-05,0.0014,0
infant formula,"PBM PRODUCTS, store brand, soy, liquid concentrate, not reconstituted (formerly WYETH-AYERST)",Baby Foods,126.0,3.6,7.0,12.18,12.18,0.0,0.08,10.8,0.83,0.98,0.2,0.14,118.0,2.36,14.0,0.0,82.0,1.06,0.118,0.0004,0.017,9.2e-05,0.0036,0
infant formula,"PBM PRODUCTS, store brand, soy, powder (formerly WYETH-AYERST)",Baby Foods,508.0,13.6,27.2,52.2,52.2,0.0,0.32,42.0,3.24,3.78,0.76,0.5,453.0,9.1,51.0,0.0,317.0,3.8,0.473,0.0015,0.064,0.0003549999999999,0.011,1
infant formula,"MEAD JOHNSON, ENFAMIL, AR LIPIL, ready-to-feed, with ARA and DHA",Baby Foods,68.0,1.71,3.49,7.53,6.44,0.0,0.041,8.2,0.62,0.684,0.096,0.055,53.0,1.23,5.0,0.0,36.0,0.68,0.058,0.0002099999999999,0.019,5.1e-05,0.0019,0
infant formula,"MEAD JOHNSON, ENFAMIL, AR LIPIL, powder, with ARA and DHA",Baby Foods,509.0,12.73,25.97,56.03,56.03,0.0,0.306,61.1,4.6,5.088,0.713,0.408,397.0,9.16,41.0,0.0,269.0,5.09,0.459,0.00153,0.139,0.000382,0.0143,1
infant formula,"ABBOTT NUTRITION, SIMILAC NEOSURE, ready-to-feed, with ARA and DHA (formerly ROSS)",Baby Foods,69.0,1.92,3.77,6.94,6.9,0.0,0.068,10.3,1.11,1.336,0.102,0.151,72.0,1.23,6.0,0.006,42.0,0.82,0.094,0.00027,0.029,8.2e-05,0.0016,0
infant formula,"ABBOTT NUTRITION, SIMILAC, NEOSURE, powder, with ARA and DHA (formerly ROSS)",Baby Foods,520.0,14.42,28.33,51.75,52.02,0.0,0.515,77.2,8.34,10.043,0.773,1.133,541.0,9.26,46.0,51.499,319.0,6.18,0.711,0.00206,0.218,0.000618,0.0118,1
infant formula,"ABBOTT NUTRITION, SIMILAC, SENSITIVE (LACTOSE FREE) ready-to-feed, with ARA and DHA (formerly ROSS)",Baby Foods,68.0,1.48,3.74,7.4,7.4,0.0,0.042,6.0,0.93,0.726,0.104,0.069,58.0,1.24,3.0,0.003,39.0,0.52,0.062,0.00017,0.018,6e-05,0.0012,0
infant formula,"ABBOTT NUTRITION, SIMILAC, SENSITIVE, (LACTOSE FREE), liquid concentrate, with ARA and DHA (formerly ROSS)",Baby Foods,128.0,2.73,6.95,13.64,13.78,0.0,0.077,11.5,0.84,1.351,0.279,0.129,108.0,2.32,8.0,0.006,72.0,0.97,0.116,0.00032,0.033,6.2e-05,0.0029,0
infant formula,"ABBOTT NUTRITION, SIMILAC, SENSITIVE, (LACTOSE FREE), powder, with ARA and DHA (formerly ROSS)",Baby Foods,520.0,11.13,28.14,55.67,55.67,0.0,0.316,45.1,7.07,5.462,0.782,0.519,436.0,9.33,30.0,0.023,293.0,3.91,0.468,0.00128,0.128,0.000451,0.009,1
infant formula,"ABBOTT NUTRITION, SIMILAC, ADVANCE, with iron, ready-to-feed (formerly ROSS)",Baby Foods,66.0,1.36,3.7,6.77,6.9,0.0,0.039,5.9,1.32,0.69,0.099,0.066,53.0,1.18,4.0,0.003,28.0,0.49,0.059,0.00016,0.017,5.9e-05,0.0012,0
infant formula,"ABBOTT NUTRITION, SIMILAC, ADVANCE, with iron, powder, not reconstituted (formerly ROSS)",Baby Foods,522.0,10.89,28.87,54.73,54.73,0.0,0.316,47.3,5.29,5.522,0.789,0.526,410.0,9.47,32.0,0.026,221.0,3.94,0.473,0.00132,0.134,0.0004729999999999,0.0116,1
infant formula,"ABBOTT NUTRITION, SIMILAC, ADVANCE, with iron, liquid concentrate, not reconstituted (formerly ROSS)",Baby Foods,127.0,2.64,6.89,13.52,13.52,0.0,0.076,11.5,1.28,1.339,0.191,0.127,99.0,2.3,8.0,0.006,54.0,0.96,0.114,0.00032,0.033,0.000115,0.0028,0
infant formula,"ABBOTT NUTRITION, SIMILAC, ISOMIL, ADVANCE with iron, liquid concentrate (formerly ROSS)",Baby Foods,128.0,3.13,6.98,13.21,13.1,0.0,0.077,11.5,1.2,1.725,0.115,0.077,134.0,2.3,10.0,0.032,96.0,0.96,0.114,0.00058,0.033,9.6e-05,0.0027,0
infant formula,"ABBOTT NUTRITION, SIMILAC, ISOMIL, ADVANCE with iron, ready-to-feed (formerly ROSS)",Baby Foods,66.0,1.61,3.59,6.7,6.7,0.0,0.039,5.9,1.32,0.887,0.059,0.039,69.0,1.18,5.0,0.016,49.0,0.49,0.059,0.0003,0.017,4.9000000000000005e-05,0.0014,0
infant formula,"ABBOTT NUTRITION, SIMILAC, ISOMIL, ADVANCE with iron, powder, not reconstituted (formerly ROSS)",Baby Foods,517.0,12.6,28.09,53.57,52.97,0.0,0.309,46.3,5.1,6.943,0.463,0.309,540.0,9.26,39.0,0.129,386.0,3.86,0.462,0.00231,0.131,0.000386,0.0108,1
infant formula,"MEAD JOHNSON, ENFAMIL, ENFACARE LIPIL, ready-to-feed, with ARA and DHA",Baby Foods,71.0,2.0,3.8,7.4,7.4,0.0,0.071,11.3,1.32,1.423,0.141,0.141,86.0,1.28,6.0,0.011,47.0,0.88,0.058,0.0002099999999999,0.031,8.599999999999999e-05,0.002,0
babyfood,"yogurt, whole milk, with fruit, multigrain cereal and added DHA",Baby Foods,98.0,3.4,3.53,13.22,11.46,0.3,0.034,1.4,0.07,0.119,0.129,0.047,107.0,0.15,15.0,0.101,95.0,0.59,0.024,0.00032,0.008,2.3e-05,0.0028,0
infant formula,"ABBOTT NUTRITION, ALIMENTUM ADVANCE, with iron, powder, not reconstituted, with DHA and ARA (formerly ROSS)",Baby Foods,517.0,13.99,28.19,51.91,34.18,0.0,0.305,45.8,10.24,6.87,0.458,0.305,534.0,9.16,38.0,0.0,382.0,3.82,0.458,0.00229,0.13,0.000382,0.0093,1
babyfood,"mashed cheddar potatoes and broccoli, toddlers",Baby Foods,48.0,1.11,1.47,7.47,1.17,1.2,0.089,1.5,0.09,0.419,0.02,0.03,20.0,0.16,8.0,0.056,24.0,0.16,0.013,1e-05,0.006,6e-05,0.0005,0
infant formula,"NESTLE, GOOD START SUPREME, with iron, DHA and ARA, ready-to-feed",Baby Foods,66.0,1.45,3.37,7.39,5.0,0.0,0.05,5.9,0.99,0.693,0.092,0.066,42.0,0.99,5.0,0.0,24.0,0.53,0.06,0.00022,0.017,5.3e-05,0.0013,0
infant formula,"NESTLE, GOOD START SUPREME, with iron, DHA and ARA, prepared from liquid concentrate",Baby Foods,66.0,1.45,3.37,7.39,5.0,0.0,0.05,5.9,0.99,0.693,0.092,0.066,42.0,0.99,5.0,0.0,24.0,0.53,0.06,0.00022,0.017,5.3e-05,0.0013,0
infant formula,"MEAD JOHNSON, ENFAMIL GENTLEASE LIPIL, with iron, prepared from powder",Baby Foods,63.0,1.52,3.5,6.39,6.44,0.0,0.039,7.9,0.63,0.66,0.092,0.052,53.0,1.18,5.0,0.01,30.0,0.66,0.058,0.0002099999999999,0.018,5e-05,0.0018,0
baby food,"fortified cereal bar, fruit filling",Baby Foods,344.0,5.43,5.3,68.63,42.0,1.7,1.105,2.4,0.9,11.842,1.053,0.921,1053.0,13.16,19.0,0.461,247.0,0.59,0.014,0.00019,0.098,8.2e-05,0.0141,1
babyfood,"yogurt, whole milk, with fruit, multigrain cereal and added iron",Baby Foods,92.0,3.05,3.08,13.0,11.46,0.6,0.036,3.6,0.09,0.119,0.12,0.048,98.0,4.18,15.0,0.064,86.0,0.54,0.022,0.00029,0.007,3.1e-05,0.0024,0
infant formula,"NESTLE, GOOD START SOY, with DHA and ARA, liquid concentrate",Baby Foods,132.0,3.31,6.67,14.71,11.74,0.0,0.08,15.9,1.94,1.784,0.125,0.079,139.0,2.38,15.0,0.0,84.0,1.19,0.119,0.0004,0.036,0.000106,0.004,0
toddler formula,"MEAD JOHNSON, ENFAGROW, PREMIUM (formerly ENFAMIL, LIPIL, NEXT STEP), powder",Baby Foods,501.0,13.0,26.9,56.0,53.0,0.0,0.3,45.0,4.5,5.3,0.75,0.5,600.0,9.0,40.0,0.0,420.0,4.5,0.456,0.00152,0.138,0.00045,0.014,1
toddler formula,"MEAD JOHNSON, ENFAGROW PREMIUM (formerly ENFAMIL, LIPIL, NEXT STEP), ready-to-feed",Baby Foods,64.0,1.78,3.63,7.18,7.18,0.0,0.041,8.2,0.87,0.684,0.096,0.055,133.0,1.37,5.0,0.0,89.0,0.68,0.058,0.0002099999999999,0.019,5.1e-05,0.0019,0
infant formula,"MEAD JOHNSON, ENFAMIL, GENTLEASE, powder",Baby Foods,514.0,11.8,27.0,56.0,56.0,0.0,0.31,62.0,4.64,5.1,0.72,0.41,420.0,9.3,41.0,0.077,240.0,5.1,0.46,0.00154,0.139,0.00039,0.0144,1
infant formula,"MEAD JOHNSON, ENFAMIL, ENFAGROW, GENTLEASE, Toddler, ready-to-feed",Baby Foods,66.0,1.71,3.5,6.9,6.9,0.0,0.039,7.9,0.59,0.657,0.092,0.053,128.0,1.31,5.0,0.01,85.0,0.66,0.06,0.0002,0.018,4.9000000000000005e-05,0.0018,0
infant formula,"MEAD JOHNSON, ENFAMIL, Enfagrow, Soy, Toddler ready-to-feed",Baby Foods,65.0,2.17,2.89,7.64,7.64,0.0,0.039,7.9,0.59,0.657,0.059,0.053,128.0,1.31,7.0,0.033,85.0,0.79,0.06,0.0002,0.018,4.9000000000000005e-05,0.0018,0
infant formula,"MEAD JOHNSON, ENFAMIL, NUTRAMIGEN AA, ready-to-feed",Baby Foods,66.0,1.84,3.48,6.76,6.76,0.0,0.039,7.9,0.59,0.657,0.059,0.053,62.0,1.18,7.0,0.039,34.0,0.66,0.059,0.0002,0.018,4.9000000000000005e-05,0.0018,0
infant formula,"MEAD JOHNSON, ENFAMIL, Premature, 20 calories ready-to-feed",Baby Foods,66.0,1.97,3.34,7.21,7.2,0.0,0.098,13.1,1.86,2.623,0.197,0.131,108.0,1.18,6.0,0.004,54.0,0.98,0.25,0.00016,0.045,7.9e-05,0.0018,0
infant formula,"MEAD JOHNSON, ENFAMIL, Premature, 24 calo ready-to-feed",Baby Foods,67.0,1.97,3.34,7.19,7.21,0.0,0.098,13.1,1.86,2.623,0.197,0.131,108.0,1.18,6.0,0.004,54.0,0.98,0.248,0.00016,0.045,7.9e-05,0.0018,0
infant formula,"MEAD JOHNSON, ENFAMIL, Premium, Newborn, ready-to-feed",Baby Foods,66.0,1.38,3.48,7.39,7.39,0.0,0.039,7.9,0.63,0.657,0.092,0.053,51.0,1.18,5.0,0.009,28.0,0.66,0.06,0.0002,0.018,4.9000000000000005e-05,0.0018,0
infant formula,"GERBER, GOOD START 2 Soy, with iron, ready-to-feed",Baby Foods,65.0,1.84,3.28,7.15,7.14,0.0,0.039,7.9,0.89,0.689,0.062,0.039,125.0,1.31,7.0,0.033,70.0,0.59,0.06,0.0002,0.017,4.9000000000000005e-05,0.002,0
infant formula,"GERBER, GOOD START, PROTECT PLUS, ready-to-feed",Baby Foods,65.0,1.44,3.36,7.17,7.17,0.0,0.049,10.0,0.59,0.689,0.092,0.066,44.0,0.98,5.0,0.01,25.0,0.52,0.06,0.0,0.017,8e-05,0.003,0
infant formula,"GERBER GOOD START 2, GENTLE PLUS, ready-to-feed",Baby Foods,66.0,1.44,3.34,7.61,7.61,0.0,0.049,7.9,0.59,0.689,0.092,0.066,125.0,1.31,0.0,0.01,70.0,0.52,0.06,0.00022,0.017,5.2e-05,0.002,0
infant formula,"GERBER, GOOD START 2, PROTECT PLUS, ready-to-feed",Baby Foods,66.0,1.44,3.37,7.39,7.34,0.0,0.049,10.0,0.59,0.689,0.092,0.066,44.0,0.98,5.0,0.01,25.0,0.52,0.06,0.0,0.017,8e-05,0.003,0
infant formula,"ABBOTT NUTRITION, SIMILAC, GO AND GROW, ready-to-feed, with ARA and DHA (formerly ROSS)",Baby Foods,66.0,1.97,3.54,6.69,6.69,0.0,0.039,7.9,0.89,0.689,0.098,0.066,128.0,1.31,6.0,0.003,85.0,0.49,0.06,0.0002,0.017,5.9e-05,0.0012,0
infant formula,"ABBOTT NUTRITION, SIMILAC, Expert Care, Diarrhea, ready- to- feed with ARA and DHA",Baby Foods,66.0,1.76,3.6,6.67,6.66,0.7,0.039,5.9,0.44,0.885,0.059,0.039,69.0,1.18,5.0,0.016,49.0,0.49,0.06,0.0003,0.017,4.9000000000000005e-05,0.0012,0
infant formula,"ABBOTT NUTRITION, SIMILAC, For Spit Up, ready-to-feed, with ARA and DHA (formerly ROSS)",Baby Foods,66.0,1.4,3.54,7.19,7.19,0.0,0.039,5.9,0.89,0.689,0.098,0.066,55.0,1.18,4.0,0.003,37.0,0.49,0.06,0.00016,0.017,5.9e-05,0.0012,0
babyfood,"fruit, banana and strawberry, junior",Baby Foods,109.0,0.71,0.37,25.78,19.29,1.4,0.395,12.9,0.12,0.728,0.08,0.035,0.0,0.14,30.0,0.3,24.0,0.23,0.003,0.0,0.022,8.7e-05,0.0011,0
babyfood,"banana with mixed berries, strained",Baby Foods,92.0,1.01,0.36,21.31,15.0,1.0,0.257,18.2,0.37,0.623,0.058,0.028,0.0,0.0,23.0,0.351,20.0,0.23,0.003,0.0,0.02,9.4e-05,0.0008,0
babyfood,"Multigrain whole grain cereal, dry",Baby Foods,405.0,6.25,6.25,80.89,12.5,6.7,1.094,0.0,4.22,14.063,1.25,1.094,750.0,28.13,95.0,2.459,500.0,10.0,0.0,0.00469,0.08,0.000225,0.0317,3
babyfood,Baby MUM MUM Rice Biscuits,Baby Foods,391.0,12.5,0.87,83.21,12.5,0.0,0.571,0.0,0.17,2.896,0.037,0.174,0.0,0.0,47.0,0.732,127.0,0.65,0.0,0.0,0.014,0.000156,0.008,3
babyfood,"Snack, GERBER, GRADUATES, LIL CRUNCHIES, baked whole grain corn snack",Baby Foods,503.0,0.0,28.57,61.59,0.0,0.0,0.258,0.0,8.57,1.291,0.099,0.169,285.0,6.4,69.0,0.312,1044.0,3.57,0.039,0.0001,0.019,0.00016,0.0121,3
infant formula,"ABBOTT NUTRITION, SIMILAC, For Spit Up, powder, with ARA and DHA (formerly ROSS)",Baby Foods,514.0,11.0,27.75,55.0,55.0,0.0,0.308,46.0,6.93,5.396,0.771,0.514,432.0,9.3,31.0,0.026,288.0,3.83,0.467,0.00128,0.131,0.000463,0.0093,1
fat,beef tallow,Fats and Oils,902.0,0.0,100.0,0.0,0.0,0.0,0.0,0.0,2.7,0.0,0.0,0.0,0.0,0.0,0.0,0.0,0.0,0.0,0.0,0.0,0.0,0.0,0.0002,4
lard,No_descr,Fats and Oils,902.0,0.0,100.0,0.0,0.0,0.0,0.0,0.0,0.6,0.0,0.0,0.0,0.0,0.0,0.0,0.0,0.0,0.11,0.0,0.0,0.0,0.0,0.0002,4
salad dressing,KRAFT Mayo Light Mayonnaise,Fats and Oils,334.0,0.6,32.9,8.5,4.2,0.1,0.0,0.3,0.0,0.0,0.0,0.0,6.0,0.2,0.0,0.0,58.0,0.0,0.0,0.0,0.0,0.0,0.0,0
salad dressing,KRAFT Mayo Fat Free Mayonnaise Dressing,Fats and Oils,70.0,0.2,2.7,12.4,6.8,2.0,0.0,0.0,0.0,0.0,0.0,0.0,6.0,0.1,0.0,0.0,27.0,0.0,0.0,0.0,0.0,0.0,0.0,0
salad dressing,KRAFT MIRACLE WHIP FREE Nonfat Dressing,Fats and Oils,84.0,0.2,2.7,15.5,10.3,1.9,0.0,0.0,0.0,0.0,0.0,0.0,6.0,0.12,0.0,0.0,5.0,0.0,0.0,0.0,0.0,0.0,0.0,0
salad dressing,russian dressing,Fats and Oils,355.0,0.69,26.18,31.9,17.68,0.7,0.097,6.0,3.32,0.594,0.046,0.029,13.0,0.6,10.0,0.063,20.0,0.22,0.029,0.0,0.005,5.8e-05,0.0016,0
salad dressing,"sesame seed dressing, regular",Fats and Oils,443.0,3.1,45.2,8.6,8.32,1.0,0.0,0.0,5.0,0.0,0.0,0.0,19.0,0.6,0.0,0.0,37.0,0.1,0.002,0.0,0.0,0.0,0.0016,4
salad dressing,"thousand island, commercial, regular",Fats and Oils,379.0,1.09,35.06,14.64,15.18,0.8,0.0,0.0,4.0,0.418,0.058,1.445,17.0,1.18,8.0,0.04,27.0,0.26,0.014,0.0,0.0,0.0,0.0015,0
salad dressing,"mayonnaise type, regular, with salt",Fats and Oils,250.0,0.65,21.6,14.78,10.02,0.0,0.009,0.0,1.55,0.004,0.03,0.01,5.0,0.12,2.0,0.015,13.0,0.07,0.005,4e-05,0.006,1.5e-05,0.0004,0
salad dressing,"french dressing, reduced fat",Fats and Oils,222.0,0.58,11.52,31.22,16.86,1.5,0.055,4.8,1.0,0.467,0.052,0.024,11.0,0.73,8.0,0.11,16.0,0.2,0.027,0.0,0.002,0.00016,0.0016,0
salad dressing,"italian dressing, commercial, reduced fat",Fats and Oils,102.0,0.39,6.68,9.99,9.16,0.0,0.055,0.0,4.28,0.094,0.008,0.012,15.0,0.25,4.0,0.029,12.0,0.06,0.001,0.0,0.003,1.9e-05,0.0016,0
salad dressing,"russian dressing, low calorie",Fats and Oils,141.0,0.5,4.0,27.6,21.87,0.3,0.009,6.0,0.4,0.002,0.013,0.007,19.0,0.6,0.0,0.0,37.0,0.1,0.002,0.0001199999999999,0.003,1e-05,0.0016,0
salad dressing,"thousand island dressing, reduced fat",Fats and Oils,195.0,0.83,11.32,24.06,17.31,1.2,0.0,1.5,1.0,0.437,0.043,0.049,27.0,0.9,7.0,0.12,14.0,0.19,0.016,0.0,0.0,0.0,0.0,0
salad dressing,"mayonnaise, regular",Fats and Oils,680.0,0.96,74.85,0.57,0.57,0.0,0.008,0.0,3.28,0.0,0.019,0.01,8.0,0.21,1.0,0.007,21.0,0.15,0.016,0.0001199999999999,0.005,1.9e-05,0.0023,4
salad dressing,"mayonnaise, soybean and safflower oil, with salt",Fats and Oils,717.0,1.1,79.4,2.7,0.48,0.0,0.577,0.0,22.0,0.005,0.0,0.0,18.0,0.5,1.0,0.0,28.0,0.12,0.084,0.00026,0.008,0.0,0.0016,4
salad dressing,"mayonnaise, imitation, soybean",Fats and Oils,232.0,0.3,19.2,16.0,6.0,0.0,0.0,0.0,2.0,0.0,0.0,0.0,0.0,0.0,0.0,0.0,0.0,0.11,0.0,0.0,0.0,1e-05,0.0016,0
salad dressing,"mayonnaise, imitation, milk cream",Fats and Oils,97.0,2.1,5.1,11.1,0.0,0.0,0.021,0.3,0.4,0.054,0.097,0.024,72.0,0.5,7.0,0.001,57.0,0.25,0.004,0.00023,0.003,1e-05,0.0016,0
salad dressing,"mayonnaise, imitation, soybean without cholesterol",Fats and Oils,482.0,0.1,47.7,15.8,6.0,0.0,0.0,0.0,5.0,0.0,0.0,0.0,0.0,0.01,0.0,0.0,0.0,0.11,0.0,0.0,0.0,1e-06,0.0016,4
sandwich spread,"with chopped pickle, regular, unspecified oils",Fats and Oils,389.0,0.9,34.0,22.4,15.18,0.4,0.02,0.0,4.0,0.01,0.02,0.01,14.0,0.2,2.0,0.0,26.0,0.81,0.022,0.0002099999999999,0.006,1e-05,0.0016,0
shortening,"household, soybean (partially hydrogenated)-cottonseed (partially hydrogenated)",Fats and Oils,884.0,0.0,100.0,0.0,0.0,0.0,0.0,0.0,6.13,0.0,0.0,0.0,0.0,0.0,0.0,0.0,0.0,0.0,0.0,0.0,0.0,0.0,0.0,4
oil,"soybean, salad or cooking, (partially hydrogenated)",Fats and Oils,884.0,0.0,100.0,0.0,0.0,0.0,0.0,0.0,8.1,0.0,0.0,0.0,0.0,0.0,0.0,0.0,0.0,0.0,0.0,0.0,0.0,0.0,0.0,4
oil,rice bran,Fats and Oils,884.0,0.0,100.0,0.0,0.0,0.0,0.0,0.0,32.3,0.0,0.0,0.0,0.0,0.07,0.0,0.0,0.0,0.0,0.0,0.0,0.0,0.0,0.0,4
oil,wheat germ,Fats and Oils,884.0,0.0,100.0,0.0,0.0,0.0,0.0,0.0,149.4,0.0,0.0,0.0,0.0,0.0,0.0,0.0,0.0,0.0,0.0,0.0,0.0,0.0,0.0,4
oil,"peanut, salad or cooking",Fats and Oils,884.0,0.0,100.0,0.0,0.0,0.0,0.0,0.0,15.69,0.0,0.0,0.0,0.0,0.03,0.0,0.0,0.0,0.01,0.0,0.0,0.0,0.0,0.0,4
oil,"soybean, salad or cooking",Fats and Oils,884.0,0.0,100.0,0.0,0.0,0.0,0.0,0.0,8.18,0.0,0.0,0.0,0.0,0.05,0.0,0.0,0.0,0.01,0.0,0.0,0.0,0.0,0.0,4
oil,coconut,Fats and Oils,862.0,0.0,100.0,0.0,0.0,0.0,0.0,0.0,0.09,0.0,0.0,0.0,0.0,0.04,0.0,0.0,0.0,0.0,0.0,0.0,0.0,0.0,0.0,4
oil,"olive, salad or cooking",Fats and Oils,884.0,0.0,100.0,0.0,0.0,0.0,0.0,0.0,14.35,0.0,0.0,0.0,1.0,0.56,0.0,0.0,0.0,0.0,0.0,0.0,0.0,0.0,0.0,4
oil,palm,Fats and Oils,884.0,0.0,100.0,0.0,0.0,0.0,0.0,0.0,15.94,0.0,0.0,0.0,0.0,0.01,0.0,0.0,0.0,0.0,0.0,0.0,0.0,0.0,0.0,4
oil,"sesame, salad or cooking",Fats and Oils,884.0,0.0,100.0,0.0,0.0,0.0,0.0,0.0,1.4,0.0,0.0,0.0,0.0,0.0,0.0,0.0,0.0,0.0,0.0,0.0,0.0,0.0,0.0,4
oil,"sunflower, linoleic (less than 60%)",Fats and Oils,884.0,0.0,100.0,0.0,0.0,0.0,0.0,0.0,41.08,0.0,0.0,0.0,0.0,0.03,0.0,0.0,0.0,0.0,0.0,0.0,0.0,0.0,0.0,4
margarine,"regular, hard, soybean (hydrogenated)",Fats and Oils,719.0,0.9,80.5,0.9,0.0,0.0,0.009,0.2,3.1,0.023,0.037,0.01,30.0,0.0,3.0,0.0,23.0,0.0,0.819,0.0001,0.001,0.0,0.0,4
salad dressing,"italian dressing, commercial, regular",Fats and Oils,240.0,0.41,21.12,12.12,10.77,0.0,0.064,0.4,2.19,0.131,0.0,0.02,13.0,0.26,5.0,0.031,15.0,0.07,0.002,0.0,0.0,1.9e-05,0.002,0
salad dressing,"french dressing, commercial, regular",Fats and Oils,457.0,0.77,44.81,15.58,15.95,0.0,0.0,3.6,5.0,0.188,0.053,0.019,24.0,0.8,5.0,0.021,19.0,0.29,0.023,0.00014,0.0,0.0,0.0,4
margarine-like,"vegetable oil spread, unspecified oils, approximately 37% fat, with salt",Fats and Oils,339.0,0.51,37.77,0.66,0.0,0.0,0.0,0.1,13.45,0.0,0.005,0.011,6.0,0.02,1.0,0.0,5.0,0.02,1.297,6e-05,0.001,0.0,0.0,2
salad dressing,"french, home recipe",Fats and Oils,631.0,0.1,70.2,3.4,0.0,0.0,0.0,0.6,8.0,0.13,0.02,0.01,6.0,0.2,0.0,0.0,3.0,0.0,0.026,0.0,0.0,0.0,0.0016,4
salad dressing,"home recipe, vinegar and oil",Fats and Oils,449.0,0.0,50.1,2.5,2.5,0.0,0.0,0.0,4.61,0.0,0.0,0.0,0.0,0.0,0.0,0.0,0.0,0.0,0.0,0.0,0.0,0.0,0.0016,4
salad dressing,"french dressing, commercial, regular, without salt",Fats and Oils,459.0,0.77,44.81,15.58,15.95,0.0,0.0,0.0,4.12,0.188,0.053,0.019,24.0,0.8,5.0,0.021,19.0,0.29,0.023,0.0,0.0,0.0,0.0,4
salad dressing,"french dressing, reduced fat, without salt",Fats and Oils,233.0,0.58,13.46,29.28,28.45,1.1,0.055,0.0,2.86,0.467,0.052,0.024,11.0,0.87,8.0,0.11,16.0,0.2,0.027,0.0,0.002,0.00016,0.0016,1
salad dressing,"italian dressing, commercial, regular, without salt",Fats and Oils,292.0,0.38,28.37,10.43,8.32,0.0,0.06,0.0,2.61,0.0,0.021,0.013,7.0,0.63,3.0,0.017,9.0,0.13,0.002,0.0,0.0,0.0,0.002,0
salad dressing,"italian dressing, reduced fat, without salt",Fats and Oils,76.0,0.47,6.38,4.57,4.55,0.0,0.07,0.0,0.59,0.0,0.015,0.0,9.0,0.65,4.0,0.0,11.0,0.19,0.001,0.0,0.0,0.0,0.008,0
salad dressing,"mayonnaise, soybean oil, without salt",Fats and Oils,717.0,1.1,79.4,2.7,0.0,0.0,0.0,0.0,0.0,0.0,0.0,0.0,18.0,0.5,0.0,0.0,28.0,0.0,0.084,0.0,0.0,0.0,0.0016,4
salad dressing,"french, cottonseed, oil, home recipe",Fats and Oils,631.0,0.1,70.2,3.4,0.0,0.0,0.0,0.0,0.0,0.13,0.02,0.01,6.0,0.2,0.0,0.0,3.0,0.0,0.0,0.0,0.0,0.0,0.0016,4
salad dressing,"french dressing, fat-free",Fats and Oils,132.0,0.2,0.27,32.14,16.45,2.2,0.0,0.0,0.02,0.112,0.026,0.011,5.0,0.58,3.0,0.024,0.0,0.1,0.004,0.0,0.014,0.000121,0.002,0
oil,cocoa butter,Fats and Oils,884.0,0.0,100.0,0.0,0.0,0.0,0.0,0.0,1.8,0.0,0.0,0.0,0.0,0.0,0.0,0.0,0.0,0.0,0.0,0.0,0.0,0.0,0.0,4
oil,"cottonseed, salad or cooking",Fats and Oils,884.0,0.0,100.0,0.0,0.0,0.0,0.0,0.0,35.3,0.0,0.0,0.0,0.0,0.0,0.0,0.0,0.0,0.0,0.0,0.0,0.0,0.0,0.0,4
oil,"sunflower, linoleic, (approx. 65%)",Fats and Oils,884.0,0.0,100.0,0.0,0.0,0.0,0.0,0.0,41.08,0.0,0.0,0.0,0.0,0.0,0.0,0.0,0.0,0.0,0.0,0.0,0.0,0.0,0.0,4
oil,"safflower, salad or cooking, linoleic, (over 70%)",Fats and Oils,884.0,0.0,100.0,0.0,0.0,0.0,0.0,0.0,34.1,0.0,0.0,0.0,0.0,0.0,0.0,0.0,0.0,0.0,0.0,0.0,0.0,0.0,0.0,4
oil,"safflower, salad or cooking, high oleic (primary safflower oil of commerce)",Fats and Oils,884.0,0.0,100.0,0.0,0.0,0.0,0.0,0.0,34.1,0.0,0.0,0.0,0.0,0.0,0.0,0.0,0.0,0.0,0.0,0.0,0.0,0.0,0.0,4
vegetable oil,palm kernel,Fats and Oils,862.0,0.0,100.0,0.0,0.0,0.0,0.0,0.0,3.81,0.0,0.0,0.0,0.0,0.0,0.0,0.0,0.0,0.0,0.0,0.0,0.0,0.0,0.0,4
oil,poppyseed,Fats and Oils,884.0,0.0,100.0,0.0,0.0,0.0,0.0,0.0,11.4,0.0,0.0,0.0,0.0,0.0,0.0,0.0,0.0,0.0,0.0,0.0,0.0,0.0,0.0,4
oil,tomatoseed,Fats and Oils,884.0,0.0,100.0,0.0,0.0,0.0,0.0,0.0,3.8,0.0,0.0,0.0,0.0,0.0,0.0,0.0,0.0,0.0,0.0,0.0,0.0,0.0,0.0,4
oil,teaseed,Fats and Oils,884.0,0.0,100.0,0.0,0.0,0.0,0.0,0.0,0.0,0.0,0.0,0.0,0.0,0.0,0.0,0.0,0.0,0.0,0.0,0.0,0.0,0.0,0.0,4
oil,grapeseed,Fats and Oils,884.0,0.0,100.0,0.0,0.0,0.0,0.0,0.0,28.8,0.0,0.0,0.0,0.0,0.0,0.0,0.0,0.0,0.0,0.0,0.0,0.0,0.0,0.0,4
oil,"corn, industrial and retail, all purpose salad or cooking",Fats and Oils,900.0,0.0,100.0,0.0,0.0,0.0,0.0,0.0,14.3,0.0,0.0,0.0,0.0,0.0,0.0,0.0,0.0,0.0,0.0,0.0,0.0,0.0,0.0,4
fat,mutton tallow,Fats and Oils,902.0,0.0,100.0,0.0,0.0,0.0,0.0,0.0,2.8,0.0,0.0,0.0,0.0,0.0,0.0,0.0,0.0,0.0,0.0,0.0,0.0,0.0,0.0002,4
oil,walnut,Fats and Oils,884.0,0.0,100.0,0.0,0.0,0.0,0.0,0.0,0.4,0.0,0.0,0.0,0.0,0.0,0.0,0.0,0.0,0.0,0.0,0.0,0.0,0.0,0.0,4
oil,almond,Fats and Oils,884.0,0.0,100.0,0.0,0.0,0.0,0.0,0.0,39.2,0.0,0.0,0.0,0.0,0.0,0.0,0.0,0.0,0.0,0.0,0.0,0.0,0.0,0.0,4
oil,apricot kernel,Fats and Oils,884.0,0.0,100.0,0.0,0.0,0.0,0.0,0.0,4.0,0.0,0.0,0.0,0.0,0.0,0.0,0.0,0.0,0.0,0.0,0.0,0.0,0.0,0.0,4
oil,soybean lecithin,Fats and Oils,763.0,0.0,100.0,0.0,0.0,0.0,0.0,0.0,8.18,0.0,0.0,0.0,0.0,0.0,0.0,0.0,0.0,0.0,0.0,0.0,0.0,0.0,0.0,4
oil,hazelnut,Fats and Oils,884.0,0.0,100.0,0.0,0.0,0.0,0.0,0.0,47.2,0.0,0.0,0.0,0.0,0.0,0.0,0.0,0.0,0.0,0.0,0.0,0.0,0.0,0.0,4
oil,babassu,Fats and Oils,884.0,0.0,100.0,0.0,0.0,0.0,0.0,0.0,19.1,0.0,0.0,0.0,0.0,0.0,0.0,0.0,0.0,0.0,0.0,0.0,0.0,0.0,0.0,4
oil,sheanut,Fats and Oils,884.0,0.0,100.0,0.0,0.0,0.0,0.0,0.0,0.0,0.0,0.0,0.0,0.0,0.0,0.0,0.0,0.0,0.0,0.0,0.0,0.0,0.0,0.0,4
salad dressing,"blue or roquefort cheese dressing, commercial, regular",Fats and Oils,484.0,1.37,51.1,4.77,3.48,0.4,0.037,0.7,4.28,0.1,0.1,0.01,37.0,0.09,8.0,0.006,74.0,0.21,0.014,0.00027,0.005,8.999999999999999e-06,0.001,4
oil,cupu assu,Fats and Oils,884.0,0.0,100.0,0.0,0.0,0.0,0.0,0.0,0.6,0.0,0.0,0.0,0.0,0.0,0.0,0.0,0.0,0.0,0.0,0.0,0.0,0.0,0.0,4
fat,chicken,Fats and Oils,900.0,0.0,99.8,0.0,0.0,0.0,0.0,0.0,2.7,0.0,0.0,0.0,0.0,0.0,0.0,0.0,0.0,0.0,0.0,0.0,0.0,0.0,0.0002,4
oil,"soybean, salad or cooking, (partially hydrogenated) and cottonseed",Fats and Oils,884.0,0.0,100.0,0.0,0.0,0.0,0.0,0.0,12.1,0.0,0.0,0.0,0.0,0.0,0.0,0.0,0.0,0.0,0.0,0.0,0.0,0.0,0.0,4
shortening,"household, lard and vegetable oil",Fats and Oils,900.0,0.0,100.0,0.0,0.0,0.0,0.0,0.0,1.0,0.0,0.0,0.0,0.0,0.0,0.0,0.0,0.0,0.0,0.0,0.0,0.0,0.0,0.0,4
oil,"sunflower, linoleic, (partially hydrogenated)",Fats and Oils,884.0,0.0,100.0,0.0,0.0,0.0,0.0,0.0,41.08,0.0,0.0,0.0,0.0,0.0,0.0,0.0,0.0,0.0,0.0,0.0,0.0,0.0,0.0,4
shortening bread,soybean (hydrogenated) and cottonseed,Fats and Oils,884.0,0.0,100.0,0.0,0.0,0.0,0.0,0.0,6.13,0.0,0.0,0.0,0.0,0.0,0.0,0.0,0.0,0.0,0.0,0.0,0.0,0.0,0.0,4
shortening cake mix,soybean (hydrogenated) and cottonseed (hydrogenated),Fats and Oils,884.0,0.0,100.0,0.0,0.0,0.0,0.0,0.0,6.13,0.0,0.0,0.0,0.0,0.0,0.0,0.0,0.0,0.0,0.0,0.0,0.0,0.0,0.0,4
shortening industrial,lard and vegetable oil,Fats and Oils,900.0,0.0,100.0,0.0,0.0,0.0,0.0,0.0,1.0,0.0,0.0,0.0,0.0,0.0,0.0,0.0,0.0,0.0,0.0,0.0,0.0,0.0,0.0,4
shortening frying (heavy duty),beef tallow and cottonseed,Fats and Oils,900.0,0.0,100.0,0.0,0.0,0.0,0.0,0.0,4.0,0.0,0.0,0.0,0.0,0.0,0.0,0.0,0.0,0.0,0.0,0.0,0.0,0.0,0.0,4
shortening confectionery,coconut (hydrogenated) and or palm kernel (hydrogenated),Fats and Oils,884.0,0.0,100.0,0.0,0.0,0.0,0.0,0.0,1.95,0.0,0.0,0.0,0.0,0.0,0.0,0.0,0.0,0.0,0.0,0.0,0.0,0.0,0.0,4
shortening industrial,soybean (hydrogenated) and cottonseed,Fats and Oils,884.0,0.0,100.0,0.0,0.0,0.0,0.0,0.0,6.13,0.0,0.0,0.0,0.0,0.0,0.0,0.0,0.0,0.0,0.0,0.0,0.0,0.0,0.0,4
shortening frying (heavy duty),palm (hydrogenated),Fats and Oils,884.0,0.0,100.0,0.0,0.0,0.0,0.0,0.0,19.0,0.0,0.0,0.0,0.0,0.0,0.0,0.0,0.0,0.0,0.0,0.0,0.0,0.0,0.0,4
shortening household soybean (hydrogenated) and palm,No_descr,Fats and Oils,884.0,0.0,100.0,0.0,0.0,0.0,0.0,0.0,0.0,0.0,0.0,0.0,0.0,0.0,0.0,0.0,0.0,0.0,0.0,0.0,0.0,0.0,0.0,4
shortening frying (heavy duty),"soybean (hydrogenated), linoleic (less than 1%)",Fats and Oils,884.0,0.0,100.0,0.0,0.0,0.0,0.0,0.0,6.13,0.0,0.0,0.0,0.0,0.0,0.0,0.0,0.0,0.0,0.0,0.0,0.0,0.0,0.0,4
shortening,"confectionery, fractionated palm",Fats and Oils,884.0,0.0,100.0,0.0,0.0,0.0,0.0,0.0,19.0,0.0,0.0,0.0,0.0,0.0,0.0,0.0,0.0,0.0,0.0,0.0,0.0,0.0,0.0,4
oil,nutmeg butter,Fats and Oils,884.0,0.0,100.0,0.0,0.0,0.0,0.0,0.0,0.2,0.0,0.0,0.0,0.0,0.0,0.0,0.0,0.0,0.0,0.0,0.0,0.0,0.0,0.0,4
oil,ucuhuba butter,Fats and Oils,884.0,0.0,100.0,0.0,0.0,0.0,0.0,0.0,0.6,0.0,0.0,0.0,0.0,0.0,0.0,0.0,0.0,0.0,0.0,0.0,0.0,0.0,0.0,4
fat,duck,Fats and Oils,882.0,0.0,99.8,0.0,0.0,0.0,0.0,0.0,2.7,0.0,0.0,0.0,0.0,0.0,0.0,0.0,0.0,0.0,0.0,0.0,0.0,0.0,0.0002,4
fat,turkey,Fats and Oils,900.0,0.0,99.8,0.0,0.0,0.0,0.0,0.0,2.9,0.0,0.0,0.0,0.0,0.0,0.0,0.0,0.0,0.0,0.0,0.0,0.0,0.0,0.0002,4
fat,goose,Fats and Oils,900.0,0.0,99.8,0.0,0.0,0.0,0.0,0.0,2.7,0.0,0.0,0.0,0.0,0.0,0.0,0.0,0.0,0.0,0.0,0.0,0.0,0.0,0.0002,4
oil,avocado,Fats and Oils,884.0,0.0,100.0,0.0,0.0,0.0,0.0,0.0,0.0,0.0,0.0,0.0,0.0,0.0,0.0,0.0,0.0,0.0,0.0,0.0,0.0,0.0,0.0,4
oil,canola,Fats and Oils,884.0,0.0,100.0,0.0,0.0,0.0,0.0,0.0,17.46,0.0,0.0,0.0,0.0,0.0,0.0,0.0,0.0,0.0,0.0,0.0,0.0,0.0,0.0,4
oil,mustard,Fats and Oils,884.0,0.0,100.0,0.0,0.0,0.0,0.0,0.0,0.0,0.0,0.0,0.0,0.0,0.0,0.0,0.0,0.0,0.0,0.0,0.0,0.0,0.0,0.0,4
oil,"sunflower, high oleic (70% and over)",Fats and Oils,884.0,0.0,100.0,0.0,0.0,0.0,0.0,0.0,41.08,0.0,0.0,0.0,0.0,0.0,0.0,0.0,0.0,0.0,0.0,0.0,0.0,0.0,0.0,4
margarine-like,"margarine-butter blend, soybean oil and butter",Fats and Oils,727.0,0.31,80.32,0.77,0.0,0.0,0.009,0.1,3.88,0.022,0.023,0.009,10.0,0.04,1.0,0.006,10.0,0.03,0.819,0.0,0.002,1e-05,0.0002,4
shortening,"special purpose for cakes and frostings, soybean (hydrogenated)",Fats and Oils,884.0,0.0,100.0,0.0,0.0,0.0,0.0,0.0,6.13,0.0,0.0,0.0,0.0,0.0,0.0,0.0,0.0,0.0,0.0,0.0,0.0,0.0,0.0,4
shortening,"special purpose for baking, soybean (hydrogenated) palm and cottonseed",Fats and Oils,884.0,0.0,100.0,0.0,0.0,0.0,0.0,0.0,6.13,0.0,0.0,0.0,0.0,0.0,0.0,0.0,0.0,0.0,0.0,0.0,0.0,0.0,0.0,4
oil,oat,Fats and Oils,884.0,0.0,100.0,0.0,0.0,0.0,0.0,0.0,14.4,0.0,0.0,0.0,0.0,0.0,0.0,0.0,0.0,0.0,0.0,0.0,0.0,0.0,0.0,4
fish oil,cod liver,Fats and Oils,902.0,0.0,100.0,0.0,0.0,0.0,0.0,0.0,0.0,0.0,0.0,0.0,0.0,0.0,0.0,0.0,0.0,0.0,30.0,0.0,0.0,0.0,0.0,4
fish oil,herring,Fats and Oils,902.0,0.0,100.0,0.0,0.0,0.0,0.0,0.0,0.0,0.0,0.0,0.0,0.0,0.0,0.0,0.0,0.0,0.0,0.0,0.0,0.0,0.0,0.0,4
fish oil,menhaden,Fats and Oils,902.0,0.0,100.0,0.0,0.0,0.0,0.0,0.0,0.0,0.0,0.0,0.0,0.0,0.0,0.0,0.0,0.0,0.0,0.0,0.0,0.0,0.0,0.0,4
fish oil,"menhaden, fully hydrogenated",Fats and Oils,902.0,0.0,100.0,0.0,0.0,0.0,0.0,0.0,0.0,0.0,0.0,0.0,0.0,0.0,0.0,0.0,0.0,0.0,0.0,0.0,0.0,0.0,0.0,4
fish oil,salmon,Fats and Oils,902.0,0.0,100.0,0.0,0.0,0.0,0.0,0.0,0.0,0.0,0.0,0.0,0.0,0.0,0.0,0.0,0.0,0.0,0.0,0.0,0.0,0.0,0.0,4
fish oil,sardine,Fats and Oils,902.0,0.0,100.0,0.0,0.0,0.0,0.0,0.0,0.0,0.0,0.0,0.0,0.0,0.0,0.0,0.0,0.0,0.0,0.0,0.0,0.0,0.0,0.0,4
shortening,"multipurpose, soybean (hydrogenated) and palm (hydrogenated)",Fats and Oils,884.0,0.0,100.0,0.0,0.0,0.0,0.0,0.0,0.0,0.0,0.0,0.0,0.0,0.0,0.0,0.0,0.0,0.0,0.0,0.0,0.0,0.0,0.0,4
margarine-like,"vegetable oil-butter spread, tub, with salt",Fats and Oils,362.0,1.0,40.0,1.0,0.0,0.0,0.01,0.1,4.47,0.02,0.03,0.01,24.0,0.04,2.0,0.0,20.0,0.01,0.819,8.999999999999999e-05,0.001,2e-06,0.0005,2
butter,"light, stick, with salt",Fats and Oils,509.0,3.3,55.1,0.0,0.0,0.0,0.01,0.0,1.58,0.02,0.07,0.01,48.0,1.09,5.0,0.0,34.0,0.26,0.465,0.00013,0.001,0.0,0.001,4
butter,"light, stick, without salt",Fats and Oils,499.0,3.3,55.1,0.0,0.0,0.0,0.01,0.0,1.58,0.02,0.07,0.01,48.0,1.09,5.0,0.0,34.0,0.26,0.465,0.00013,0.001,0.0,0.001,4
meat drippings (lard,"beef tallow, mutton tallow)",Fats and Oils,889.0,0.0,98.59,0.0,0.0,0.0,0.0,0.0,0.59,0.0,0.0,0.0,0.0,0.0,0.0,0.0,0.0,0.0,0.0,0.0,0.0,0.0,0.0,4
animal fat,bacon grease,Fats and Oils,897.0,0.0,99.5,0.0,0.0,0.0,0.0,0.0,0.6,0.0,0.0,0.0,0.0,0.0,0.0,0.0,0.0,0.11,0.0,0.0,0.0,0.0,0.0,4
margarine,"regular, 80% fat, composite, stick, with salt",Fats and Oils,717.0,0.16,80.71,0.7,0.0,0.0,0.009,0.2,9.0,0.023,0.037,0.01,3.0,0.06,3.0,0.0,5.0,0.0,0.819,0.0001,0.001,0.0,0.0,4
margarine,"regular, 80% fat, composite, tub, with salt",Fats and Oils,713.0,0.22,80.17,0.75,0.0,0.0,0.0,0.1,15.43,0.0,0.0,0.0,3.0,0.0,1.0,0.0,5.0,0.0,0.819,8e-05,0.001,0.0,0.0,4
margarine-like,"vegetable oil spread, 60% fat, stick, with salt",Fats and Oils,537.0,0.12,60.39,0.69,0.0,0.0,0.006,0.1,5.0,0.016,0.026,0.007,21.0,0.0,2.0,0.0,16.0,0.0,0.819,7.000000000000001e-05,0.001,8e-06,0.0,4
margarine-like,"vegetable oil spread, 60% fat, tub, with salt",Fats and Oils,533.0,0.17,59.81,0.86,0.0,0.0,3.75,0.1,21.12,0.016,0.026,0.007,21.0,0.0,2.0,0.0,16.0,0.0,0.819,0.0108,0.001,0.0,0.0,4
margarine-like,"vegetable oil spread, 60% fat, stick/tub/bottle, with salt",Fats and Oils,526.0,0.6,59.17,0.0,0.0,0.0,0.006,0.1,5.0,0.016,0.026,0.007,21.0,0.0,2.0,0.0,16.0,0.0,0.819,7.000000000000001e-05,0.001,0.0,0.0,4
shortening,"vegetable, household, composite",Fats and Oils,884.0,0.0,99.97,0.0,0.0,0.0,0.001,0.0,6.13,0.0,0.0,0.02,1.0,0.07,0.0,0.0,0.0,0.0,0.0,0.0,0.0,0.0,0.0,4
margarine,"regular, 80% fat, composite, stick, without salt",Fats and Oils,717.0,0.16,80.71,0.7,0.0,0.0,0.009,0.2,9.0,0.023,0.037,0.01,3.0,0.06,3.0,0.0,5.0,0.0,0.819,0.0001,0.001,0.0,0.0,4
margarine,"regular, 80% fat, composite, tub, without salt",Fats and Oils,713.0,0.22,80.17,0.75,0.0,0.0,0.0,0.1,15.43,0.0,0.0,0.0,3.0,0.0,1.0,0.0,5.0,0.0,0.819,8e-05,0.001,0.0,0.0,4
margarine-like,"vegetable oil spread, 60% fat, stick/tub/bottle, without salt",Fats and Oils,533.0,0.17,59.81,0.86,0.0,0.0,3.75,0.1,21.12,0.016,0.026,0.007,21.0,0.0,2.0,0.0,16.0,0.0,0.819,0.0108,0.001,0.0,0.0,4
margarine-like,"vegetable oil spread, fat free, liquid, with salt",Fats and Oils,43.0,1.5,3.0,2.5,0.0,0.0,0.01,0.3,5.0,0.03,0.04,0.01,38.0,0.03,4.0,0.0,30.0,0.14,0.819,0.00011,0.002,8e-06,0.0,0
margarine-like spread with yogurt,"70% fat, stick, with salt",Fats and Oils,630.0,0.3,70.0,0.5,0.0,0.0,0.05,0.1,5.0,0.01,0.02,0.005,20.0,0.01,2.0,0.0,16.0,0.1,0.819,6e-05,0.001,2e-06,0.0,4
margarine-like spread with yogurt,"approximately 40% fat, tub, with salt",Fats and Oils,330.0,2.0,35.0,2.0,0.0,0.0,0.01,0.2,5.0,0.03,0.06,0.01,50.0,0.02,5.0,0.0,39.0,0.24,0.819,0.00015,0.003,4e-06,0.001,2
margarine,"80% fat, stick, includes regular and hydrogenated corn and soybean oils",Fats and Oils,717.0,0.16,80.71,0.7,0.0,0.0,0.0,0.0,5.23,0.003,0.0,0.012,3.0,0.12,1.0,0.0,5.0,0.11,0.0,0.0,0.001,0.0,0.0,4
margarine,"margarine-type vegetable oil spread, 70% fat, soybean and partially hydrogenated soybean, stick",Fats and Oils,628.0,0.26,70.22,1.53,0.0,0.0,0.003,0.0,5.59,0.0,0.025,0.052,7.0,0.12,2.0,0.014,10.0,0.06,0.0,0.0,0.001,0.0,0.0,4
margarine spread,"approximately 48% fat, tub",Fats and Oils,424.0,0.2,47.53,0.86,0.0,0.0,0.001,0.0,3.94,0.0,0.019,0.0,4.0,0.21,1.0,0.0,4.0,0.06,0.0,0.0,0.002,8e-06,0.0,4
margarine-like,"vegetable oil spread, fat-free, tub",Fats and Oils,44.0,0.1,3.04,4.34,0.0,0.0,0.001,0.0,0.52,0.883,0.0,1.011,8.0,0.08,1.0,0.0,2.0,0.07,0.993,0.0,0.0,0.0,0.0,0
margarine-like,"vegetable oil spread, 20% fat, with salt",Fats and Oils,175.0,0.0,19.5,0.4,0.0,0.0,0.0,0.0,4.5,0.0,0.0,0.0,0.0,0.0,1.0,0.0,14.0,0.0,0.819,0.0,0.0,0.0,0.0,0
margarine-like,"vegetable oil spread, 20% fat, without salt",Fats and Oils,175.0,0.0,19.5,0.4,0.0,0.0,0.0,0.0,4.5,0.0,0.0,0.0,0.0,0.0,1.0,0.0,14.0,0.0,0.819,0.0,0.0,0.0,0.0,0
salad dressing,"thousand island dressing, fat-free",Fats and Oils,132.0,0.55,1.45,29.27,16.83,3.3,0.0,0.0,0.75,0.261,0.049,0.236,11.0,0.28,4.0,0.021,1.0,0.09,0.001,0.0,0.012,0.000178,0.002,0
salad dressing,"italian dressing, fat-free",Fats and Oils,47.0,0.97,0.87,8.75,8.85,0.6,0.0,0.4,0.76,0.135,0.053,0.031,30.0,0.4,5.0,0.032,109.0,0.36,0.004,0.00031,0.012,0.000116,0.002,0
salad dressing,"ranch dressing, fat-free",Fats and Oils,119.0,0.25,1.92,26.51,5.35,0.1,0.024,0.0,0.18,0.007,0.025,0.03,50.0,1.05,8.0,0.111,113.0,0.4,0.001,0.0,0.006,0.000195,0.0008,0
salad dressing,"ranch dressing, commercial, regular",Fats and Oils,421.0,1.32,44.54,5.74,4.69,0.0,0.03,0.0,2.22,0.054,0.087,0.015,28.0,0.3,5.0,0.033,183.0,0.17,0.014,0.0001799999999999,0.004,1.9e-05,0.0035,4
salad dressing,"ranch dressing, reduced fat",Fats and Oils,196.0,1.25,12.42,21.33,3.77,1.1,0.029,0.6,1.6,0.007,0.027,0.022,40.0,0.69,6.0,0.053,193.0,0.62,0.018,0.0,0.004,0.000162,0.0029,0
salad dressing,"mayonnaise, light",Fats and Oils,238.0,0.37,22.22,9.23,3.56,0.0,0.002,0.0,2.19,0.01,0.0,0.008,6.0,0.14,2.0,0.007,15.0,0.07,0.008,0.0,0.004,1.9e-05,0.0026,0
oil,"industrial, mid-oleic, sunflower",Fats and Oils,884.0,0.0,100.0,0.0,0.0,0.0,0.0,0.0,41.08,0.0,0.0,0.0,0.0,0.03,0.0,0.0,0.0,0.0,0.0,0.0,0.0,0.0,0.0,4
oil,"industrial, canola with antifoaming agent, principal uses salads, woks and light frying",Fats and Oils,884.0,0.0,100.0,0.0,0.0,0.0,0.0,0.0,17.1,0.0,0.0,0.0,0.0,0.0,0.0,0.0,0.0,0.0,0.0,0.0,0.0,0.0,0.0,4
oil,"industrial, canola for salads, woks and light frying",Fats and Oils,884.0,0.0,100.0,0.0,0.0,0.0,0.0,0.0,17.46,0.0,0.0,0.0,0.0,0.0,0.0,0.0,0.0,0.0,0.0,0.0,0.0,0.0,0.0,4
oil,"industrial, canola (partially hydrogenated) oil for deep fat frying",Fats and Oils,884.0,0.0,100.0,0.0,0.0,0.0,0.0,0.0,17.46,0.0,0.0,0.0,0.0,0.0,0.0,0.0,0.0,0.0,0.0,0.0,0.0,0.0,0.0,4
oil,"industrial, coconut, principal uses candy coatings, oil sprays, roasting nuts",Fats and Oils,884.0,0.0,100.0,0.0,0.0,0.0,0.0,0.0,0.09,0.0,0.0,0.0,0.0,0.04,0.0,0.0,0.0,0.0,0.0,0.0,0.0,0.0,0.0,4
oil,"industrial, soy (partially hydrogenated), principal uses popcorn and flavoring vegetables",Fats and Oils,884.0,0.0,100.0,0.0,0.0,0.0,0.0,0.0,8.1,0.0,0.0,0.0,0.0,0.0,0.0,0.0,0.0,0.0,0.0,0.0,0.0,0.0,0.0,4
shortening,"industrial, soy (partially hydrogenated), pourable liquid fry shortening",Fats and Oils,884.0,0.0,100.0,0.0,0.0,0.0,0.0,0.0,8.1,0.0,0.0,0.0,0.0,0.0,0.0,0.0,0.0,0.0,0.0,0.0,0.0,0.0,0.0,4
oil,"industrial, soy, refined, for woks and light frying",Fats and Oils,884.0,0.0,100.0,0.0,0.0,0.0,0.0,0.0,8.18,0.0,0.0,0.0,0.0,0.02,0.0,0.0,0.0,0.0,0.0,0.0,0.0,0.0,0.0,4
oil,"industrial, soy (partially hydrogenated), multiuse for non-dairy butter flavor",Fats and Oils,884.0,0.0,100.0,0.0,0.0,0.0,0.0,0.0,8.1,0.0,0.0,0.0,0.0,0.0,0.0,0.0,0.0,0.0,0.0,0.0,0.0,0.0,0.0,4
oil,"industrial, soy ( partially hydrogenated), all purpose",Fats and Oils,884.0,0.0,100.0,0.0,0.0,0.0,0.0,0.0,8.1,0.0,0.0,0.0,0.0,0.0,0.0,0.0,0.0,0.0,0.0,0.0,0.0,0.0,0.0,4
oil,"industrial, soy (partially hydrogenated ) and soy (winterized), pourable clear fry",Fats and Oils,884.0,0.0,100.0,0.0,0.0,0.0,0.0,0.0,8.1,0.0,0.0,0.0,0.0,0.0,0.0,0.0,0.0,0.0,0.0,0.0,0.0,0.0,0.0,4
oil,"industrial, soy (partially hydrogenated)  and cottonseed, principal use as a tortilla shortening",Fats and Oils,884.0,0.0,100.0,0.0,0.0,0.0,0.0,0.0,12.1,0.0,0.0,0.0,0.0,0.0,0.0,0.0,0.0,0.0,0.0,0.0,0.0,0.0,0.0,4
margarine-like shortening,"industrial, soy (partially hydrogenated), cottonseed, and soy, principal use flaky pastries",Fats and Oils,628.0,0.0,71.0,0.0,0.0,0.0,0.0,0.0,6.13,0.0,0.0,0.0,0.0,0.0,0.0,0.0,0.0,0.0,0.0,0.0,0.0,0.0,0.0,4
oil,"industrial, palm kernel, confection fat, uses similar to high quality cocoa butter",Fats and Oils,884.0,0.0,100.0,0.0,0.0,0.0,0.0,0.0,3.81,0.0,0.0,0.0,1.0,0.29,0.0,0.0,0.0,0.04,0.0,0.0,0.0,0.0,0.0,4
oil,"industrial, palm kernel (hydrogenated), confection fat, uses similar to 95 degree hard butter",Fats and Oils,884.0,0.0,100.0,0.0,0.0,0.0,0.0,0.0,3.81,0.0,0.0,0.0,1.0,0.15,0.0,0.0,0.0,0.08,0.0,0.0,0.0,0.0,0.0,4
oil,"industrial, palm kernel (hydrogenated), confection fat, intermediate grade product",Fats and Oils,884.0,0.0,100.0,0.0,0.0,0.0,0.0,0.0,3.81,0.0,0.0,0.0,1.0,0.15,0.0,0.0,0.0,0.04,0.0,0.0,0.0,0.0,0.0,4
oil,"industrial, coconut, confection fat, typical basis for ice cream coatings",Fats and Oils,884.0,0.0,100.0,0.0,0.0,0.0,0.0,0.0,0.09,0.0,0.0,0.0,2.0,0.15,0.0,0.0,0.0,0.04,0.0,0.0,0.0,0.0,0.0,4
oil,"industrial, palm kernel (hydrogenated) , used for whipped toppings, non-dairy",Fats and Oils,884.0,0.0,100.0,0.0,0.0,0.0,0.0,0.0,3.81,0.0,0.0,0.0,1.0,0.15,0.0,0.0,0.0,0.04,0.0,0.0,0.0,0.0,0.0,4
oil,"industrial, coconut (hydrogenated), used for whipped toppings and coffee whiteners",Fats and Oils,880.0,0.0,99.5,0.0,0.0,0.0,0.0,0.0,0.09,0.0,0.0,0.0,1.0,0.15,0.0,0.0,0.0,0.04,0.0,0.0,0.0,0.0,0.0,4
oil,"industrial, palm and palm kernel, filling fat (non-hydrogenated)",Fats and Oils,880.0,0.0,99.5,0.0,0.0,0.0,0.0,0.0,3.81,0.0,0.0,0.0,1.0,0.15,0.0,0.0,0.0,0.04,0.0,0.0,0.0,0.0,0.0,4
oil,"industrial, palm kernel (hydrogenated), filling fat",Fats and Oils,884.0,0.0,100.0,0.0,0.0,0.0,0.0,0.0,3.81,0.0,0.0,0.0,2.0,0.15,0.0,0.0,0.0,0.04,0.0,0.0,0.0,0.0,0.0,4
oil,"industrial, soy (partially hydrogenated ), palm, principal uses icings and fillings",Fats and Oils,884.0,0.0,100.0,0.0,0.0,0.0,0.0,0.0,8.1,0.0,0.0,0.0,0.0,0.0,0.0,0.0,0.0,0.0,0.0,0.0,0.0,0.0,0.0,4
margarine,"industrial, non-dairy, cottonseed, soy oil (partially hydrogenated ), for flaky pastries",Fats and Oils,714.0,1.9,80.2,0.0,0.0,0.0,0.019,0.4,4.6,0.05,0.081,0.022,66.0,0.0,6.0,0.0,51.0,0.0,1.032,0.0002099999999999,0.003,0.0,0.0,4
shortening,"industrial, soy (partially hydrogenated ) and corn for frying",Fats and Oils,884.0,0.0,100.0,0.0,0.0,0.0,0.0,0.0,6.13,0.0,0.0,0.0,0.0,0.0,0.0,0.0,0.0,0.0,0.0,0.0,0.0,0.0,0.0,4
shortening,"industrial, soy (partially hydrogenated ) for baking and confections",Fats and Oils,884.0,0.0,100.0,0.0,0.0,0.0,0.0,0.0,6.13,0.0,0.0,0.0,0.0,0.0,0.0,0.0,0.0,0.0,0.0,0.0,0.0,0.0,0.0,4
margarine,"industrial, soy and partially hydrogenated soy oil, use for baking, sauces and candy",Fats and Oils,714.0,0.18,80.0,0.71,0.0,0.0,0.0,0.0,6.23,0.003,0.0,0.012,3.0,0.12,1.0,0.0,5.0,0.11,0.0,0.0002099999999999,0.001,0.0,0.0,4
usda commodity food,"oil, vegetable, soybean, refined",Fats and Oils,884.0,0.0,100.0,0.0,0.0,0.0,0.0,0.0,8.18,0.0,0.0,0.0,0.0,0.02,0.0,0.0,0.0,0.0,0.0,0.0,0.0,0.0,0.0,4
usda commodity food,"oil, vegetable, low saturated fat",Fats and Oils,884.0,0.0,100.0,0.0,0.0,0.0,0.0,0.0,9.21,0.0,0.0,0.0,0.0,0.02,0.0,0.0,0.0,0.0,0.0,0.0,0.0,0.0,0.0,4
margarine-like spread,SMART BALANCE Regular Buttery Spread with flax oil,Fats and Oils,583.0,0.14,64.63,0.14,0.0,0.0,0.0,0.0,19.34,0.0,0.0,0.0,0.0,0.0,0.0,0.0,4.0,0.0,0.0,0.0,0.0,0.0,0.0,4
margarine-like spread,SMART BALANCE Light Buttery Spread,Fats and Oils,337.0,0.02,36.41,1.98,0.0,0.0,0.0,0.0,15.75,0.0,0.0,0.0,3.0,0.0,1.0,0.0,1.0,0.0,1.433,0.0,0.0,0.0,0.0,0
margarine-like spread,SMART BEAT Super Light without saturated fat,Fats and Oils,158.0,0.0,17.1,0.0,0.0,0.0,0.0,0.0,1.7,0.0,0.0,0.0,0.0,0.0,0.0,0.0,0.0,0.0,0.0,0.0,0.0,0.0,0.0,0
margarine-like spread,SMART BEAT Smart Squeeze,Fats and Oils,47.0,0.0,2.1,7.1,1.0,0.0,0.0,0.0,0.2,0.0,0.0,0.0,0.0,0.0,0.0,0.0,0.0,0.0,0.0,0.0,0.0,0.0,0.0,0
margarine-like spread,SMART BALANCE Omega Plus Spread (with plant sterols & fish oil),Fats and Oils,605.0,0.13,70.95,0.16,0.0,0.0,0.0,0.0,11.78,0.0,0.0,0.0,0.0,0.0,0.0,0.0,23.0,0.0,0.0,0.0,0.0,0.0,0.0,4
oil,"vegetable, Natreon canola, high stability, non trans, high oleic (70%)",Fats and Oils,884.0,0.0,100.0,0.0,0.0,0.0,0.0,0.0,21.8,0.0,0.0,0.0,0.0,0.0,0.0,0.0,0.0,0.0,0.0,0.0,0.0,0.0,0.0,4
oil,"PAM cooking spray, original",Fats and Oils,792.0,0.26,78.69,20.69,0.0,0.0,0.0,0.0,0.0,0.0,0.0,0.0,0.0,0.0,0.0,0.0,0.0,0.0,0.0,0.0,0.0,0.0,0.0,4
margarine,"margarine-like vegetable oil spread, 67-70% fat, tub",Fats and Oils,606.0,0.07,68.29,0.59,0.0,0.0,0.0,0.0,13.0,0.0,0.0,0.0,0.0,0.0,0.0,0.0,0.0,0.0,0.0,0.0,0.0,0.0,0.0,4
margarine,"80% fat, tub, CANOLA HARVEST Soft Spread (canola, palm and palm kernel oils)",Fats and Oils,730.0,0.41,80.32,1.39,0.0,0.0,0.0,0.0,26.63,0.0,0.0,0.0,0.0,0.0,0.0,0.0,0.0,0.0,0.0,0.0,0.0,0.0,0.0,4
oil,"cooking and salad, ENOVA, 80% diglycerides",Fats and Oils,884.0,0.0,100.0,0.0,0.0,0.0,0.0,0.0,21.64,0.0,0.0,0.0,0.0,0.0,0.0,0.0,0.0,0.0,0.0,0.0,0.0,0.0,0.0,4
salad dressing,"honey mustard dressing, reduced calorie",Fats and Oils,207.0,0.98,10.0,28.26,18.33,0.8,0.02,0.4,1.46,0.118,0.013,0.07,67.0,0.41,12.0,0.144,28.0,0.17,0.001,0.0,0.002,2.5e-05,0.0068,0
margarine-like spread,BENECOL Light Spread,Fats and Oils,357.0,0.0,38.71,5.71,0.0,0.0,0.0,0.0,37.22,0.0,0.0,0.012,4.0,0.0,1.0,0.0,4.0,0.0,1.37,0.0,0.0,0.0,0.0,0
salad dressing,"spray-style dressing, assorted flavors",Fats and Oils,165.0,0.16,10.75,16.6,14.29,0.3,0.0,0.7,0.0,0.0,0.0,0.0,6.0,0.18,0.0,0.0,0.0,0.0,0.0,0.0,0.0,0.0,0.0,0
salad dressing,"mayonnaise, light, SMART BALANCE, Omega Plus light",Fats and Oils,333.0,1.53,34.18,9.39,5.38,0.2,0.015,0.0,10.41,0.028,0.03,0.015,13.0,0.31,2.0,0.013,27.0,0.2,0.0,0.00017,0.0,1.6e-05,0.0044,0
margarine-like,"vegetable oil spread, approximately 37% fat, unspecified oils, with salt, with added vitamin D",Fats and Oils,339.0,0.51,37.77,0.66,0.0,0.0,0.0,0.1,13.45,0.0,0.005,0.011,6.0,0.02,1.0,0.0,5.0,0.02,1.297,6e-05,0.001,0.0,0.0,2
margarine,"regular, 80% fat, composite, stick, with salt, with added vitamin D",Fats and Oils,717.0,0.16,80.71,0.7,0.0,0.0,0.009,0.2,9.0,0.023,0.037,0.01,3.0,0.06,3.0,0.0,5.0,0.0,0.819,0.0001,0.001,0.0,0.0,4
margarine,"regular, 80% fat, composite, tub, with salt, with added vitamin D",Fats and Oils,713.0,0.22,80.17,0.75,0.0,0.0,0.0,0.1,15.43,0.0,0.0,0.0,3.0,0.0,1.0,0.0,5.0,0.0,0.819,8e-05,0.001,0.0,0.0,4
margarine-like,"vegetable oil spread, 60% fat, stick, with salt, with added vitamin D",Fats and Oils,537.0,0.12,60.39,0.69,0.0,0.0,0.006,0.1,5.0,0.016,0.026,0.007,21.0,0.0,2.0,0.0,16.0,0.0,0.819,7.000000000000001e-05,0.001,8e-06,0.0,4
margarine-like,"vegetable oil spread, 60% fat, tub, with salt, with added vitamin D",Fats and Oils,533.0,0.17,59.81,0.86,0.0,0.0,3.75,0.1,21.12,0.016,0.026,0.007,21.0,0.0,2.0,0.0,16.0,0.0,0.819,0.0108,0.001,0.0,0.0,4
margarine-like vegetable-oil spread,"stick/tub/bottle, 60% fat, with added vitamin D",Fats and Oils,535.0,0.6,59.17,0.0,0.0,0.0,0.006,0.1,5.0,0.016,0.026,0.007,21.0,0.0,2.0,0.0,16.0,0.0,0.819,7.000000000000001e-05,0.001,0.0,0.0,4
margarine,"regular, 80% fat, composite, stick, without salt, with added vitamin D",Fats and Oils,717.0,0.16,80.71,0.7,0.0,0.0,0.009,0.2,9.0,0.023,0.037,0.01,3.0,0.06,3.0,0.0,5.0,0.0,0.819,0.0001,0.001,0.0,0.0,4
margarine-like,"vegetable oil spread, 60% fat, stick/tub/bottle, without salt, with added vitamin D",Fats and Oils,542.0,0.17,59.81,0.86,0.0,0.0,3.75,0.1,21.12,0.016,0.026,0.007,21.0,0.0,2.0,0.0,16.0,0.0,0.819,0.0108,0.001,0.0,0.0,4
oil,"industrial, canola, high oleic",Fats and Oils,900.0,0.0,100.0,0.0,0.0,0.0,0.0,0.0,17.46,0.0,0.0,0.0,0.0,0.0,0.0,0.0,0.0,0.0,0.0,0.0,0.0,0.0,0.0,4
oil,"industrial, soy, low linolenic",Fats and Oils,900.0,0.0,100.0,0.0,0.0,0.0,0.0,0.0,8.18,0.0,0.0,0.0,0.0,0.05,0.0,0.0,0.0,0.01,0.0,0.0,0.0,0.0,0.0,4
oil,"industrial, soy, ultra low linolenic",Fats and Oils,884.0,0.0,100.0,0.0,0.0,0.0,0.0,0.0,8.18,0.0,0.0,0.0,0.0,0.05,0.0,0.0,0.0,0.01,0.0,0.0,0.0,0.0,0.0,4
oil,"industrial, soy, fully hydrogenated",Fats and Oils,884.0,0.0,100.0,0.0,0.0,0.0,0.0,0.0,8.18,0.0,0.0,0.0,0.0,0.05,0.0,0.0,0.0,0.01,0.0,0.0,0.0,0.0,0.0,4
oil,"industrial, cottonseed, fully hydrogenated",Fats and Oils,884.0,0.0,100.0,0.0,0.0,0.0,0.0,0.0,35.3,0.0,0.0,0.0,0.0,0.0,0.0,0.0,0.0,0.0,0.0,0.0,0.0,0.0,0.0,4
salad dressing,"honey mustard, regular",Fats and Oils,464.0,0.87,40.83,23.33,15.84,0.4,0.017,0.2,3.53,0.061,0.023,0.039,12.0,0.29,5.0,0.066,22.0,0.14,0.012,5e-05,0.005,1.7999999999999997e-05,0.005,4
salad dressing,"poppyseed, creamy",Fats and Oils,399.0,0.92,33.33,23.73,23.39,0.3,0.022,0.3,2.36,0.047,0.058,0.024,59.0,0.25,9.0,0.131,49.0,0.25,0.051,8.999999999999999e-05,0.003,3.5000000000000004e-05,0.0012,1
salad dressing,"caesar, fat-free",Fats and Oils,131.0,1.47,0.23,30.73,8.82,0.2,0.04,0.1,0.02,0.029,0.009,0.031,33.0,0.29,4.0,0.04,30.0,0.3,0.001,4e-05,0.002,1.9e-05,0.0022,0
dressing,"honey mustard, fat-free",Fats and Oils,169.0,1.07,1.47,38.43,17.75,1.2,0.053,2.1,0.8,0.151,0.021,0.043,24.0,0.36,13.0,0.115,37.0,0.29,0.005,2e-05,0.009,4e-05,0.0062,0
oil,"flaxseed, contains added sliced flaxseed",Fats and Oils,878.0,0.37,99.01,0.39,0.0,0.0,0.0,0.0,0.71,0.0,0.0,0.0,9.0,0.34,15.0,0.141,27.0,0.31,0.0,0.0,0.0,6.7e-05,0.0,4
mayonnaise,"reduced fat, with olive oil",Fats and Oils,361.0,0.37,40.0,0.0,0.0,0.0,0.002,0.0,2.19,0.01,0.0,0.008,0.0,0.0,2.0,0.007,15.0,0.07,0.008,0.0001199999999999,0.0,1.9e-05,0.0023,2
chicken,"broiler, rotisserie, BBQ, breast meat only",Poultry Products,144.0,28.04,3.57,0.0,0.0,0.0,0.314,0.0,0.32,9.634,0.131,0.081,13.0,0.46,25.0,0.0,246.0,0.87,0.005,0.00027,0.008,4.1e-05,0.0231,2
chicken,"broilers or fryers, meat and skin and giblets and neck, raw",Poultry Products,213.0,18.33,14.83,0.13,0.0,0.0,0.34,2.6,0.0,6.639,0.186,0.061,11.0,1.31,20.0,0.029,149.0,1.48,0.232,0.00111,0.03,6.4e-05,0.0118,2
chicken,"broilers or fryers, meat and skin and giblets and neck, cooked, fried, batter",Poultry Products,291.0,22.84,17.53,9.03,0.0,0.0,0.32,0.4,0.0,7.083,0.248,0.113,21.0,1.79,21.0,0.064,158.0,1.91,0.181,0.00083,0.038,8.9e-05,0.0203,2
chicken,"broilers or fryers, meat and skin and giblets and neck, cooked, fried, flour",Poultry Products,272.0,28.57,15.27,3.27,0.0,0.0,0.42,0.5,0.0,8.93,0.278,0.088,17.0,1.99,25.0,0.047,194.0,2.36,0.248,0.00111,0.032,0.0001,0.0166,2
chicken,"broilers or fryers, meat and skin and giblets and neck, roasted",Poultry Products,234.0,26.78,13.27,0.06,0.0,0.0,0.38,0.5,0.33,7.908,0.224,0.063,15.0,1.66,23.0,0.031,182.0,2.16,0.191,0.00094,0.029,8e-05,0.0159,2
chicken,"broilers or fryers, meat and skin and giblets and neck, stewed",Poultry Products,216.0,24.49,12.37,0.06,0.0,0.0,0.22,0.5,0.0,5.389,0.201,0.048,14.0,1.53,19.0,0.029,144.0,1.98,0.174,0.00079,0.027,7.099999999999999e-05,0.0159,2
chicken,"broilers or fryers, meat and skin, raw",Poultry Products,215.0,18.6,15.06,0.0,0.0,0.0,0.35,1.6,0.3,6.801,0.12,0.06,11.0,0.9,20.0,0.019,147.0,1.31,0.041,0.00031,0.006,4.8e-05,0.0144,2
chicken,"broilers or fryers, meat and skin, cooked, fried, batter",Poultry Products,289.0,22.54,17.35,9.42,0.0,0.3,0.31,0.0,1.24,7.043,0.189,0.115,21.0,1.37,21.0,0.057,155.0,1.67,0.028,0.00028,0.025,7.199999999999999e-05,0.0255,2
chicken,"broilers or fryers, meat and skin, cooked, fried, flour",Poultry Products,269.0,28.56,14.92,3.15,0.0,0.1,0.41,0.0,0.63,8.992,0.193,0.087,17.0,1.38,25.0,0.034,191.0,2.04,0.027,0.00031,0.011,7.5e-05,0.0217,2
chicken,"broilers or fryers, meat and skin, cooked, roasted",Poultry Products,239.0,27.3,13.6,0.0,0.0,0.0,0.4,0.0,0.27,8.487,0.168,0.063,15.0,1.26,23.0,0.02,182.0,1.94,0.048,0.0003,0.005,6.6e-05,0.0238999999999999,2
chicken,"broilers or fryers, meat and skin, cooked, stewed",Poultry Products,219.0,24.68,12.56,0.0,0.0,0.0,0.22,0.0,0.27,5.594,0.148,0.046,13.0,1.16,19.0,0.019,139.0,1.76,0.044,0.0002,0.005,5.7e-05,0.018,2
chicken,"broilers or fryers, meat only, raw",Poultry Products,119.0,21.39,3.08,0.0,0.0,0.0,0.43,2.3,0.21,8.239,0.142,0.073,12.0,0.89,25.0,0.019,173.0,1.54,0.016,0.00037,0.007,5.3e-05,0.0157,2
chicken,"broilers or fryers, meat only, cooked, fried",Poultry Products,219.0,30.57,9.12,1.69,0.0,0.1,0.48,0.0,0.46,9.663,0.198,0.085,17.0,1.35,27.0,0.028,205.0,2.24,0.018,0.00034,0.007,7.5e-05,0.0245,2
chicken,"broilers or fryers, meat only, roasted",Poultry Products,190.0,28.93,7.41,0.0,0.0,0.0,0.47,0.0,0.27,9.173,0.178,0.069,15.0,1.21,25.0,0.019,195.0,2.1,0.016,0.00033,0.006,6.7e-05,0.022,2
chicken,"broilers or fryers, meat only, stewed",Poultry Products,177.0,27.29,6.71,0.0,0.0,0.0,0.26,0.0,0.27,6.117,0.163,0.049,14.0,1.17,21.0,0.019,150.0,1.99,0.015,0.00022,0.006,6.1e-05,0.0209,2
chicken,"broilers or fryers, skin only, raw",Poultry Products,349.0,13.33,32.35,0.0,0.0,0.0,0.09,0.0,0.0,3.987,0.069,0.033,11.0,1.08,13.0,0.019,100.0,0.93,0.076,0.00023,0.003,4.1e-05,0.0123,2
chicken,"broilers or fryers, skin only, cooked, fried, batter",Poultry Products,394.0,10.32,28.83,23.15,0.0,0.0,0.06,0.0,0.0,3.342,0.178,0.174,26.0,1.43,12.0,0.108,80.0,0.72,0.0,0.00017,0.062,7.099999999999999e-05,0.0538999999999999,2
chicken,"broilers or fryers, skin only, cooked, fried, flour",Poultry Products,502.0,19.09,42.58,9.34,0.0,0.0,0.1,0.0,0.0,5.818,0.165,0.097,14.0,1.52,17.0,0.06,126.0,1.15,0.07,0.0001799999999999,0.053,7.9e-05,0.0629,4
chicken,"broilers or fryers, skin only, cooked, roasted",Poultry Products,454.0,20.36,40.68,0.0,0.0,0.0,0.1,0.0,0.4,5.581,0.127,0.036,14.0,1.51,15.0,0.022,125.0,1.23,0.078,0.0002,0.002,6.4e-05,0.02,2
chicken,"broilers or fryers, skin only, cooked, stewed",Poultry Products,363.0,15.22,33.04,0.0,0.0,0.0,0.05,0.0,0.0,3.756,0.094,0.034,12.0,1.13,13.0,0.018,99.0,0.96,0.0,0.00011,0.002,4.6e-05,0.0144,2
chicken,"broilers or fryers, giblets, raw",Poultry Products,124.0,17.88,4.47,1.8,0.0,0.0,0.42,16.2,0.0,6.662,0.987,0.088,10.0,5.86,18.0,0.149,197.0,3.32,2.657,0.01141,0.345,0.000243,0.0552,2
chicken,"broilers or fryers, giblets, cooked, fried",Poultry Products,277.0,32.54,13.46,4.35,0.0,0.0,0.61,8.7,0.0,10.987,1.524,0.097,18.0,10.32,25.0,0.222,286.0,6.27,3.582,0.01331,0.379,0.000422,0.1042,2
chicken,"broilers or fryers, giblets, cooked, simmered",Poultry Products,157.0,27.15,4.5,0.0,0.0,0.0,0.397,12.5,0.46,6.625,1.052,0.143,14.0,7.04,14.0,0.199,289.0,4.23,1.753,0.0094399999999999,0.257,0.000331,0.0596,2
chicken,"gizzard, all classes, raw",Poultry Products,94.0,17.66,2.06,0.0,0.0,0.0,0.112,3.7,0.33,3.68,0.231,0.028,11.0,2.49,15.0,0.055,148.0,2.72,0.019,0.00121,0.005,0.000116,0.0255,2
chicken,"gizzard, all classes, cooked, simmered",Poultry Products,154.0,30.39,2.68,0.0,0.0,0.0,0.071,0.0,0.2,3.12,0.21,0.026,17.0,3.19,3.0,0.074,189.0,4.42,0.0,0.00104,0.005,0.000161,0.0411,2
chicken,"heart, all classes, raw",Poultry Products,153.0,15.55,9.33,0.71,0.0,0.0,0.36,3.2,0.0,4.883,0.728,0.152,12.0,5.96,15.0,0.089,177.0,6.59,0.009,0.00729,0.072,0.0003459999999999,0.0043,2
chicken,"heart, all classes, cooked, simmered",Poultry Products,185.0,26.41,7.92,0.1,0.0,0.0,0.32,1.8,0.0,2.803,0.741,0.07,19.0,9.03,20.0,0.107,199.0,7.3,0.008,0.00729,0.08,0.000502,0.008,2
chicken,"liver, all classes, raw",Poultry Products,119.0,16.92,4.83,0.73,0.0,0.0,0.853,17.9,0.7,9.728,1.778,0.305,8.0,8.99,19.0,0.255,297.0,2.67,3.296,0.0165799999999999,0.588,0.000492,0.0546,2
chicken,"liver, all classes, cooked, simmered",Poultry Products,167.0,24.46,6.51,0.87,0.0,0.0,0.755,27.9,0.82,11.045,1.993,0.291,11.0,11.63,25.0,0.359,405.0,3.98,3.981,0.01685,0.578,0.000496,0.0824,2
chicken,"broilers or fryers, light meat, meat and skin, raw",Poultry Products,186.0,20.27,11.07,0.0,0.0,0.0,0.48,0.0,0.27,8.908,0.086,0.059,11.0,0.79,23.0,0.018,163.0,0.93,0.03,0.00034,0.004,4e-05,0.0163999999999999,2
chicken,"broilers or fryers, light meat, meat and skin, cooked, fried, batter",Poultry Products,277.0,23.55,15.44,9.5,0.0,0.0,0.39,0.0,0.0,9.156,0.147,0.113,20.0,1.26,22.0,0.055,168.0,1.06,0.024,0.00028,0.023,6.1e-05,0.0272,2
chicken,"broilers or fryers, light meat, meat and skin, cooked, fried, flour",Poultry Products,246.0,30.45,12.09,1.82,0.0,0.1,0.54,0.0,0.57,12.035,0.133,0.076,16.0,1.21,27.0,0.026,213.0,1.26,0.02,0.00033,0.009,5.8e-05,0.0291,2
chicken,"broilers or fryers, light meat, meat and skin, cooked, roasted",Poultry Products,222.0,29.02,10.85,0.0,0.0,0.0,0.52,0.0,0.0,11.134,0.118,0.06,15.0,1.14,25.0,0.018,200.0,1.23,0.033,0.00032,0.003,5.3e-05,0.0241,2
chicken,"broilers or fryers, light meat, meat and skin, cooked, stewed",Poultry Products,201.0,26.14,9.97,0.0,0.0,0.0,0.27,0.0,0.0,6.935,0.112,0.041,13.0,0.98,20.0,0.018,146.0,1.14,0.029,0.0002,0.003,4.4e-05,0.0212,2
chicken,"broilers or fryers, dark meat, meat and skin, raw",Poultry Products,237.0,16.69,18.34,0.0,0.0,0.0,0.25,0.0,0.3,5.211,0.146,0.061,11.0,0.98,19.0,0.019,136.0,1.58,0.049,0.00029,0.007,5.4e-05,0.0127,2
chicken,"broilers or fryers, dark meat, meat and skin, cooked, fried, batter",Poultry Products,298.0,21.85,18.64,9.38,0.0,0.0,0.25,0.0,0.0,5.607,0.218,0.117,21.0,1.44,20.0,0.058,145.0,2.08,0.031,0.00027,0.024,8e-05,0.0236,2
chicken,"broilers or fryers, dark meat, meat and skin, cooked, fried, flour",Poultry Products,285.0,27.22,16.91,4.08,0.0,0.0,0.32,0.0,0.0,6.842,0.235,0.095,17.0,1.5,24.0,0.039,176.0,2.6,0.031,0.0003,0.013,8.8e-05,0.0205,2
chicken,"broilers or fryers, dark meat, meat and skin, cooked, roasted",Poultry Products,253.0,25.97,15.78,0.0,0.0,0.0,0.31,0.0,0.0,6.359,0.207,0.066,15.0,1.36,22.0,0.021,168.0,2.49,0.06,0.00029,0.007,7.7e-05,0.0202,2
chicken,"broilers or fryers, dark meat, meat and skin, cooked, stewed",Poultry Products,233.0,23.5,14.66,0.0,0.0,0.0,0.17,0.0,0.0,4.513,0.177,0.05,14.0,1.31,18.0,0.019,133.0,2.26,0.056,0.0002,0.006,6.8e-05,0.0184,2
chicken,"broilers or fryers, light meat, meat only, raw",Poultry Products,114.0,23.2,1.65,0.0,0.0,0.0,0.54,0.0,0.22,10.604,0.092,0.068,12.0,0.73,27.0,0.018,187.0,0.97,0.008,0.00038,0.004,4e-05,0.0178,2
chicken,"broilers or fryers, light meat, meat only, cooked, fried",Poultry Products,192.0,32.82,5.54,0.42,0.0,0.0,0.63,0.0,0.0,13.365,0.126,0.073,16.0,1.14,29.0,0.02,231.0,1.27,0.009,0.0003599999999999,0.004,5.4e-05,0.0261999999999999,2
chicken,"broilers or fryers, light meat, meat only, cooked, roasted",Poultry Products,173.0,30.91,4.51,0.0,0.0,0.0,0.6,0.0,0.27,12.421,0.116,0.065,15.0,1.06,27.0,0.017,216.0,1.23,0.009,0.00034,0.004,5e-05,0.0243999999999999,2
chicken,"broilers or fryers, light meat, meat only, cooked, stewed",Poultry Products,159.0,28.88,3.99,0.0,0.0,0.0,0.33,0.0,0.27,7.79,0.117,0.042,13.0,0.93,22.0,0.018,159.0,1.19,0.008,0.00023,0.003,4.4e-05,0.0223,2
chicken,"broilers or fryers, dark meat, meat only, raw",Poultry Products,125.0,20.08,4.31,0.0,0.0,0.0,0.33,3.1,0.21,6.246,0.184,0.077,12.0,1.03,23.0,0.021,162.0,2.0,0.022,0.0003599999999999,0.01,6.3e-05,0.0135,2
chicken,"broilers or fryers, dark meat, meat only, cooked, fried",Poultry Products,239.0,28.99,11.62,2.59,0.0,0.0,0.37,0.0,0.0,7.07,0.249,0.093,18.0,1.49,25.0,0.033,187.0,2.91,0.024,0.00033,0.009,8.9e-05,0.0205,2
chicken,"broilers or fryers, dark meat, meat only, cooked, roasted",Poultry Products,205.0,27.37,9.73,0.0,0.0,0.0,0.36,0.0,0.27,6.548,0.227,0.073,15.0,1.33,23.0,0.021,179.0,2.8,0.022,0.00032,0.008,8e-05,0.018,2
chicken,"broilers or fryers, dark meat, meat only, cooked, stewed",Poultry Products,192.0,25.97,8.98,0.0,0.0,0.0,0.21,0.0,0.27,4.737,0.202,0.055,14.0,1.36,20.0,0.02,143.0,2.66,0.021,0.00022,0.007,7.5e-05,0.0173,2
chicken,"broilers or fryers, separable fat, raw",Poultry Products,629.0,3.73,67.95,0.0,0.0,0.0,0.02,0.0,2.73,2.041,0.059,0.021,7.0,0.7,6.0,0.014,54.0,0.45,0.125,7.000000000000001e-05,0.001,2.9e-05,0.0096999999999999,4
chicken,"broilers or fryers, back, meat and skin, raw",Poultry Products,319.0,14.05,28.74,0.0,0.0,0.0,0.19,1.6,0.37,4.835,0.116,0.051,13.0,0.94,15.0,0.018,113.0,1.26,0.075,0.00025,0.006,4.7e-05,0.0121,2
chicken,"broilers or fryers, back, meat and skin, cooked, fried, batter",Poultry Products,331.0,21.97,21.91,10.25,0.0,0.0,0.23,0.0,0.0,5.837,0.213,0.119,26.0,1.49,19.0,0.062,137.0,1.96,0.036,0.00026,0.028,8.1e-05,0.029,2
chicken,"broilers or fryers, back, meat and skin, cooked, fried, flour",Poultry Products,331.0,27.79,20.74,6.5,0.0,0.0,0.3,0.0,0.0,7.297,0.236,0.107,24.0,1.62,23.0,0.05,166.0,2.47,0.037,0.00028,0.02,9.1e-05,0.0237,2
chicken,"broilers or fryers, back, meat and skin, cooked, roasted",Poultry Products,300.0,25.95,20.97,0.0,0.0,0.0,0.27,0.0,0.27,6.718,0.195,0.061,21.0,1.42,20.0,0.022,154.0,2.25,0.105,0.00027,0.006,7.6e-05,0.0225,2
chicken,"broilers or fryers, back, meat and skin, cooked, stewed",Poultry Products,258.0,22.18,18.14,0.0,0.0,0.0,0.15,0.0,0.27,4.343,0.151,0.043,18.0,1.22,16.0,0.02,120.0,1.93,0.088,0.0001799999999999,0.005,6.3e-05,0.0198999999999999,2
chicken,"broilers or fryers, back, meat only, raw",Poultry Products,137.0,19.56,5.92,0.0,0.0,0.0,0.33,0.0,0.22,6.672,0.164,0.074,17.0,1.04,22.0,0.021,151.0,1.85,0.03,0.0003599999999999,0.009,6e-05,0.0135,2
chicken,"broilers or fryers, back, meat only, cooked, fried",Poultry Products,288.0,29.99,15.32,5.68,0.0,0.0,0.35,0.0,0.0,7.68,0.253,0.109,26.0,1.65,25.0,0.047,176.0,2.8,0.029,0.00031,0.009,9.5e-05,0.0198999999999999,2
chicken,"broilers or fryers, back, meat only, cooked, roasted",Poultry Products,239.0,28.19,13.16,0.0,0.0,0.0,0.34,0.0,0.0,7.069,0.217,0.068,24.0,1.39,22.0,0.022,165.0,2.65,0.0,0.0003,0.0,8.1e-05,0.0173,2
chicken,"broilers or fryers, back, meat only, cooked, stewed",Poultry Products,209.0,25.31,11.19,0.0,0.0,0.0,0.2,0.0,0.27,4.556,0.173,0.047,21.0,1.27,17.0,0.02,130.0,2.38,0.027,0.0002099999999999,0.007,7.099999999999999e-05,0.0165,2
chicken,"broilers or fryers, breast, meat and skin, raw",Poultry Products,172.0,20.85,9.25,0.0,0.0,0.0,0.53,0.0,0.27,9.908,0.085,0.063,11.0,0.74,25.0,0.018,174.0,0.8,0.024,0.00034,0.004,3.9e-05,0.0166,2
chicken,"broilers or fryers, breast, meat and skin, cooked, fried, batter",Poultry Products,260.0,24.84,13.2,8.99,0.0,0.3,0.43,0.0,1.06,10.523,0.146,0.115,20.0,1.25,24.0,0.054,185.0,0.95,0.02,0.0003,0.021,6e-05,0.028,2
chicken,"broilers or fryers, breast, meat and skin, cooked, fried, flour",Poultry Products,222.0,31.84,8.87,1.64,0.0,0.1,0.58,0.0,0.0,13.742,0.131,0.082,16.0,1.19,30.0,0.026,233.0,1.1,0.015,0.00034,0.007,5.7e-05,0.0238999999999999,2
chicken,"broilers or fryers, breast, meat and skin, cooked, roasted",Poultry Products,197.0,29.8,7.78,0.0,0.0,0.0,0.56,0.0,0.27,12.71,0.119,0.066,14.0,1.07,27.0,0.018,214.0,1.02,0.028,0.00032,0.004,5e-05,0.0247,2
chicken,"broilers or fryers, breast, meat and skin, cooked, stewed",Poultry Products,184.0,27.39,7.42,0.0,0.0,0.0,0.29,0.0,0.27,7.807,0.115,0.041,13.0,0.92,22.0,0.018,156.0,0.97,0.025,0.0002099999999999,0.003,4.4e-05,0.0218,2
chicken,"broiler or fryers, breast, skinless, boneless, meat only, raw",Poultry Products,120.0,22.5,2.62,0.0,0.0,0.0,0.811,0.0,0.56,9.6,0.177,0.094,5.0,0.37,28.0,0.011,213.0,0.68,0.007,0.0002099999999999,0.009,3.7e-05,0.0228,2
chicken,"broilers or fryers, breast, meat only, cooked, fried",Poultry Products,187.0,33.44,4.71,0.51,0.0,0.0,0.64,0.0,0.42,14.782,0.125,0.079,16.0,1.14,31.0,0.021,246.0,1.08,0.007,0.00037,0.004,5.4e-05,0.0261999999999999,2
chicken,"broilers or fryers, breast, meat only, cooked, roasted",Poultry Products,165.0,31.02,3.57,0.0,0.0,0.0,0.6,0.0,0.27,13.712,0.114,0.07,15.0,1.04,29.0,0.017,228.0,1.0,0.006,0.00034,0.004,4.9000000000000005e-05,0.0276,2
chicken,"broilers or fryers, breast, meat only, cooked, stewed",Poultry Products,151.0,28.98,3.03,0.0,0.0,0.0,0.33,0.0,0.27,8.469,0.119,0.042,13.0,0.88,24.0,0.018,165.0,0.97,0.006,0.00023,0.003,4.3e-05,0.0223,2
chicken,"broilers or fryers, drumstick, meat and skin, raw",Poultry Products,161.0,18.08,9.2,0.11,0.0,0.0,0.345,0.0,0.19,4.841,0.195,0.083,8.0,0.71,18.0,0.014,163.0,1.86,0.014,0.00053,0.003,6.2e-05,0.0202,2
chicken,"broilers or fryers, drumstick, meat and skin, cooked, fried, batter",Poultry Products,268.0,21.95,15.75,8.28,0.0,0.3,0.27,0.0,0.0,5.096,0.215,0.112,17.0,1.35,20.0,0.052,147.0,2.33,0.026,0.00028,0.024,7.6e-05,0.0219,2
chicken,"broilers or fryers, drumstick, meat and skin, cooked, fried, flour",Poultry Products,245.0,26.96,13.72,1.63,0.0,0.1,0.35,0.0,0.0,6.037,0.225,0.081,12.0,1.34,23.0,0.028,176.0,2.89,0.025,0.00032,0.011,8e-05,0.0184,2
chicken,"broilers or fryers, drumstick, meat and skin, cooked, roasted",Poultry Products,191.0,23.35,10.15,0.0,0.0,0.0,0.383,0.0,0.19,5.403,0.203,0.093,11.0,1.11,22.0,0.015,195.0,2.36,0.012,0.00039,0.004,7.099999999999999e-05,0.0269,2
chicken,"broilers or fryers, drumstick, meat and skin, cooked, stewed",Poultry Products,204.0,25.32,10.64,0.0,0.0,0.0,0.19,0.0,0.27,4.204,0.19,0.05,11.0,1.33,20.0,0.019,141.0,2.65,0.027,0.00022,0.007,7.099999999999999e-05,0.017,2
chicken,"broilers or fryers, dark meat, drumstick, meat only, raw",Poultry Products,116.0,19.41,3.71,0.0,0.0,0.0,0.381,0.0,0.18,5.198,0.22,0.09,9.0,0.76,20.0,0.014,174.0,2.05,0.007,0.00051,0.004,6.6e-05,0.0218,2
chicken,"broilers or fryers, drumstick, meat only, cooked, fried",Poultry Products,195.0,28.62,8.08,0.0,0.0,0.0,0.39,0.0,0.0,6.146,0.236,0.077,12.0,1.32,24.0,0.021,186.0,3.22,0.018,0.00035,0.009,8e-05,0.0196,2
chicken,"broilers or fryers, dark meat, drumstick, meat only, cooked, roasted",Poultry Products,155.0,24.24,5.7,0.0,0.0,0.0,0.407,0.0,0.18,5.598,0.222,0.098,11.0,1.14,22.0,0.014,200.0,2.56,0.006,0.00038,0.004,7.4e-05,0.0281,2
chicken,"broilers or fryers, drumstick, meat only, cooked, stewed",Poultry Products,169.0,27.5,5.71,0.0,0.0,0.0,0.23,0.0,0.27,4.3,0.213,0.054,11.0,1.37,21.0,0.019,150.0,3.02,0.017,0.0002399999999999,0.008,7.7e-05,0.018,2
chicken,"broilers or fryers, leg, meat and skin, raw",Poultry Products,214.0,16.37,15.95,0.17,0.0,0.0,0.318,0.2,0.22,4.733,0.141,0.073,9.0,0.69,19.0,0.016,155.0,1.47,0.028,0.00056,0.004,5.4e-05,0.018,2
chicken,"broilers or fryers, leg, meat and skin, cooked, fried, batter",Poultry Products,273.0,21.77,16.17,8.72,0.0,0.3,0.27,0.0,0.0,5.433,0.221,0.116,18.0,1.4,20.0,0.054,152.0,2.17,0.027,0.00028,0.024,8e-05,0.0266,2
chicken,"broilers or fryers, leg, meat and skin, cooked, fried, flour",Poultry Products,254.0,26.84,14.43,2.5,0.0,0.1,0.34,0.0,0.0,6.546,0.235,0.088,13.0,1.43,24.0,0.032,182.0,2.68,0.028,0.00031,0.013,8.5e-05,0.0208,2
chicken,"broilers or fryers, leg, meat and skin, cooked, roasted",Poultry Products,184.0,24.03,8.99,0.0,0.0,0.0,0.413,0.0,0.19,6.034,0.187,0.09,12.0,1.09,23.0,0.02,202.0,2.07,0.02,0.00038,0.005,6.1e-05,0.0257,2
chicken,"broilers or fryers, leg, meat and skin, cooked, stewed",Poultry Products,220.0,24.17,12.92,0.0,0.0,0.0,0.18,0.0,0.27,4.59,0.191,0.054,11.0,1.35,20.0,0.019,139.0,2.43,0.037,0.0002,0.006,7.099999999999999e-05,0.0189,2
chicken,"broilers or fryers, leg, meat only, raw",Poultry Products,120.0,19.16,4.22,0.0,0.0,0.0,0.406,0.0,0.18,5.578,0.179,0.087,10.0,0.78,23.0,0.017,180.0,1.76,0.01,0.00057,0.004,6e-05,0.021,2
chicken,"broilers or fryers, leg, meat only, cooked, fried",Poultry Products,208.0,28.38,9.32,0.65,0.0,0.0,0.39,0.0,0.0,6.688,0.247,0.083,13.0,1.4,25.0,0.025,193.0,2.98,0.02,0.00034,0.009,8.599999999999999e-05,0.0188,2
chicken,"broilers or fryers, leg, meat only, cooked, roasted",Poultry Products,174.0,24.22,7.8,0.0,0.0,0.0,0.425,0.0,0.16,6.053,0.189,0.091,12.0,1.08,24.0,0.019,205.0,2.11,0.007,0.00039,0.005,6.1e-05,0.0252,2
chicken,"broilers or fryers, leg, meat only, cooked, stewed",Poultry Products,185.0,26.26,8.06,0.0,0.0,0.0,0.21,0.0,0.27,4.798,0.216,0.059,11.0,1.4,21.0,0.019,149.0,2.78,0.018,0.00023,0.008,7.7e-05,0.0265,2
chicken,"broilers or fryers, neck, meat and skin, raw",Poultry Products,297.0,14.07,26.24,0.0,0.0,0.0,0.17,0.0,0.3,3.608,0.191,0.047,18.0,1.9,13.0,0.033,112.0,1.86,0.065,0.00026,0.005,8e-05,0.012,2
chicken,"broilers or fryers, neck, meat and skin, cooked, fried, batter",Poultry Products,330.0,19.82,23.52,8.7,0.0,0.0,0.21,0.0,0.0,4.528,0.237,0.1,31.0,2.15,16.0,0.065,115.0,2.5,0.051,0.0002399999999999,0.021,0.000113,0.0213,2
chicken,"broilers or fryers, neck, meat and skin, cooked, fried, flour",Poultry Products,332.0,24.01,23.61,4.24,0.0,0.0,0.25,0.0,0.0,5.348,0.259,0.078,31.0,2.42,19.0,0.052,132.0,3.07,0.057,0.00026,0.015,0.00013,0.0186,2
chicken,"broilers or fryers, neck, meat and skin, cooked simmered",Poultry Products,247.0,19.61,18.1,0.0,0.0,0.0,0.1,0.0,0.27,3.319,0.248,0.04,27.0,2.3,13.0,0.046,122.0,2.72,0.048,0.00014,0.003,9.7e-05,0.0173,2
chicken,"broilers or fryers, neck, meat only, raw",Poultry Products,154.0,17.55,8.78,0.0,0.0,0.0,0.29,0.0,0.0,4.119,0.228,0.054,27.0,2.06,17.0,0.035,113.0,2.68,0.044,0.00032,0.008,0.0001089999999999,0.0135,2
chicken,"broilers or fryers, neck, meat only, cooked, fried",Poultry Products,229.0,26.87,11.88,1.77,0.0,0.0,0.35,0.0,0.0,5.027,0.318,0.07,41.0,2.98,20.0,0.05,135.0,4.24,0.049,0.0003,0.008,0.000161,0.0205,2
chicken,"broilers or fryers, neck, meat only, cooked, simmered",Poultry Products,179.0,24.56,8.18,0.0,0.0,0.0,0.16,0.0,0.0,3.956,0.283,0.046,44.0,2.63,16.0,0.048,128.0,3.77,0.0,0.00017,0.006,0.000129,0.0205,2
chicken,"broilers or fryers, thigh, meat and skin, raw",Poultry Products,221.0,16.52,16.61,0.25,0.0,0.0,0.347,0.0,0.21,4.625,0.145,0.073,7.0,0.68,18.0,0.013,157.0,1.29,0.023,0.00062,0.003,5.4e-05,0.0189,2
chicken,"broilers or fryers, thigh, meat and skin, cooked, fried, batter",Poultry Products,277.0,21.61,16.53,9.08,0.0,0.3,0.26,0.0,0.0,5.715,0.227,0.119,18.0,1.45,21.0,0.057,155.0,2.04,0.029,0.00028,0.026,8.2e-05,0.0232,2
chicken,"broilers or fryers, thigh, meat and skin, cooked, fried, flour",Poultry Products,262.0,26.75,14.98,3.18,0.0,0.1,0.33,0.0,0.0,6.946,0.243,0.094,14.0,1.49,25.0,0.036,187.0,2.52,0.029,0.0003,0.015,8.9e-05,0.0198999999999999,2
chicken,"broilers or fryers, thigh, meat and skin, cooked, roasted",Poultry Products,232.0,23.26,14.71,0.0,0.0,0.0,0.414,0.0,0.19,5.789,0.19,0.088,9.0,1.08,22.0,0.017,216.0,1.73,0.016,0.00044,0.004,6.3e-05,0.0253,2
chicken,"broilers or fryers, thigh, meat and skin, cooked, stewed",Poultry Products,232.0,23.26,14.74,0.0,0.0,0.0,0.17,0.0,0.27,4.894,0.191,0.057,11.0,1.37,19.0,0.019,139.0,2.25,0.045,0.00019,0.006,7.000000000000001e-05,0.0179,2
chicken,"broilers or fryers, dark meat, thigh, meat only, raw",Poultry Products,121.0,19.66,4.12,0.0,0.0,0.0,0.451,0.0,0.18,5.557,0.196,0.088,7.0,0.81,23.0,0.013,185.0,1.58,0.007,0.00061,0.004,6.2e-05,0.0229,2
chicken,"broilers or fryers, thigh, meat only, cooked, fried",Poultry Products,218.0,28.18,10.3,1.18,0.0,0.0,0.38,0.0,0.0,7.12,0.255,0.088,13.0,1.46,26.0,0.027,199.0,2.79,0.0,0.00033,0.009,8.999999999999999e-05,0.0205,2
chicken,"broilers or fryers, thigh, meat only, cooked, roasted",Poultry Products,179.0,24.76,8.15,0.0,0.0,0.0,0.462,0.0,0.18,6.208,0.218,0.096,9.0,1.13,24.0,0.016,230.0,1.92,0.008,0.0004199999999999,0.005,6.7e-05,0.0271,2
chicken,"broilers or fryers, thigh, meat only, cooked, stewed",Poultry Products,195.0,25.0,9.79,0.0,0.0,0.0,0.21,0.0,0.27,5.2,0.218,0.063,11.0,1.42,21.0,0.02,149.0,2.58,0.019,0.0002099999999999,0.007,7.7e-05,0.0171,2
chicken,"broilers or fryers, wing, meat and skin, raw",Poultry Products,191.0,17.52,13.16,0.0,0.0,0.0,0.528,0.0,0.64,5.697,0.103,0.054,11.0,0.46,16.0,0.011,123.0,1.21,0.009,0.00025,0.007,3.4e-05,0.0176,2
chicken,"broilers or fryers, wing, meat and skin, cooked, fried, batter",Poultry Products,324.0,19.87,21.81,10.94,0.0,0.3,0.3,0.0,0.0,5.265,0.152,0.106,20.0,1.29,16.0,0.06,121.0,1.38,0.034,0.00025,0.026,6.3e-05,0.0257,2
chicken,"broilers or fryers, wing, meat and skin, cooked, fried, flour",Poultry Products,321.0,26.11,22.16,2.39,0.0,0.1,0.41,0.0,0.0,6.697,0.137,0.058,15.0,1.25,19.0,0.028,150.0,1.76,0.038,0.00028,0.008,6.1e-05,0.0213,2
chicken,"broilers or fryers, wing, meat and skin, cooked, roasted",Poultry Products,254.0,23.79,16.87,0.0,0.0,0.0,0.558,0.0,0.69,6.32,0.153,0.065,18.0,0.84,19.0,0.011,147.0,1.64,0.012,0.00035,0.009,4.1e-05,0.0255,2
chicken,"broilers or fryers, wing, meat and skin, cooked, stewed",Poultry Products,249.0,22.78,16.82,0.0,0.0,0.0,0.22,0.0,0.27,4.621,0.103,0.04,12.0,1.13,16.0,0.018,121.0,1.63,0.04,0.0001799999999999,0.003,4.6e-05,0.0185,2
chicken,"broilers or fryers, wing, meat only, raw",Poultry Products,126.0,21.97,3.54,0.0,0.0,0.0,0.53,1.2,0.13,7.359,0.101,0.059,13.0,0.88,22.0,0.018,155.0,1.63,0.018,0.00038,0.004,4.1e-05,0.0178,2
chicken,"broilers or fryers, wing, meat only, cooked, fried",Poultry Products,211.0,30.15,9.15,0.0,0.0,0.0,0.59,0.0,0.0,7.239,0.128,0.046,15.0,1.14,21.0,0.016,164.0,2.12,0.0,0.00034,0.004,5.3e-05,0.0254,2
chicken,"broilers or fryers, wing, meat only, cooked, roasted",Poultry Products,203.0,30.46,8.13,0.0,0.0,0.0,0.59,0.0,0.27,7.312,0.129,0.047,16.0,1.16,21.0,0.016,166.0,2.14,0.018,0.00034,0.004,5.4e-05,0.0247,2
chicken,"broilers or fryers, wing, meat only, cooked, stewed",Poultry Products,181.0,27.18,7.18,0.0,0.0,0.0,0.32,0.0,0.27,5.2,0.11,0.044,13.0,1.12,18.0,0.017,134.0,2.02,0.016,0.00022,0.003,4.7e-05,0.0217,2
chicken,"roasting, meat and skin and giblets and neck, raw",Poultry Products,213.0,17.09,15.46,0.09,0.0,0.0,0.32,2.4,0.0,6.427,0.171,0.059,10.0,1.37,19.0,0.027,165.0,1.28,0.253,0.00099,0.026,6e-05,0.0116,2
chicken,"roasting, meat and skin and giblets and neck, cooked, roasted",Poultry Products,220.0,23.96,13.07,0.05,0.0,0.0,0.34,0.4,0.0,7.031,0.189,0.057,13.0,1.61,20.0,0.027,179.0,1.71,0.179,0.00078,0.023,7.099999999999999e-05,0.0157,2
canada goose,"breast meat, skinless, raw",Poultry Products,133.0,24.31,4.02,0.0,0.0,0.0,1.077,0.0,0.57,6.56,1.523,0.284,4.0,5.91,29.0,0.05,256.0,1.68,0.011,0.0040999999999999,0.0,0.000443,0.0,2
chicken,"roasting, meat and skin, cooked, roasted",Poultry Products,223.0,23.97,13.39,0.0,0.0,0.0,0.35,0.0,0.0,7.418,0.143,0.057,12.0,1.26,20.0,0.018,179.0,1.45,0.0,0.00027,0.005,5.8e-05,0.0236,2
chicken,"roasting, meat only, raw",Poultry Products,111.0,20.33,2.7,0.0,0.0,0.0,0.42,0.0,0.22,7.875,0.134,0.069,10.0,1.03,23.0,0.018,198.0,1.19,0.013,0.0003599999999999,0.007,5e-05,0.0169,2
chicken,"roasting, meat only, cooked, roasted",Poultry Products,167.0,25.01,6.63,0.0,0.0,0.0,0.41,0.0,0.0,7.881,0.147,0.062,12.0,1.21,21.0,0.017,192.0,1.52,0.012,0.00029,0.005,5.7e-05,0.0246,2
chicken,"roasting, giblets, raw",Poultry Products,127.0,18.14,5.04,1.14,0.0,0.0,0.36,13.1,0.0,6.208,0.818,0.08,10.0,5.4,17.0,0.13,184.0,3.39,2.88,0.0094,0.276,0.0002179999999999,0.0541,2
chicken,"roasting, giblets, cooked, simmered",Poultry Products,165.0,26.77,5.22,0.86,0.0,0.0,0.3,6.5,0.0,4.032,0.808,0.074,12.0,6.09,20.0,0.147,213.0,4.63,2.443,0.00845,0.303,0.000236,0.1001,2
chicken,"roasting, light meat, meat only, raw",Poultry Products,109.0,22.2,1.63,0.0,0.0,0.0,0.55,0.0,0.22,10.217,0.089,0.066,11.0,0.89,25.0,0.017,223.0,0.66,0.008,0.00039,0.004,3.8e-05,0.0178,2
chicken,"roasting, light meat, meat only, cooked, roasted",Poultry Products,153.0,27.13,4.07,0.0,0.0,0.0,0.54,0.0,0.27,10.469,0.093,0.061,13.0,1.08,23.0,0.015,217.0,0.78,0.008,0.00031,0.003,4.2e-05,0.0258,2
chicken,"roasting, dark meat, meat only, raw",Poultry Products,113.0,18.74,3.61,0.0,0.0,0.0,0.32,0.0,0.21,5.878,0.173,0.072,9.0,1.15,21.0,0.02,178.0,1.65,0.018,0.00034,0.009,5.9e-05,0.0135,2
chicken,"roasting, dark meat, meat only, cooked, roasted",Poultry Products,178.0,23.25,8.75,0.0,0.0,0.0,0.31,0.0,0.0,5.736,0.192,0.063,11.0,1.33,20.0,0.019,171.0,2.13,0.016,0.00027,0.007,7.000000000000001e-05,0.0196,2
chicken,"stewing, meat and skin, and giblets and neck, raw",Poultry Products,251.0,17.48,19.52,0.19,0.0,0.0,0.35,3.1,0.0,6.383,0.251,0.111,10.0,1.51,20.0,0.031,173.0,1.37,0.331,0.00126,0.037,9.2e-05,0.0125,2
chicken,"stewing, meat and skin, and giblets and neck, cooked, stewed",Poultry Products,214.0,24.88,11.91,0.0,0.0,0.0,0.234,1.0,0.28,5.677,0.221,0.054,13.0,1.64,19.0,0.034,151.0,1.96,0.182,0.00095,0.025,7.9e-05,0.0214,2
chicken,"stewing, meat and skin, raw",Poultry Products,258.0,17.55,20.33,0.0,0.0,0.0,0.33,0.0,0.33,6.262,0.167,0.114,10.0,1.04,20.0,0.019,172.0,1.19,0.052,0.00032,0.006,7.4e-05,0.0144,2
chicken,"stewing, meat and skin, cooked, stewed",Poultry Products,285.0,26.88,18.87,0.0,0.0,0.0,0.25,0.0,0.0,5.798,0.235,0.094,13.0,1.37,20.0,0.021,180.0,1.77,0.039,0.00023,0.005,0.0001,0.0197,2
chicken,"stewing, meat only, raw",Poultry Products,148.0,21.26,6.32,0.0,0.0,0.0,0.44,3.3,0.24,7.477,0.207,0.149,10.0,1.09,24.0,0.019,209.0,1.4,0.032,0.00038,0.007,8.9e-05,0.0157,2
chicken,"stewing, meat only, cooked, stewed",Poultry Products,237.0,30.42,11.89,0.0,0.0,0.0,0.31,0.0,0.3,6.408,0.277,0.112,13.0,1.43,22.0,0.022,204.0,2.06,0.034,0.00026,0.006,0.000116,0.0252,2
chicken,"stewing, giblets, raw",Poultry Products,168.0,17.89,9.21,2.13,0.0,0.0,0.52,11.4,0.0,8.53,1.106,0.097,10.0,5.93,18.0,0.151,198.0,3.01,3.152,0.01083,0.35,0.000275,0.0561,2
chicken,"stewing, giblets, cooked, simmered",Poultry Products,194.0,25.73,9.3,0.11,0.0,0.0,0.41,5.5,0.0,4.971,1.047,0.09,13.0,6.44,20.0,0.177,223.0,4.28,2.864,0.00948,0.367,0.000299,0.0904,2
chicken,"stewing, light meat, meat only, raw",Poultry Products,137.0,23.1,4.21,0.0,0.0,0.0,0.57,1.8,0.23,9.915,0.123,0.132,11.0,0.92,26.0,0.018,231.0,0.6,0.021,0.0004,0.004,6.7e-05,0.0178,2
chicken,"stewing, light meat, meat only, cooked, stewed",Poultry Products,213.0,33.04,7.98,0.0,0.0,0.0,0.39,0.0,0.0,8.538,0.196,0.094,14.0,1.19,23.0,0.02,225.0,0.83,0.022,0.00027,0.004,8.5e-05,0.0287,2
chicken,"stewing, dark meat, meat only, raw",Poultry Products,157.0,19.7,8.12,0.0,0.0,0.0,0.34,4.6,0.24,5.405,0.279,0.163,10.0,1.22,23.0,0.021,190.0,2.08,0.041,0.00037,0.01,0.000107,0.0135,2
chicken,"stewing, dark meat, meat only, cooked, stewed",Poultry Products,258.0,28.14,15.28,0.0,0.0,0.0,0.24,0.0,0.0,4.556,0.347,0.128,12.0,1.64,22.0,0.023,187.0,3.12,0.044,0.00025,0.008,0.0001439999999999,0.0218,2
chicken,"capons, meat and skin and giblets and neck, raw",Poultry Products,232.0,18.51,16.9,0.08,0.0,0.0,0.36,2.6,0.0,7.074,0.183,0.065,11.0,1.41,21.0,0.028,181.0,1.32,0.272,0.00101,0.027,6.3e-05,0.0121999999999999,2
chicken,"capons, meat and skin and giblets and neck, cooked, roasted",Poultry Products,226.0,28.35,11.67,0.04,0.0,0.0,0.41,0.4,0.0,8.415,0.219,0.07,15.0,1.79,23.0,0.031,239.0,1.94,0.22,0.0003599999999999,0.026,8.1e-05,0.0193,2
chicken,"capons, meat and skin, raw",Poultry Products,234.0,18.77,17.07,0.0,0.0,0.0,0.36,1.7,0.32,7.273,0.127,0.064,11.0,1.09,21.0,0.02,183.0,1.17,0.037,0.00034,0.006,5e-05,0.0146,2
chicken,"capons, meat and skin, cooked, roasted",Poultry Products,229.0,28.96,11.65,0.0,0.0,0.0,0.43,0.0,0.0,8.947,0.17,0.07,14.0,1.49,24.0,0.021,246.0,1.74,0.0,0.00033,0.006,6.900000000000001e-05,0.0216,2
chicken,"capons, giblets, raw",Poultry Products,130.0,18.28,5.18,1.42,0.0,0.0,0.47,18.4,0.0,6.984,1.119,0.097,10.0,6.25,18.0,0.163,207.0,3.38,4.374,0.01295,0.394,0.000268,0.0552999999999999,2
chicken,"capons, giblets, cooked, simmered",Poultry Products,164.0,26.39,5.4,0.76,0.0,0.0,0.38,9.0,0.0,4.12,1.061,0.095,13.0,6.8,20.0,0.192,235.0,4.67,3.984,0.00114,0.414,0.000294,0.095,2
duck,"domesticated, meat and skin, raw",Poultry Products,404.0,11.49,39.34,0.0,0.0,0.0,0.19,2.8,0.7,3.934,0.21,0.197,11.0,2.4,15.0,0.017,139.0,1.36,0.05,0.00025,0.013,0.000236,0.0124,2
duck,"domesticated, meat and skin, cooked, roasted",Poultry Products,337.0,18.99,28.35,0.0,0.0,0.0,0.18,0.0,0.7,4.825,0.269,0.174,11.0,2.7,16.0,0.019,156.0,1.86,0.063,0.0003,0.006,0.000227,0.02,2
duck,"domesticated, meat only, raw",Poultry Products,135.0,18.28,5.95,0.94,0.0,0.0,0.34,5.8,0.7,5.3,0.45,0.36,11.0,2.4,19.0,0.019,203.0,1.9,0.024,0.0004,0.025,0.000253,0.0139,2
duck,"domesticated, meat only, cooked, roasted",Poultry Products,201.0,23.48,11.2,0.0,0.0,0.0,0.25,0.0,0.7,5.1,0.47,0.26,12.0,2.7,20.0,0.019,203.0,2.6,0.023,0.0004,0.01,0.000231,0.0224,2
duck,"domesticated, liver, raw",Poultry Products,136.0,18.74,4.64,3.53,0.0,0.0,0.76,4.5,0.0,6.5,0.892,0.562,11.0,30.53,24.0,0.258,269.0,3.07,11.984,0.054,0.738,0.0059619999999999,0.067,2
duck,"wild, meat and skin, raw",Poultry Products,211.0,17.42,15.2,0.0,0.0,0.0,0.53,5.2,0.0,3.317,0.269,0.351,5.0,4.16,20.0,0.019,168.0,0.77,0.026,0.00065,0.021,0.000312,0.0128,2
duck,"wild, breast, meat only, raw",Poultry Products,123.0,19.85,4.25,0.0,0.0,0.0,0.63,6.2,0.0,3.444,0.31,0.416,3.0,4.51,22.0,0.019,186.0,0.74,0.016,0.00076,0.025,0.00033,0.0139,2
goose,"domesticated, meat and skin, raw",Poultry Products,371.0,15.86,33.62,0.0,0.0,0.0,0.39,4.2,0.0,3.608,0.245,0.085,12.0,2.5,18.0,0.02,234.0,1.72,0.017,0.00034,0.004,0.00027,0.0144,2
goose,"domesticated, meat and skin, cooked, roasted",Poultry Products,305.0,25.16,21.92,0.0,0.0,0.0,0.37,0.0,1.74,4.168,0.323,0.077,13.0,2.83,22.0,0.023,270.0,2.62,0.021,0.00041,0.002,0.000264,0.0218,2
goose,"domesticated, meat only, raw",Poultry Products,161.0,22.75,7.13,0.0,0.0,0.0,0.64,7.2,0.0,4.278,0.377,0.129,13.0,2.57,24.0,0.024,312.0,2.34,0.012,0.00049,0.031,0.000306,0.0168,2
goose,"domesticated, meat only, cooked, roasted",Poultry Products,238.0,28.97,12.67,0.0,0.0,0.0,0.47,0.0,0.0,4.081,0.39,0.092,14.0,2.87,25.0,0.024,309.0,3.17,0.012,0.00049,0.012,0.000276,0.0255,2
goose,"liver, raw",Poultry Products,133.0,16.37,4.28,6.32,0.0,0.0,0.76,4.5,0.0,6.5,0.892,0.562,43.0,30.53,24.0,0.0,261.0,3.07,9.309,0.054,0.738,0.007522,0.0681,2
guinea hen,"meat and skin, raw",Poultry Products,158.0,23.4,6.45,0.0,0.0,0.0,0.38,1.3,0.0,7.667,0.102,0.059,11.0,0.84,22.0,0.018,153.0,1.13,0.028,0.00034,0.005,4.3e-05,0.0163,2
guinea hen,"meat only, raw",Poultry Products,110.0,20.64,2.47,0.0,0.0,0.0,0.47,1.7,0.0,8.782,0.112,0.067,11.0,0.77,24.0,0.018,169.0,1.2,0.012,0.00037,0.006,4.4e-05,0.0175,2
pheasant,"raw, meat and skin",Poultry Products,181.0,22.7,9.29,0.0,0.0,0.0,0.66,5.3,0.0,6.426,0.143,0.072,12.0,1.15,20.0,0.017,214.0,0.96,0.053,0.00077,0.006,6.500000000000001e-05,0.0157,2
pheasant,"raw, meat only",Poultry Products,133.0,23.57,3.64,0.0,0.0,0.0,0.74,6.0,0.0,6.759,0.153,0.077,13.0,1.15,20.0,0.016,230.0,0.97,0.05,0.0008399999999999,0.006,6.900000000000001e-05,0.0162,2
pheasant,"breast, meat only, raw",Poultry Products,133.0,24.37,3.25,0.0,0.0,0.0,0.74,6.0,0.0,8.554,0.119,0.081,3.0,0.79,21.0,0.015,200.0,0.63,0.044,0.0008399999999999,0.004,4.6e-05,0.0167,2
pheasant,"leg, meat only, raw",Poultry Products,134.0,22.2,4.3,0.0,0.0,0.0,0.74,6.0,0.0,3.7,0.21,0.07,29.0,1.78,20.0,0.02,280.0,1.53,0.059,0.0008399999999999,0.01,0.000108,0.0153,2
quail,"meat and skin, raw",Poultry Products,192.0,19.63,12.05,0.0,0.0,0.0,0.6,6.1,0.0,7.538,0.26,0.244,13.0,3.97,23.0,0.019,275.0,2.42,0.073,0.00043,0.008,0.000507,0.0166,2
quail,"meat only, raw",Poultry Products,134.0,21.76,4.53,0.0,0.0,0.0,0.53,7.2,0.0,8.2,0.285,0.283,13.0,4.51,25.0,0.019,307.0,2.7,0.017,0.00047,0.007,0.000594,0.0174,2
quail,"breast, meat only, raw",Poultry Products,123.0,22.59,2.99,0.0,0.0,0.0,0.53,5.1,0.0,8.2,0.243,0.24,10.0,2.31,28.0,0.018,228.0,2.7,0.011,0.00047,0.004,0.000433,0.0188,2
squab,"(pigeon), meat and skin, raw",Poultry Products,294.0,18.47,23.8,0.0,0.0,0.0,0.41,5.2,0.0,6.046,0.224,0.212,12.0,3.54,22.0,0.019,248.0,2.2,0.073,0.0004,0.006,0.000437,0.0133,2
squab,"(pigeon), meat only, raw",Poultry Products,142.0,17.5,7.5,0.0,0.0,0.0,0.53,7.2,0.0,6.86,0.285,0.283,13.0,4.51,25.0,0.019,307.0,2.7,0.028,0.00047,0.007,0.000594,0.0135,2
squab,"(pigeon), light meat without skin, raw",Poultry Products,134.0,21.76,4.52,0.0,0.0,0.0,0.53,5.1,0.0,7.322,0.243,0.24,10.0,2.31,28.0,0.018,228.0,2.7,0.017,0.00047,0.004,0.000433,0.0155,2
turkey,"whole, meat and skin, raw",Poultry Products,143.0,21.64,5.64,0.13,0.07,0.0,0.599,0.0,0.09,7.631,0.185,0.048,11.0,0.86,25.0,0.012,183.0,1.78,0.017,0.00122,0.007,7.7e-05,0.0213,2
turkey,"whole, meat and skin, cooked, roasted",Poultry Products,189.0,28.55,7.39,0.06,0.0,0.0,0.616,0.0,0.07,9.573,0.281,0.045,14.0,1.09,30.0,0.014,223.0,2.48,0.012,0.00102,0.009,9.3e-05,0.0298,2
turkey,"whole, meat only, raw",Poultry Products,112.0,22.64,1.93,0.14,0.07,0.0,0.652,0.0,0.09,8.1,0.192,0.05,11.0,0.86,27.0,0.012,190.0,1.84,0.009,0.00124,0.007,7.9e-05,0.0226,2
turkey,"whole, meat only, cooked, roasted",Poultry Products,159.0,29.06,3.84,0.0,0.0,0.0,0.643,0.0,0.06,9.5,0.28,0.047,13.0,1.03,29.0,0.014,222.0,2.51,0.004,0.00094,0.009,9.1e-05,0.0306999999999999,2
turkey,"skin from whole, (light and dark), raw",Poultry Products,407.0,12.96,38.93,0.06,0.1,0.0,0.166,0.0,0.09,3.905,0.11,0.021,13.0,0.85,11.0,0.012,120.0,1.1,0.085,0.00088,0.004,5.3e-05,0.0101,2
turkey,"skin from whole (light and dark), roasted",Poultry Products,459.0,23.94,39.31,0.57,0.0,0.0,0.375,0.0,0.15,10.235,0.29,0.029,21.0,1.63,33.0,0.017,233.0,2.14,0.079,0.00171,0.008,0.00011,0.0211,2
turkey,"whole, giblets, raw",Poultry Products,124.0,18.18,5.09,0.07,0.0,0.0,0.654,0.0,0.25,8.694,1.393,0.149,18.0,5.92,22.0,0.19,223.0,3.23,3.939,0.01306,0.331,0.0005769999999999,0.0493,2
turkey,"whole, giblets, cooked, simmered",Poultry Products,173.0,26.44,6.61,0.0,0.0,0.0,0.546,0.0,0.13,8.647,1.543,0.171,18.0,3.39,25.0,0.202,249.0,4.29,4.619,0.01589,0.303,0.0006919999999999,0.0711,2
turkey,"gizzard, all classes, raw",Poultry Products,111.0,18.8,3.37,0.0,0.0,0.0,0.198,6.2,0.22,6.233,0.327,0.061,16.0,2.78,19.0,0.085,164.0,3.03,0.046,0.00361,0.006,0.00022,0.0288,2
turkey,"gizzard, all classes, cooked, simmered",Poultry Products,155.0,26.45,4.64,0.0,0.0,0.0,0.175,6.3,0.11,6.45,0.357,0.057,17.0,3.68,21.0,0.098,187.0,3.92,0.011,0.00391,0.013,0.000274,0.0441,2
turkey,"heart, all classes, raw",Poultry Products,140.0,16.7,7.44,0.4,0.0,0.0,0.479,3.0,0.31,6.44,1.13,0.165,18.0,3.7,21.0,0.102,183.0,3.21,0.082,0.0133,0.0,0.000488,0.0354,2
turkey,"heart, all classes, cooked, simmered",Poultry Products,174.0,24.88,7.52,0.0,0.0,0.0,0.608,0.0,0.13,7.76,1.54,0.236,21.0,6.96,28.0,0.121,241.0,4.6,0.016,0.0139,0.008,0.000825,0.0567999999999999,2
turkey,"liver, all classes, raw",Poultry Products,128.0,18.26,5.5,0.0,0.0,0.0,1.04,24.5,0.24,11.233,2.247,0.206,20.0,8.94,24.0,0.296,279.0,3.37,8.058,0.01973,0.677,0.0008629999999999,0.0687,2
turkey,"liver, all classes, cooked, simmered",Poultry Products,189.0,27.0,8.18,0.0,0.0,0.0,0.882,22.6,0.15,11.09,2.687,0.256,19.0,1.79,26.0,0.331,312.0,4.53,10.751,0.02817,0.691,0.001046,0.1023,2
turkey from whole,"neck, meat only, raw",Poultry Products,125.0,16.51,6.04,0.0,0.0,0.0,0.364,0.0,0.12,4.924,0.211,0.051,24.0,1.01,15.0,0.056,160.0,3.39,0.013,0.00176,0.005,0.0001419999999999,0.0286,2
turkey from whole,"neck, meat only, cooked, simmered",Poultry Products,162.0,22.48,7.36,0.0,0.0,0.0,0.375,0.0,0.64,5.88,0.288,0.048,58.0,1.18,18.0,0.053,182.0,4.03,0.0,0.0014199999999999,0.007,0.000158,0.0362,2
turkey from whole,"light meat, meat and skin, raw",Poultry Products,161.0,21.96,7.43,0.13,0.06,0.0,0.711,0.0,0.07,8.968,0.139,0.038,11.0,0.75,25.0,0.011,188.0,1.25,0.019,0.00067,0.007,6.7e-05,0.0207,2
turkey from whole,"light meat, meat and skin, cooked, roasted",Poultry Products,177.0,29.55,5.57,0.05,0.0,0.0,0.767,0.0,0.07,11.608,0.213,0.035,11.0,0.8,32.0,0.012,230.0,1.76,0.01,0.0005,0.009,6.8e-05,0.0293,2
turkey,"dark meat, meat and skin, raw",Poultry Products,161.0,19.81,8.97,0.13,0.1,0.0,0.391,0.0,0.11,5.378,0.229,0.055,11.0,1.0,22.0,0.014,166.0,2.32,0.026,0.00184,0.006,8.5e-05,0.0202,2
turkey,"dark meat from whole, meat and skin, cooked, roasted",Poultry Products,206.0,27.27,9.95,0.07,0.0,0.0,0.43,0.0,0.08,7.103,0.365,0.057,17.0,1.45,27.0,0.017,215.0,3.35,0.014,0.00166,0.009,0.000125,0.0301999999999999,2
turkey from whole,"light meat, raw",Poultry Products,114.0,23.66,1.48,0.14,0.05,0.0,0.813,0.0,0.06,9.924,0.145,0.042,11.0,0.73,28.0,0.011,201.0,1.28,0.006,0.00063,0.007,7.000000000000001e-05,0.0226999999999999,2
turkey,"all classes, light meat, cooked, roasted",Poultry Products,147.0,30.13,2.08,0.0,0.0,0.0,0.807,0.0,0.06,11.75,0.205,0.035,9.0,0.71,32.0,0.011,230.0,1.72,0.003,0.00037,0.01,6.3e-05,0.0301999999999999,2
turkey from whole,"dark meat, meat only, raw",Poultry Products,108.0,21.28,2.5,0.1,0.1,0.0,0.44,0.0,0.12,5.696,0.255,0.062,11.0,1.04,25.0,0.014,176.0,2.59,0.013,0.0020499999999999,0.007,9.2e-05,0.0224,2
turkey,"from whole, dark meat, cooked, roasted",Poultry Products,173.0,27.71,6.04,0.0,0.0,0.0,0.438,0.0,0.07,6.685,0.375,0.06,17.0,1.43,27.0,0.016,212.0,3.51,0.005,0.00165,0.009,0.000127,0.0314,2
turkey,"all classes, back, meat and skin, cooked, roasted",Poultry Products,244.0,26.59,14.38,0.16,0.0,0.0,0.3,0.0,0.59,3.446,0.224,0.054,33.0,2.19,22.0,0.023,189.0,3.92,0.0,0.00034,0.008,0.0001419999999999,0.0378,2
turkey,"all classes, breast, meat and skin, raw",Poultry Products,157.0,21.89,7.02,0.0,0.0,0.0,0.48,0.0,0.0,5.2,0.115,0.058,13.0,1.2,24.0,0.018,186.0,1.57,0.002,0.0004199999999999,0.007,7.4e-05,0.0224,2
turkey,"all classes, breast, meat and skin, cooked, roasted",Poultry Products,189.0,28.71,7.41,0.0,0.0,0.0,0.48,0.0,0.0,6.365,0.131,0.057,21.0,1.4,27.0,0.02,210.0,2.03,0.0,0.0003599999999999,0.006,4.7e-05,0.0291,2
turkey,"all classes, leg, meat and skin, raw",Poultry Products,144.0,19.54,6.72,0.0,0.0,0.0,0.34,0.0,0.0,2.947,0.211,0.077,17.0,1.72,21.0,0.022,177.0,3.09,0.001,0.00039,0.01,0.0001419999999999,0.0264,2
turkey,"all classes, leg, meat and skin, cooked, roasted",Poultry Products,208.0,27.87,9.82,0.0,0.0,0.0,0.33,0.0,0.62,3.561,0.241,0.06,32.0,2.3,23.0,0.023,199.0,4.27,0.0,0.0003599999999999,0.009,0.000154,0.0378,2
turkey,"all classes, wing, meat and skin, raw",Poultry Products,197.0,20.22,12.32,0.0,0.0,0.0,0.41,0.0,0.0,4.425,0.11,0.05,14.0,1.26,21.0,0.017,165.0,1.54,0.003,0.00039,0.007,7.7e-05,0.0224,2
turkey,"all classes, wing, meat and skin, cooked, roasted",Poultry Products,229.0,27.38,12.43,0.0,0.0,0.0,0.42,0.0,0.17,5.732,0.134,0.05,24.0,1.46,25.0,0.02,197.0,2.1,0.0,0.00034,0.006,5.6e-05,0.0299,2
turkey,"fryer-roasters, meat and skin, cooked, roasted",Poultry Products,172.0,28.26,5.72,0.0,0.0,0.0,0.42,0.0,0.35,4.922,0.183,0.043,22.0,1.95,25.0,0.024,198.0,2.89,0.0,0.00037,0.007,0.000146,0.0338,2
turkey,"back, from whole bird, non-enhanced, meat only, raw",Poultry Products,113.0,21.28,2.5,0.15,0.1,0.0,0.44,0.0,0.12,5.696,0.255,0.062,11.0,1.04,25.0,0.014,176.0,2.59,0.013,0.0020499999999999,0.0,9.2e-05,0.0224,2
turkey,"back, from whole bird, non-enhanced, meat only, roasted",Poultry Products,173.0,27.71,6.04,0.0,0.0,0.0,0.438,0.0,0.07,6.685,0.375,0.06,17.0,1.43,27.0,0.016,212.0,3.51,0.005,0.00165,0.009,0.000127,0.0314,2
turkey,"breast, from whole bird, non-enhanced, meat only, raw",Poultry Products,114.0,23.66,1.48,0.14,0.05,0.0,0.813,0.0,0.06,9.924,0.145,0.042,11.0,0.73,28.0,0.011,201.0,1.28,0.006,0.00063,0.007,7.000000000000001e-05,0.0226999999999999,2
turkey,"breast, from whole bird, non-enhanced, meat only, roasted",Poultry Products,147.0,30.13,2.08,0.0,0.0,0.0,0.807,0.0,0.06,11.75,0.205,0.035,9.0,0.71,32.0,0.011,230.0,1.72,0.003,0.00039,0.009,6.3e-05,0.0301999999999999,2
turkey,"wing, from whole bird, non-enhanced, meat only, raw",Poultry Products,114.0,23.66,1.48,0.14,0.05,0.0,0.813,0.0,0.06,9.924,0.145,0.042,11.0,0.73,28.0,0.011,201.0,1.28,0.006,0.00063,0.007,7.000000000000001e-05,0.0226999999999999,2
turkey,"wing, from whole bird, non-enhanced, meat only, roasted",Poultry Products,147.0,30.13,2.08,0.0,0.0,0.0,0.807,0.0,0.06,11.75,0.205,0.035,9.0,0.71,32.0,0.011,230.0,1.72,0.003,0.00081,0.01,6.3e-05,0.0301999999999999,2
turkey,"young hen, skin only, cooked, roasted",Poultry Products,482.0,19.03,44.45,0.0,0.0,0.0,0.07,0.0,0.0,2.801,0.133,0.021,32.0,1.82,15.0,0.022,133.0,2.06,0.0,0.0002399999999999,0.004,7.8e-05,0.1441,4
chicken,"canned, meat only, with broth",Poultry Products,165.0,21.77,7.95,0.0,0.0,0.0,0.35,2.0,0.26,6.329,0.129,0.015,14.0,1.58,12.0,0.015,111.0,1.41,0.034,0.00029,0.004,4.6e-05,0.0158,2
pate de foie gras,"canned (goose liver pate), smoked",Poultry Products,462.0,11.4,43.84,4.67,0.0,0.0,0.06,2.0,0.0,2.51,0.299,0.088,70.0,5.5,13.0,0.12,200.0,0.92,1.001,0.0094,0.06,0.0004,0.044,4
turkey,"canned, meat only, with broth",Poultry Products,169.0,23.68,6.86,1.47,0.0,0.0,0.33,2.0,0.27,6.622,0.171,0.014,12.0,1.86,20.0,0.017,162.0,2.37,0.0,0.00028,0.006,7.4e-05,0.0259,2
turkey,"diced, light and dark meat, seasoned",Poultry Products,138.0,18.7,6.0,1.0,0.0,0.0,0.28,0.0,0.0,4.8,0.11,0.04,1.0,1.8,17.0,0.013,240.0,2.02,0.0,0.0002399999999999,0.005,6.3e-05,0.0261,2
turkey and gravy,frozen,Poultry Products,67.0,5.88,2.63,4.61,0.0,0.0,0.1,0.0,0.0,1.799,0.127,0.024,14.0,0.93,8.0,0.005,81.0,0.7,0.013,0.0002399999999999,0.004,2.2e-05,0.0192,0
turkey patties,"breaded, battered, fried",Poultry Products,283.0,14.0,18.0,15.7,0.32,0.5,0.197,0.0,0.93,2.3,0.19,0.1,14.0,2.2,15.0,0.077,270.0,1.44,0.01,0.00023,0.061,9.3e-05,0.0221,2
turkey breast,"pre-basted, meat and skin, cooked, roasted",Poultry Products,126.0,22.16,3.46,0.0,0.0,0.0,0.32,0.0,0.0,9.067,0.133,0.053,9.0,0.66,21.0,0.015,214.0,1.53,0.0,0.00032,0.005,4.1e-05,0.0257,2
turkey thigh,"pre-basted, meat and skin, cooked, roasted",Poultry Products,157.0,18.8,8.54,0.0,0.0,0.0,0.23,0.0,0.0,2.409,0.255,0.083,8.0,1.51,17.0,0.015,171.0,4.12,0.0,0.0002399999999999,0.006,0.000139,0.0278999999999999,2
turkey roast,"boneless, frozen, seasoned, light and dark meat, raw",Poultry Products,120.0,17.6,2.2,6.4,0.0,0.0,0.38,0.0,0.0,4.4,0.12,0.04,1.0,2.1,20.0,0.017,158.0,1.91,0.0,0.00035,0.007,8.8e-05,0.0265,2
turkey roast,"boneless, frozen, seasoned, light and dark meat, roasted",Poultry Products,155.0,21.32,5.78,3.07,0.0,0.0,0.27,0.0,0.38,6.271,0.163,0.047,5.0,1.63,22.0,0.015,244.0,2.54,0.0,0.00152,0.005,6e-05,0.0365,2
turkey sticks,"breaded, battered, fried",Poultry Products,279.0,14.2,16.9,17.0,0.0,0.0,0.2,0.0,0.0,2.1,0.18,0.1,14.0,2.2,15.0,0.083,234.0,1.46,0.012,0.00023,0.043,7.3e-05,0.0207,2
poultry,"mechanically deboned, from backs and necks with skin, raw",Poultry Products,272.0,11.39,24.73,0.0,0.0,0.0,0.19,1.5,0.0,4.63,0.129,0.05,138.0,1.57,12.0,0.019,132.0,1.29,0.074,0.00025,0.006,6.500000000000001e-05,0.0107,2
poultry,"mechanically deboned, from backs and necks without skin, raw",Poultry Products,199.0,13.79,15.48,0.0,0.0,0.0,0.32,3.0,0.0,6.246,0.175,0.071,123.0,1.73,13.0,0.02,154.0,1.82,0.032,0.00035,0.009,6.900000000000001e-05,0.0144,2
poultry,"mechanically deboned, from mature hens, raw",Poultry Products,243.0,14.72,19.98,0.0,0.0,0.0,0.28,2.0,0.0,5.254,0.14,0.096,187.0,1.22,12.0,0.019,132.0,1.9,0.045,0.00027,0.005,6.500000000000001e-05,0.0157,2
turkey,"mechanically deboned, from turkey frames, raw",Poultry Products,201.0,13.29,15.96,0.0,0.0,0.0,0.21,0.0,0.0,1.969,0.134,0.048,145.0,1.61,13.0,0.015,115.0,2.9,0.0,0.00026,0.007,9.3e-05,0.0265,2
ground turkey,raw,Poultry Products,148.0,19.66,7.66,0.0,0.0,0.0,0.564,0.0,0.09,6.733,0.156,0.066,19.0,1.09,23.0,0.008,200.0,2.35,0.02,0.001,0.007,9.6e-05,0.0219,2
ground turkey,cooked,Poultry Products,203.0,27.37,10.4,0.0,0.0,0.0,0.633,0.0,0.11,8.724,0.211,0.077,28.0,1.52,30.0,0.011,254.0,3.11,0.024,0.00134,0.007,0.0001509999999999,0.0311,2
chicken,"cornish game hens, meat and skin, raw",Poultry Products,200.0,17.15,14.02,0.0,0.0,0.0,0.295,0.5,0.28,5.675,0.17,0.073,11.0,0.78,18.0,0.016,140.0,1.15,0.032,0.00033,0.003,4.9000000000000005e-05,0.0118,2
chicken,"cornish game hens, meat and skin, cooked, roasted",Poultry Products,259.0,22.27,18.21,0.0,0.0,0.0,0.307,0.5,0.36,5.897,0.199,0.067,13.0,0.91,18.0,0.015,146.0,1.49,0.032,0.00028,0.002,6.1e-05,0.0155,2
chicken,"cornish game hens, meat only, raw",Poultry Products,116.0,20.04,3.33,0.0,0.0,0.0,0.385,0.6,0.21,6.744,0.216,0.092,12.0,0.74,21.0,0.017,160.0,1.31,0.022,0.0004,0.003,5.3e-05,0.0158,2
chicken,"cornish game hens, meat only, cooked, roasted",Poultry Products,134.0,23.3,3.87,0.0,0.0,0.0,0.358,0.6,0.24,6.273,0.227,0.075,13.0,0.77,19.0,0.015,149.0,1.53,0.02,0.0003,0.002,5.9e-05,0.0208,2
chicken,"canned, no broth",Poultry Products,185.0,25.3,8.1,0.9,0.0,0.0,0.19,0.0,0.32,2.4,0.1,0.0,14.0,1.3,19.0,0.0,153.0,2.5,0.053,0.001,0.002,5e-05,0.0184,2
chicken,"wing, frozen, glazed, barbecue flavored",Poultry Products,211.0,19.67,12.67,3.34,2.04,0.6,0.142,0.0,0.36,5.5,0.242,0.074,28.0,2.41,20.0,0.0,205.0,1.14,0.017,0.0004,0.01,3.9e-05,0.0332,2
chicken,"wing, frozen, glazed, barbecue flavored, heated (microwave)",Poultry Products,248.0,25.34,13.9,3.84,2.1,0.9,0.21,0.5,0.38,7.1,0.296,0.081,38.0,2.74,27.0,0.0,272.0,1.55,0.02,0.0004799999999999,0.012,4.9000000000000005e-05,0.0417,2
chicken,"broilers or fryers, breast, skinless, boneless, meat only, enhanced, raw",Poultry Products,108.0,20.32,3.0,0.0,0.0,0.0,0.761,0.0,0.19,7.583,0.127,0.068,5.0,0.34,25.0,0.011,198.0,0.63,0.011,0.00019,0.008,2.9e-05,0.0264,2
duck,"young duckling, domesticated, White Pekin, breast, meat and skin, boneless, cooked, roasted",Poultry Products,202.0,24.5,10.85,0.0,0.0,0.0,0.0,2.8,0.0,7.855,0.0,0.0,8.0,3.26,0.0,0.0,0.0,0.0,0.0,0.0,0.0,0.0,0.0264,2
duck,"young duckling, domesticated, White Pekin, breast, meat only, boneless, cooked without skin, broiled",Poultry Products,140.0,27.6,2.5,0.0,0.0,0.0,0.0,3.2,0.0,10.35,0.0,0.0,9.0,4.49,0.0,0.0,0.0,0.0,0.0,0.0,0.0,0.0,0.029,2
duck,"young duckling, domesticated, White Pekin, leg, meat and skin, bone in, cooked, roasted",Poultry Products,217.0,26.75,11.4,0.0,0.0,0.0,0.0,1.5,0.0,5.77,0.0,0.0,10.0,2.08,0.0,0.0,0.0,0.0,0.0,0.0,0.0,0.0,0.0218,2
duck,"young duckling, domesticated, White Pekin, leg, meat only, bone in, cooked without skin, braised",Poultry Products,178.0,29.1,5.96,0.0,0.0,0.0,0.0,2.3,0.0,5.33,0.0,0.0,10.0,2.33,0.0,0.0,0.0,0.0,0.0,0.0,0.0,0.0,0.0216,2
chicken,"broiler, rotisserie, BBQ, drumstick, meat only",Poultry Products,172.0,27.71,6.76,0.0,0.0,0.0,0.184,0.0,0.54,5.745,0.229,0.065,20.0,1.05,23.0,0.0,248.0,2.86,0.01,0.00047,0.009,8.9e-05,0.0273999999999999,2
chicken,"wing, frozen, glazed, barbecue flavored, heated (conventional oven)",Poultry Products,242.0,22.24,14.87,3.36,1.94,0.5,0.183,0.0,0.44,6.03,0.26,0.117,28.0,1.97,21.0,0.0,233.0,1.3,0.021,0.00055,0.01,0.0,0.0342,2
chicken patty,"frozen, uncooked",Poultry Products,292.0,14.33,20.04,13.61,0.0,1.2,0.155,0.0,1.18,6.63,0.054,0.073,20.0,0.93,25.0,0.254,196.0,0.94,0.011,0.00023,0.005,0.000207,0.0214,2
chicken patty,"frozen, cooked",Poultry Products,287.0,14.85,19.58,12.84,0.0,0.3,0.183,0.0,1.28,4.764,0.072,0.083,19.0,0.95,24.0,0.26,208.0,1.05,0.0,0.00029,0.007,8.999999999999999e-05,0.0233,2
chicken breast tenders,"breaded, cooked, microwaved",Poultry Products,252.0,16.35,12.89,17.56,0.0,0.0,0.037,0.0,0.37,6.514,0.098,0.324,14.0,1.0,26.0,0.235,216.0,0.77,0.0,0.00044,0.012,0.000316,0.0306,2
chicken,"ground, raw",Poultry Products,143.0,17.44,8.1,0.04,0.0,0.0,0.512,0.0,0.27,5.575,0.241,0.109,6.0,0.82,21.0,0.016,178.0,1.47,0.0,0.00056,0.001,6.500000000000001e-05,0.0101999999999999,2
chicken,"ground, crumbles, cooked, pan-browned",Poultry Products,189.0,23.28,10.92,0.0,0.0,0.0,0.538,0.0,0.39,7.107,0.302,0.121,8.0,0.93,28.0,0.016,234.0,1.92,0.0,0.00051,0.002,6.2e-05,0.0143,2
chicken,"broiler, rotisserie, BBQ, thigh, meat only",Poultry Products,193.0,24.09,10.74,0.0,0.0,0.0,0.176,0.0,0.48,5.441,0.234,0.055,13.0,0.97,21.0,0.0,216.0,2.0,0.013,0.00045,0.008,8.400000000000001e-05,0.0231,2
chicken,"feet, boiled",Poultry Products,215.0,19.4,14.6,0.2,0.0,0.0,0.01,0.0,0.27,0.4,0.2,0.06,88.0,0.91,5.0,0.0,83.0,0.69,0.03,0.00047,0.086,0.000102,0.0036,2
usda commodity chicken,"canned, meat only, drained",Poultry Products,162.0,27.52,5.72,0.0,0.0,0.0,0.266,0.0,0.27,6.505,0.171,0.051,12.0,1.16,22.0,0.019,156.0,1.94,0.012,0.00023,0.006,6.1e-05,0.0245,2
usda commodity,"Chicken, canned, meat only, with water",Poultry Products,129.0,22.02,4.58,0.0,0.0,0.0,0.213,0.0,0.21,5.204,0.137,0.041,10.0,0.93,18.0,0.015,125.0,1.55,0.01,0.0001799999999999,0.005,5.1e-05,0.0196,2
usda commodity,"Chicken, canned, meat only, with broth",Poultry Products,133.0,22.41,4.69,0.23,0.03,0.0,0.215,0.0,0.21,5.471,0.143,0.041,10.0,0.97,18.0,0.015,131.0,1.57,0.01,0.0002,0.005,5.9e-05,0.0196,2
chicken,"broiler, rotisserie, BBQ, wing, meat only",Poultry Products,184.0,28.34,7.79,0.54,0.53,0.0,0.184,0.0,0.37,7.676,0.138,0.092,32.0,0.97,24.0,0.0,264.0,2.05,0.011,0.00039,0.007,6.6e-05,0.0511,2
chicken,"broilers or fryers, back, meat only, cooked, rotisserie, original seasoning",Poultry Products,205.0,25.34,11.54,0.0,0.0,0.0,0.14,0.0,0.25,6.0,0.21,0.08,38.0,0.97,21.0,0.024,250.0,2.04,0.017,0.0007099999999999,0.008,7.9e-05,0.0482999999999999,2
chicken,"broilers or fryers, breast, meat only, cooked, rotisserie, original seasoning",Poultry Products,137.0,28.0,2.79,0.0,0.0,0.0,0.24,0.0,0.33,9.233,0.207,0.045,13.0,0.45,25.0,0.009,235.0,0.86,0.005,0.00027,0.0,4.3e-05,0.0391,2
chicken,"broilers or fryers, drumstick, meat only, cooked, rotisserie, original seasoning",Poultry Products,176.0,28.74,6.81,0.0,0.0,0.0,0.19,0.0,0.3,5.958,0.237,0.067,21.0,1.09,24.0,0.023,257.0,2.96,0.01,0.00049,0.01,9.2e-05,0.0382,2
chicken,"broilers or fryers, skin only, cooked, rotisserie, original seasoning",Poultry Products,406.0,17.66,37.24,0.11,0.11,0.0,0.138,0.0,0.36,5.737,0.121,0.036,25.0,0.98,26.0,0.029,248.0,1.03,0.056,0.0005899999999999,0.011,4.5e-05,0.0185,2
chicken,"broilers or fryers, thigh, meat only, cooked, rotisserie, original seasoning",Poultry Products,196.0,24.06,11.09,0.0,0.0,0.0,0.176,0.0,0.25,5.433,0.233,0.055,13.0,0.97,21.0,0.018,217.0,2.01,0.013,0.00045,0.012,8.400000000000001e-05,0.027,2
chicken,"broilers or fryers, wing, meat only, cooked, rotisserie, original seasoning",Poultry Products,197.0,27.69,9.53,0.0,0.0,0.0,0.18,0.0,0.28,7.5,0.135,0.09,32.0,0.97,24.0,0.023,264.0,2.05,0.011,0.00038,0.007,6.6e-05,0.0511,2
chicken,"broilers or fryers, back, meat and skin, cooked, rotisserie, original seasoning",Poultry Products,260.0,23.23,18.59,0.03,0.03,0.0,0.139,0.0,0.28,5.928,0.185,0.068,35.0,0.97,23.0,0.026,249.0,1.77,0.028,0.00068,0.009,6.900000000000001e-05,0.0401,2
chicken,"broilers or fryers, breast, meat and skin, cooked, rotisserie, original seasoning",Poultry Products,184.0,27.48,8.18,0.02,0.02,0.0,0.299,0.0,0.2,9.397,0.133,0.078,15.0,0.55,26.0,0.017,255.0,0.92,0.012,0.00032,0.011,4.3e-05,0.0306,2
chicken,"broilers or fryers, drumstick, meat and skin, cooked, rotisserie, original seasoning",Poultry Products,215.0,26.86,11.98,0.02,0.02,0.0,0.181,0.0,0.31,5.921,0.218,0.062,21.0,1.07,25.0,0.024,255.0,2.63,0.018,0.00051,0.011,8.400000000000001e-05,0.0348,2
chicken,"broilers or fryers, thigh, meat and skin, cooked, rotisserie, original seasoning",Poultry Products,233.0,22.93,15.7,0.02,0.02,0.0,0.169,0.0,0.27,5.487,0.213,0.052,15.0,0.97,22.0,0.02,222.0,1.84,0.021,0.00047,0.012,7.7e-05,0.0255,2
chicken,"broilers or fryers, wing, meat and skin, cooked, rotisserie, original seasoning",Poultry Products,266.0,24.34,18.77,0.04,0.04,0.0,0.166,0.0,0.3,6.912,0.13,0.072,29.0,0.97,24.0,0.025,258.0,1.71,0.026,0.00045,0.008,5.9e-05,0.0402,2
usda commodity,"chicken fajita strips, frozen",Poultry Products,135.0,18.56,5.73,2.23,0.0,0.0,0.387,0.0,0.22,4.779,0.213,0.1,13.0,0.99,22.0,0.066,277.0,1.37,0.0,0.00054,0.004,3e-05,0.0167,2
usda commodity,"turkey taco meat, frozen, cooked",Poultry Products,148.0,16.8,7.58,3.03,0.0,0.0,0.3,0.0,0.25,2.982,0.334,0.078,69.0,1.8,27.0,0.165,180.0,2.52,0.0,0.00217,0.025,3e-05,0.0179,2
chicken,"broiler, rotisserie, BBQ, skin",Poultry Products,378.0,15.19,35.15,0.7,0.7,0.0,0.259,0.0,0.33,7.082,0.199,0.054,34.0,0.86,22.0,0.027,230.0,0.76,0.051,0.00055,0.009,4.3e-05,0.0166,2
chicken,"broiler, rotisserie, BBQ, back meat and skin",Poultry Products,251.0,20.29,18.86,0.4,0.4,0.0,0.153,0.0,0.26,5.621,0.185,0.065,33.0,0.83,19.0,0.006,217.0,1.51,0.024,0.0006,0.007,6.1e-05,0.0354,2
chicken,"broiler, rotisserie, BBQ, breast meat and skin",Poultry Products,175.0,26.37,7.67,0.09,0.09,0.0,0.307,0.0,0.33,9.303,0.139,0.078,16.0,0.51,25.0,0.004,244.0,0.86,0.011,0.0003,0.008,4.1e-05,0.0223,2
chicken,"broiler, rotisserie, BBQ, drumstick meat and skin",Poultry Products,206.0,25.65,11.46,0.12,0.12,0.0,0.196,0.0,0.51,5.966,0.224,0.063,22.0,1.02,23.0,0.004,245.0,2.52,0.017,0.00049,0.009,8.2e-05,0.0257,2
chicken,"broiler, rotisserie, BBQ, thigh meat and skin",Poultry Products,226.0,22.51,15.08,0.12,0.12,0.0,0.191,0.0,0.46,5.732,0.227,0.055,16.0,0.95,21.0,0.005,218.0,1.78,0.02,0.00047,0.008,7.7e-05,0.022,2
chicken,"broiler, rotisserie, BBQ, wing meat and skin",Poultry Products,257.0,23.42,18.04,0.6,0.6,0.0,0.212,0.0,0.12,7.454,0.161,0.078,33.0,0.93,23.0,0.01,251.0,1.57,0.026,0.00045,0.008,5.7e-05,0.0382,2
ruffed grouse,"breast meat, skinless, raw",Poultry Products,112.0,25.94,0.88,0.0,0.0,0.0,1.275,0.0,0.73,11.6,0.28,0.042,5.0,0.58,32.0,0.016,229.0,0.51,0.005,0.0029,0.0,5.8e-05,0.0,2
usda commodity,"turkey ham, dark meat, smoked, frozen",Poultry Products,118.0,16.3,4.0,3.1,1.2,0.0,0.06,0.0,0.0,4.12,0.27,0.23,7.0,1.0,16.0,0.0,289.0,2.1,0.016,0.0008,0.0,0.0,0.0382,2
emu,"ground, raw",Poultry Products,134.0,22.77,4.03,0.0,0.0,0.0,0.642,0.0,0.24,7.485,0.457,0.27,7.0,4.02,24.0,0.027,222.0,3.48,0.0,0.00675,0.013,0.000199,0.0305,2
emu,"ground, cooked, pan-broiled",Poultry Products,163.0,28.43,4.65,0.0,0.0,0.0,0.833,0.0,0.24,8.925,0.545,0.318,8.0,5.01,29.0,0.03,269.0,4.56,0.0,0.00852,0.009,0.0002379999999999,0.0435,2
emu,"fan fillet, raw",Poultry Products,103.0,22.5,0.8,0.0,0.0,0.0,0.634,0.0,0.22,7.397,0.451,0.267,3.0,4.5,42.0,0.029,236.0,3.5,0.0,0.00667,0.013,0.000211,0.0325,2
emu,"fan fillet, cooked, broiled",Poultry Products,154.0,31.27,2.3,0.0,0.0,0.0,0.916,0.0,0.23,9.814,0.599,0.35,6.0,4.56,30.0,0.026,272.0,3.19,0.0,0.00937,0.009,0.000232,0.0461,2
emu,"flat fillet, raw",Poultry Products,102.0,22.25,0.74,0.0,0.0,0.0,0.582,0.0,0.22,6.786,0.414,0.245,3.0,5.0,31.0,0.028,229.0,3.0,0.0,0.00612,0.012,0.000205,0.0315,2
emu,"full rump, raw",Poultry Products,112.0,22.83,1.64,0.0,0.0,0.0,0.643,0.0,0.23,7.504,0.458,0.36,4.0,4.96,40.0,0.029,236.0,3.59,0.004,0.00224,0.013,0.000211,0.0325,2
emu,"full rump, cooked, broiled",Poultry Products,168.0,33.67,2.68,0.0,0.0,0.0,0.987,0.0,0.26,10.569,0.645,0.43,7.0,6.89,34.0,0.036,323.0,4.32,0.003,0.0022,0.01,0.000285,0.0521,2
emu,"inside drum, raw",Poultry Products,108.0,22.22,1.49,0.0,0.0,0.0,0.626,0.0,0.22,7.304,0.446,0.42,4.0,5.23,26.0,0.028,229.0,4.33,0.005,0.00226,0.012,0.000205,0.0314,2
emu,"inside drums, cooked, broiled",Poultry Products,156.0,32.38,2.01,0.0,0.0,0.0,0.949,0.0,0.25,10.164,0.621,0.41,6.0,7.27,33.0,0.034,307.0,5.09,0.003,0.0024,0.01,0.000272,0.0496,2
emu,"outside drum, raw",Poultry Products,103.0,23.08,0.48,0.0,0.0,0.0,0.676,0.0,0.17,7.245,0.442,0.258,3.0,4.5,29.0,0.025,225.0,4.5,0.0,0.00692,0.007,0.000199,0.0363,2
emu,"oyster, raw",Poultry Products,141.0,22.81,4.86,0.0,0.0,0.0,0.643,0.0,0.24,7.499,0.458,0.271,4.0,5.5,30.0,0.027,217.0,6.0,0.0,0.0067599999999999,0.013,0.000194,0.0298,2
emu,"top loin, cooked, broiled",Poultry Products,152.0,29.07,3.13,0.0,0.0,0.0,0.852,0.0,0.23,9.124,0.557,0.325,9.0,5.07,30.0,0.031,274.0,3.42,0.0,0.00871,0.009,0.00028,0.0435,2
ostrich,"ground, raw",Poultry Products,165.0,20.22,8.7,0.0,0.0,0.0,0.475,0.0,0.24,4.377,0.267,0.182,7.0,2.91,20.0,0.017,199.0,3.51,0.0,0.00461,0.007,0.000128,0.033,2
ostrich,"ground, cooked, pan-broiled",Poultry Products,175.0,26.15,7.07,0.0,0.0,0.0,0.501,0.0,0.24,6.557,0.268,0.213,8.0,3.43,23.0,0.017,224.0,4.33,0.0,0.00574,0.014,0.000136,0.0335,2
ostrich,"fan, raw",Poultry Products,117.0,21.81,2.65,0.0,0.0,0.0,0.513,0.0,0.2,4.722,0.288,0.196,6.0,4.38,22.0,0.017,211.0,3.71,0.0,0.00497,0.008,0.000136,0.0349,2
ostrich,"inside leg, raw",Poultry Products,111.0,22.39,1.72,0.0,0.0,0.0,0.526,0.0,0.2,4.847,0.295,0.201,5.0,2.3,22.0,0.018,220.0,3.87,0.0,0.0050999999999999,0.008,0.0001409999999999,0.0364,2
ostrich,"inside leg, cooked",Poultry Products,141.0,29.01,1.94,0.0,0.0,0.0,0.555,0.0,0.22,7.274,0.298,0.237,6.0,3.12,25.0,0.018,244.0,4.71,0.0,0.00636,0.016,0.000148,0.0365,2
ostrich,"inside strip, raw",Poultry Products,127.0,23.69,2.87,0.0,0.0,0.0,0.557,0.0,0.21,5.129,0.312,0.213,5.0,4.2,23.0,0.019,226.0,3.98,0.0,0.0054,0.009,0.000145,0.0375,2
ostrich,"inside strip, cooked",Poultry Products,164.0,29.37,4.26,0.0,0.0,0.0,0.562,0.0,0.24,7.364,0.301,0.24,5.0,4.8,26.0,0.019,253.0,4.9,0.0,0.00644,0.016,0.000153,0.0378999999999999,2
ostrich,"outside leg, raw",Poultry Products,115.0,22.86,1.96,0.0,0.0,0.0,0.537,0.0,0.2,4.949,0.302,0.205,5.0,2.65,23.0,0.018,221.0,3.89,0.0,0.00521,0.008,0.0001419999999999,0.0366,2
ostrich,"outside strip, raw",Poultry Products,120.0,23.36,2.21,0.0,0.0,0.0,0.549,0.0,0.21,5.058,0.308,0.21,5.0,3.69,23.0,0.019,229.0,4.02,0.0,0.00533,0.008,0.000147,0.0378999999999999,2
ostrich,"outside strip, cooked",Poultry Products,156.0,28.55,3.83,0.0,0.0,0.0,0.546,0.0,0.24,7.158,0.293,0.233,5.0,4.3,26.0,0.019,254.0,4.91,0.0,0.00626,0.016,0.000154,0.038,2
ostrich,"oyster, raw",Poultry Products,125.0,21.55,3.67,0.0,0.0,0.0,0.507,0.0,0.2,4.665,0.284,0.194,6.0,3.86,21.0,0.017,204.0,3.59,0.0,0.00491,0.008,0.000131,0.0338,2
ostrich,"oyster, cooked",Poultry Products,159.0,28.81,3.97,0.0,0.0,0.0,0.551,0.0,0.23,7.224,0.296,0.235,6.0,4.9,29.0,0.023,281.0,4.94,0.0,0.00632,0.016,0.0001799999999999,0.0465,2
ostrich,"round, raw",Poultry Products,116.0,21.99,2.4,0.0,0.0,0.0,0.517,0.0,0.2,4.761,0.29,0.198,5.0,3.54,22.0,0.018,216.0,3.8,0.0,0.00501,0.008,0.000139,0.0358,2
ostrich,"tenderloin, raw",Poultry Products,123.0,22.07,3.19,0.0,0.0,0.0,0.519,0.0,0.21,4.778,0.291,0.198,6.0,4.88,22.0,0.018,220.0,3.87,0.0,0.00503,0.008,0.0001409999999999,0.0364,2
ostrich,"tip trimmed, raw",Poultry Products,114.0,21.85,2.3,0.0,0.0,0.0,0.514,0.0,0.2,4.73,0.288,0.196,5.0,2.86,22.0,0.018,213.0,3.74,0.0,0.00498,0.008,0.000137,0.0352,2
ostrich,"tip trimmed, cooked",Poultry Products,145.0,28.49,2.57,0.0,0.0,0.0,0.545,0.0,0.23,7.143,0.292,0.232,6.0,2.79,25.0,0.019,251.0,4.85,0.0,0.00625,0.015,0.000152,0.0375,2
ostrich,"top loin, raw",Poultry Products,119.0,21.67,2.95,0.0,0.0,0.0,0.509,0.0,0.2,4.691,0.286,0.195,6.0,3.13,22.0,0.018,214.0,3.76,0.0,0.00494,0.008,0.000137,0.0354,2
ostrich,"top loin, cooked",Poultry Products,155.0,28.12,3.87,0.0,0.0,0.0,0.538,0.0,0.23,7.051,0.289,0.229,6.0,3.31,25.0,0.018,245.0,4.72,0.0,0.00617,0.015,0.000148,0.0366,2
chicken,"liver, all classes, cooked, pan-fried",Poultry Products,172.0,25.78,6.43,1.11,0.0,0.0,0.84,2.7,0.77,13.925,2.313,0.292,10.0,12.88,27.0,0.375,442.0,4.01,4.296,0.02113,0.56,0.000535,0.0882,2
ground turkey,"fat free, raw",Poultry Products,112.0,23.57,1.95,0.0,0.0,0.0,0.857,0.0,0.07,9.708,0.105,0.062,3.0,0.77,29.0,0.006,227.0,1.76,0.007,0.00051,0.008,5.8e-05,0.0221,2
ground turkey,"fat free, pan-broiled crumbles",Poultry Products,151.0,31.69,2.71,0.0,0.0,0.0,1.08,0.0,0.1,12.55,0.135,0.082,6.0,1.02,35.0,0.006,290.0,2.2,0.009,0.0007,0.008,6.7e-05,0.0314,2
ground turkey,"fat free, patties, broiled",Poultry Products,138.0,28.99,2.48,0.0,0.0,0.0,0.908,0.0,0.09,10.707,0.145,0.067,6.0,0.78,35.0,0.006,264.0,2.19,0.008,0.00067,0.007,6.1e-05,0.028,2
ground turkey,"93% lean, 7% fat, raw",Poultry Products,150.0,18.73,8.34,0.0,0.0,0.0,0.35,0.0,0.11,5.417,0.185,0.067,21.0,1.17,21.0,0.008,193.0,2.53,0.022,0.0012,0.007,0.000107,0.019,2
ground turkey,"93% lean, 7% fat, pan-broiled crumbles",Poultry Products,213.0,27.1,11.6,0.0,0.0,0.0,0.497,0.0,0.18,8.095,0.262,0.088,31.0,1.56,29.0,0.01,259.0,3.77,0.03,0.0019,0.007,0.000166,0.0283999999999999,2
ground turkey,"93% lean, 7% fat, patties, broiled",Poultry Products,207.0,25.86,11.45,0.0,0.0,0.0,0.471,0.0,0.13,6.64,0.232,0.08,29.0,1.73,25.0,0.011,210.0,3.71,0.031,0.0018,0.007,0.000161,0.0275,2
ground turkey,"85% lean, 15% fat, raw",Poultry Products,180.0,16.9,12.54,0.0,0.0,0.0,0.485,0.0,0.08,5.075,0.177,0.067,33.0,1.32,19.0,0.009,179.0,2.75,0.03,0.0013,0.006,0.000123,0.0246,2
ground turkey,"85% lean, 15% fat, pan-broiled crumbles",Poultry Products,258.0,25.11,17.45,0.0,0.0,0.0,0.462,0.0,0.09,7.72,0.26,0.08,49.0,1.98,28.0,0.015,263.0,3.56,0.035,0.0016,0.007,0.000194,0.0361,2
ground turkey,"85% lean, 15% fat, patties, broiled",Poultry Products,249.0,25.88,16.2,0.0,0.0,0.0,0.383,0.0,0.07,6.632,0.232,0.067,48.0,2.04,25.0,0.016,235.0,3.25,0.029,0.0014,0.007,0.000256,0.0351,2
chicken,"broilers or fryers, dark meat, drumstick, meat only, cooked, braised",Poultry Products,149.0,23.93,5.95,0.0,0.0,0.0,0.372,0.0,0.17,5.046,0.18,0.088,12.0,0.94,22.0,0.018,184.0,2.54,0.007,0.00041,0.005,6.3e-05,0.0278999999999999,2
chicken,"broilers or fryers, dark meat, thigh, meat only, cooked, braised",Poultry Products,176.0,24.55,8.63,0.0,0.0,0.0,0.436,0.0,0.17,5.742,0.182,0.087,12.0,1.27,25.0,0.017,201.0,1.87,0.008,0.0004199999999999,0.005,4.9000000000000005e-05,0.0292,2
chicken,"skin (drumsticks and thighs), cooked, braised",Poultry Products,443.0,14.61,42.76,0.0,0.0,0.0,0.179,0.0,0.19,3.4,0.055,0.05,9.0,1.0,14.0,0.018,130.0,0.74,0.048,0.00045,0.003,4e-05,0.016,2
chicken,"skin (drumsticks and thighs), raw",Poultry Products,440.0,9.58,44.23,0.79,0.0,0.0,0.116,0.0,0.27,2.565,0.032,0.04,6.0,0.37,8.0,0.014,95.0,0.65,0.059,0.00065,0.002,3.8e-05,0.0101,4
chicken,"skin (drumsticks and thighs), cooked, roasted",Poultry Products,462.0,16.57,43.99,0.0,0.0,0.0,0.197,0.0,0.23,3.917,0.062,0.052,10.0,0.9,16.0,0.02,151.0,0.86,0.054,0.0005,0.003,4.5e-05,0.0174,4
chicken,"broilers or fryers, dark meat, drumstick, meat and skin, cooked, braised",Poultry Products,187.0,22.72,10.73,0.0,0.0,0.0,0.347,0.0,0.17,4.832,0.164,0.083,12.0,0.94,21.0,0.018,177.0,2.3,0.012,0.00041,0.004,6e-05,0.0264,2
chicken,"broilers or fryers, dark meat, thigh, meat and skin, cooked, braised",Poultry Products,229.0,22.57,15.43,0.0,0.0,0.0,0.385,0.0,0.17,5.276,0.157,0.08,11.0,1.21,23.0,0.018,187.0,1.64,0.016,0.00043,0.004,4.8e-05,0.0266,2
chicken,"dark meat, drumstick, meat only, enhanced, raw",Poultry Products,106.0,19.19,3.26,0.0,0.0,0.0,0.385,0.0,0.4,4.94,0.243,0.098,9.0,0.72,16.0,0.01,143.0,2.0,0.008,0.0004199999999999,0.003,6.1e-05,0.0224,2
chicken,"Dark meat, Drumstick, Meat only, Enhanced, Cooked, Roasted",Poultry Products,146.0,25.34,5.0,0.0,0.0,0.0,0.413,0.0,0.23,5.913,0.297,0.102,12.0,1.1,20.0,0.009,197.0,2.64,0.006,0.00041,0.004,8e-05,0.0308,2
chicken,"dark meat, drumstick, meat only, enhanced, cooked, braised",Poultry Products,149.0,22.99,6.33,0.0,0.0,0.0,0.31,0.0,0.17,5.07,0.16,0.08,14.0,0.78,21.0,0.014,170.0,2.34,0.007,0.00031,0.004,4.9000000000000005e-05,0.0298,2
chicken,"dark meat, thigh, meat only, enhanced, cooked, braised",Poultry Products,164.0,23.0,7.96,0.0,0.0,0.0,0.308,0.0,0.24,6.33,0.14,0.08,12.0,1.07,24.0,0.017,203.0,1.86,0.008,0.00034,0.004,5.2e-05,0.0272,2
chicken,"dark meat, thigh, meat only, enhanced, raw",Poultry Products,110.0,19.11,3.69,0.0,0.0,0.0,0.433,0.0,0.26,5.3,0.23,0.087,8.0,0.6,21.0,0.009,175.0,1.53,0.006,0.00056,0.003,5.3e-05,0.0209,2
chicken,"dark meat, thigh, meat only, enhanced, cooked, roasted",Poultry Products,164.0,24.23,7.73,0.0,0.0,0.0,0.444,0.0,0.36,6.343,0.272,0.091,10.0,0.98,24.0,0.011,202.0,1.9,0.008,0.00037,0.004,7.4e-05,0.0337,2
chicken,"skin (drumsticks and thighs), enhanced, cooked, braised",Poultry Products,403.0,12.26,38.94,1.0,0.0,0.0,0.144,0.0,0.18,3.3,0.04,0.05,14.0,0.65,12.0,0.016,112.0,0.63,0.044,0.00027,0.002,2.9e-05,0.0156,2
chicken,"skin (drumsticks and thighs), enhanced, raw",Poultry Products,386.0,11.11,37.9,0.01,0.0,0.0,0.113,0.0,0.44,2.655,0.06,0.035,7.0,0.51,7.0,0.006,88.0,0.62,0.056,0.00068,0.002,3e-05,0.0108,2
chicken,"skin (drumsticks and thighs), enhanced, cooked, roasted",Poultry Products,420.0,20.31,37.6,0.44,0.0,0.0,0.185,0.0,0.45,4.045,0.125,0.057,15.0,1.17,18.0,0.013,176.0,1.51,0.053,0.00056,0.003,6.8e-05,0.02,2
chicken,"dark meat, drumstick, meat and skin, enhanced, braised",Poultry Products,183.0,21.55,10.71,0.13,0.0,0.0,0.288,0.0,0.17,4.832,0.144,0.076,14.0,0.76,20.0,0.014,162.0,2.11,0.012,0.0003,0.004,4.6e-05,0.0278999999999999,2
chicken,"dark meat, drumstick, meat and skin, enhanced, raw,",Poultry Products,146.0,18.03,8.24,0.0,0.0,0.0,0.346,0.0,0.4,4.612,0.217,0.089,8.0,0.69,15.0,0.009,135.0,1.8,0.015,0.00045,0.003,5.7e-05,0.0208,2
chicken,"dark meat, drumstick, meat and skin, enhanced, cooked, roasted",Poultry Products,180.0,24.72,9.0,0.05,0.0,0.0,0.385,0.0,0.26,5.684,0.276,0.096,13.0,1.11,20.0,0.01,194.0,2.5,0.012,0.00043,0.004,7.9e-05,0.0295,2
chicken,"dark meat, thigh, meat and skin, enhanced, cooked, braised",Poultry Products,215.0,20.7,14.62,0.21,0.0,0.0,0.273,0.0,0.23,5.679,0.119,0.074,12.0,0.98,21.0,0.016,183.0,1.6,0.015,0.00032,0.004,4.7e-05,0.0247,2
chicken,"dark meat, thigh, meat and skin, enhanced, raw",Poultry Products,197.0,16.56,14.58,0.0,0.0,0.0,0.331,0.0,0.32,4.458,0.176,0.071,8.0,0.57,16.0,0.008,147.0,1.24,0.022,0.0006,0.003,4.6e-05,0.0177,2
chicken,"dark meat, thigh, meat and skin, enhanced, cooked, roasted",Poultry Products,214.0,23.47,13.81,0.09,0.0,0.0,0.394,0.0,0.38,5.898,0.243,0.084,11.0,1.02,23.0,0.011,197.0,1.82,0.017,0.00041,0.004,7.3e-05,0.0311,2
chicken,"broiler, rotisserie, BBQ, back meat only",Poultry Products,212.0,21.85,13.87,0.31,0.31,0.0,0.121,0.0,0.24,5.175,0.181,0.069,33.0,0.82,18.0,0.0,212.0,1.74,0.015,0.00061,0.007,6.7e-05,0.0411,2
turkey,"dark meat from whole, enhanced, meat only, raw",Poultry Products,114.0,19.27,4.12,0.1,0.1,0.0,0.425,0.0,0.12,5.745,0.247,0.06,15.0,0.9,21.0,0.01,191.0,2.68,0.013,0.0020499999999999,0.0,0.000106,0.0224,2
turkey,"enhanced, dark meat, meat only, cooked, roasted",Poultry Products,158.0,26.1,6.0,0.0,0.0,0.0,0.435,0.0,0.07,6.827,0.335,0.056,16.0,1.07,24.0,0.017,208.0,3.4,0.005,0.00165,0.008,0.000128,0.0314,2
turkey from whole,"enhanced, light meat, meat only, raw",Poultry Products,101.0,21.54,1.66,0.0,0.05,0.0,0.775,0.0,0.06,9.924,0.145,0.033,14.0,0.54,25.0,0.007,236.0,1.3,0.006,0.00063,0.0,5.2e-05,0.0226999999999999,2
turkey from whole,"enhanced, light meat, meat only, cooked, roasted",Poultry Products,127.0,26.97,2.08,0.0,0.0,0.0,0.697,0.0,0.06,11.75,0.208,0.038,13.0,0.55,30.0,0.011,255.0,1.49,0.003,0.0017,0.009,6.2e-05,0.0301999999999999,2
turkey,"enhanced, skin from whole (light and dark), raw",Poultry Products,381.0,12.29,36.8,0.21,0.1,0.0,0.16,0.0,0.09,3.26,0.095,0.016,13.0,0.57,9.0,0.008,99.0,0.82,0.085,0.00088,0.0,4.6e-05,0.0101,2
turkey,"enhanced, skin from whole, (light and dark), roasted",Poultry Products,451.0,22.15,40.31,0.0,0.0,0.0,0.29,0.0,0.15,7.295,0.235,0.024,25.0,1.08,28.0,0.025,244.0,1.61,0.079,0.00159,0.007,6.8e-05,0.0211,2
turkey,"enhanced, dark meat from whole, meat and skin, raw",Poultry Products,169.0,17.84,10.83,0.15,0.1,0.0,0.37,0.0,0.11,5.235,0.216,0.051,14.0,0.83,18.0,0.01,172.0,2.3,0.028,0.00181,0.0,9.4e-05,0.0198999999999999,2
turkey,"enhanced, dark meat from whole, meat and skin, cooked, roasted",Poultry Products,199.0,25.55,10.81,0.0,0.0,0.0,0.415,0.0,0.08,6.893,0.321,0.052,17.0,1.08,25.0,0.018,213.0,3.15,0.016,0.00164,0.008,0.0001189999999999,0.03,2
turkey from whole,"enhanced, light meat, meat and skin, raw",Poultry Products,147.0,20.02,7.42,0.14,0.06,0.0,0.675,0.0,0.07,8.832,0.137,0.03,14.0,0.54,22.0,0.007,214.0,1.22,0.019,0.00067,0.0,5.1e-05,0.0206,2
turkey from whole,"enhanced, light meat, meat and skin, cooked, roasted",Poultry Products,157.0,26.52,5.64,0.0,0.0,0.0,0.659,0.0,0.07,11.336,0.211,0.036,14.0,0.6,30.0,0.013,254.0,1.5,0.01,0.0016899999999999,0.008,6.2e-05,0.0293,2
turkey,"whole, enhanced, meat only, raw",Poultry Products,105.0,20.87,2.39,0.14,0.06,0.0,0.672,0.0,0.08,8.69,0.175,0.041,14.0,0.64,24.0,0.008,223.0,1.7,0.008,0.00105,0.0,6.8e-05,0.0226,2
turkey,"whole, enhanced, meat only, roasted",Poultry Products,140.0,26.61,3.7,0.0,0.0,0.0,0.589,0.0,0.06,9.721,0.261,0.045,14.0,0.77,27.0,0.014,235.0,2.28,0.004,0.0016799999999999,0.008,8.9e-05,0.0306999999999999,2
turkey,"whole, enhanced, meat and skin, raw",Poultry Products,158.0,19.03,9.1,0.15,0.08,0.0,0.54,0.0,0.09,7.246,0.17,0.039,14.0,0.67,21.0,0.008,195.0,1.68,0.023,0.00116,0.0,6.900000000000001e-05,0.0202,2
turkey,"whole, enhanced, meat and skin, roasted",Poultry Products,176.0,26.09,8.01,0.0,0.0,0.0,0.554,0.0,0.07,9.436,0.257,0.043,15.0,0.81,27.0,0.015,236.0,2.2,0.013,0.0016699999999999,0.008,8.7e-05,0.0296,2
turkey,"retail parts, enhanced, breast, meat only, raw",Poultry Products,111.0,21.99,2.53,0.0,0.0,0.0,0.84,0.0,0.1,10.0,0.155,0.049,8.0,0.41,25.0,0.005,181.0,1.1,0.005,0.00033,0.007,4.3e-05,0.0223,2
turkey,"retail parts, enhanced, breast, meat only, cooked, roasted",Poultry Products,130.0,27.94,2.08,0.0,0.0,0.0,0.734,0.0,0.08,11.5,0.195,0.045,15.0,0.59,27.0,0.006,219.0,1.33,0.003,0.0003,0.009,5.7e-05,0.0289,2
turkey,"retail parts, breast, meat only, raw",Poultry Products,114.0,23.34,2.33,0.0,0.0,0.0,0.814,0.0,0.09,10.295,0.165,0.052,9.0,0.76,27.0,0.006,185.0,1.16,0.005,0.00135,0.0,5.4e-05,0.0221,2
turkey,"retail parts, breast, meat only, cooked, roasted",Poultry Products,136.0,29.51,1.97,0.0,0.0,0.0,0.83,0.0,0.06,11.75,0.19,0.043,14.0,0.97,28.0,0.005,253.0,1.52,0.003,0.00176,0.009,6e-05,0.0306999999999999,2
turkey,"retail parts, wing, meat only, raw",Poultry Products,112.0,22.48,2.49,0.0,0.0,0.0,0.705,0.0,0.11,6.377,0.127,0.038,6.0,0.6,19.0,0.005,147.0,2.61,0.005,0.00092,0.0,4.7e-05,0.0216,2
turkey,"retail parts, wing, meat only, cooked, roasted",Poultry Products,170.0,30.17,5.51,0.0,0.0,0.0,0.654,0.0,0.17,8.47,0.18,0.039,12.0,0.82,21.0,0.004,180.0,3.24,0.008,0.00125,0.01,5.9e-05,0.0306,2
turkey,"skin, from retail parts, from dark meat, raw",Poultry Products,380.0,14.35,35.83,0.0,0.0,0.0,0.114,0.0,0.08,2.745,0.08,0.026,4.0,0.76,7.0,0.003,80.0,0.88,0.079,0.00195,0.0,4.1e-05,0.0112,2
turkey,"skin, from retail parts, from dark meat, cooked, roasted",Poultry Products,414.0,24.58,35.03,0.0,0.0,0.0,0.287,0.0,0.13,5.4,0.235,0.046,6.0,1.65,24.0,0.009,230.0,1.65,0.059,0.00185,0.0,5.7e-05,0.0202,2
turkey,"retail parts, drumstick, meat only, raw",Poultry Products,118.0,20.52,3.97,0.0,0.0,0.0,0.361,0.0,0.19,5.003,0.3,0.051,10.0,1.18,22.0,0.006,158.0,3.12,0.02,0.0019,0.0,8.2e-05,0.0212,2
turkey,"retail parts, thigh, meat only, raw",Poultry Products,116.0,20.6,3.69,0.0,0.0,0.0,0.482,0.0,0.18,6.183,0.307,0.059,4.0,1.42,22.0,0.006,177.0,2.95,0.019,0.00217,0.0,8.3e-05,0.0215,2
turkey,"breast, from whole bird, enhanced, meat only, roasted",Poultry Products,127.0,26.97,2.08,0.0,0.0,0.0,0.697,0.0,0.06,11.75,0.208,0.038,13.0,0.55,30.0,0.011,255.0,1.49,0.003,0.00079,0.007,6.2e-05,0.0301999999999999,2
turkey,"back, from whole bird, enhanced, meat only, raw",Poultry Products,114.0,19.27,4.12,0.15,0.1,0.0,0.425,0.0,0.12,5.745,0.247,0.06,15.0,0.9,21.0,0.01,191.0,2.68,0.013,0.0020499999999999,0.0,0.000106,0.0224,2
turkey,"back, from whole bird, enhanced, meat only, roasted",Poultry Products,127.0,26.97,2.08,0.0,0.0,0.0,0.697,0.0,0.06,11.75,0.208,0.038,13.0,0.55,30.0,0.011,255.0,1.49,0.003,0.0017,0.006,6.2e-05,0.0301999999999999,2
turkey,"breast, from whole bird, enhanced, meat only, raw",Poultry Products,101.0,21.54,1.66,0.14,0.05,0.0,0.775,0.0,0.06,9.924,0.145,0.033,14.0,0.54,25.0,0.007,236.0,1.3,0.006,0.00063,0.0,5.2e-05,0.0226999999999999,2
turkey,"retail parts, thigh, meat only, cooked, roasted",Poultry Products,159.0,25.14,6.25,0.46,0.0,0.0,0.484,0.0,0.07,6.903,0.323,0.05,4.0,1.59,23.0,0.006,200.0,3.26,0.006,0.00163,0.008,9.4e-05,0.0293,2
turkey,"retail parts, drumstick, meat only, cooked, roasted",Poultry Products,173.0,28.61,6.52,0.0,0.0,0.0,0.41,0.0,0.07,5.593,0.353,0.065,17.0,1.57,24.0,0.007,193.0,4.5,0.006,0.0025299999999999,0.009,0.000112,0.031,2
turkey,"drumstick, from whole bird, enhanced, meat only, raw",Poultry Products,114.0,19.27,4.12,0.15,0.1,0.0,0.425,0.0,0.12,5.745,0.247,0.06,15.0,0.9,21.0,0.01,191.0,2.68,0.013,0.0020499999999999,0.0,0.000106,0.0224,2
turkey,"drumstick, from whole bird, enhanced, meat only, roasted",Poultry Products,158.0,26.1,6.0,0.0,0.0,0.0,0.435,0.0,0.07,6.827,0.335,0.056,16.0,1.07,24.0,0.017,208.0,3.4,0.005,0.00165,0.008,0.000128,0.0314,2
turkey,"thigh, from whole bird, enhanced, meat only, raw",Poultry Products,114.0,19.27,4.12,0.15,0.1,0.0,0.425,0.0,0.12,5.745,0.247,0.06,15.0,0.9,21.0,0.01,191.0,2.68,0.013,0.0020499999999999,0.0,0.000106,0.0224,2
turkey,"retail parts, enhanced, breast, meat and skin, raw",Poultry Products,144.0,20.79,6.75,0.03,0.01,0.0,0.756,0.0,0.1,9.171,0.148,0.045,9.0,0.43,23.0,0.005,171.0,1.07,0.015,0.0004,0.007,4.3e-05,0.0208,2
turkey,"thigh, from whole bird, enhanced, meat only, roasted",Poultry Products,158.0,26.1,6.0,0.0,0.0,0.0,0.435,0.0,0.07,6.827,0.335,0.056,16.0,1.07,24.0,0.017,208.0,3.4,0.005,0.00165,0.008,0.000128,0.0314,2
turkey,"wing, from whole bird, enhanced, meat only, raw",Poultry Products,101.0,21.54,1.66,0.14,0.05,0.0,0.775,0.0,0.06,9.924,0.145,0.033,14.0,0.54,25.0,0.007,236.0,1.3,0.006,0.00063,0.0,5.2e-05,0.0226999999999999,2
turkey,"wing, from whole bird, enhanced, meat only, roasted",Poultry Products,127.0,26.97,2.08,0.0,0.0,0.0,0.697,0.0,0.06,11.75,0.208,0.038,13.0,0.55,30.0,0.011,255.0,1.49,0.003,0.0017,0.009,6.2e-05,0.0301999999999999,2
turkey,"retail parts, breast, meat and skin, raw",Poultry Products,155.0,21.88,7.45,0.0,0.0,0.0,0.724,0.0,0.09,9.4,0.157,0.048,9.0,0.77,24.0,0.006,176.0,1.15,0.016,0.00128,0.007,5.4e-05,0.0203999999999999,2
turkey,"retail parts, breast, meat and skin, cooked, roasted",Poultry Products,164.0,29.01,5.33,0.05,0.0,0.0,0.789,0.0,0.07,11.614,0.199,0.042,15.0,1.03,29.0,0.006,251.0,1.57,0.01,0.00175,0.009,6.4e-05,0.0298,2
turkey,"retail parts, wing, meat and skin, raw",Poultry Products,202.0,19.53,13.79,0.05,0.03,0.0,0.538,0.0,0.1,5.61,0.121,0.033,8.0,0.68,17.0,0.007,139.0,2.14,0.03,0.00091,0.006,4.9000000000000005e-05,0.018,2
turkey,"retail parts, wing, meat and skin, cooked, roasted",Poultry Products,235.0,28.74,13.29,0.13,0.0,0.0,0.59,0.0,0.17,8.876,0.205,0.037,14.0,1.0,24.0,0.007,192.0,2.99,0.024,0.00136,0.009,7.000000000000001e-05,0.0283999999999999,2
turkey,"retail parts, drumstick, meat and skin, raw",Poultry Products,141.0,19.96,6.84,0.0,0.0,0.0,0.339,0.0,0.18,4.8,0.28,0.049,9.0,1.14,21.0,0.006,151.0,2.92,0.026,0.0019,0.006,7.9e-05,0.0203,2
turkey,"retail parts, drumstick, meat and skin, cooked, roasted",Poultry Products,197.0,28.21,9.37,0.0,0.0,0.0,0.398,0.0,0.08,5.574,0.341,0.063,16.0,1.58,24.0,0.007,196.0,4.22,0.011,0.00246,0.009,0.000107,0.0299,2
turkey,"drumstick, from whole bird, meat only, raw",Poultry Products,108.0,23.66,1.48,0.14,0.05,0.0,0.813,0.0,0.06,9.924,0.145,0.042,11.0,0.73,28.0,0.011,201.0,1.28,0.006,0.00063,0.0,7.000000000000001e-05,0.0226999999999999,2
turkey,"drumstick, from whole bird, meat only, roasted",Poultry Products,139.0,30.13,2.08,0.0,0.0,0.0,0.807,0.0,0.06,11.75,0.205,0.035,9.0,0.71,32.0,0.011,230.0,1.72,0.003,0.0019,0.01,6.3e-05,0.0301999999999999,2
turkey,"thigh, from whole bird, meat only, raw",Poultry Products,108.0,21.28,2.5,0.15,0.1,0.0,0.44,0.0,0.12,5.696,0.255,0.062,11.0,1.04,25.0,0.014,176.0,2.59,0.013,0.0020499999999999,0.0,9.2e-05,0.0224,2
turkey,"thigh, from whole bird, meat only, roasted",Poultry Products,165.0,27.71,6.04,0.0,0.0,0.0,0.438,0.0,0.07,6.685,0.375,0.06,17.0,1.43,27.0,0.016,212.0,3.51,0.005,0.00165,0.009,0.000127,0.0314,2
turkey,"retail parts, thigh, meat and skin, raw",Poultry Products,161.0,19.54,9.16,0.0,0.0,0.0,0.419,0.0,0.16,5.599,0.268,0.053,4.0,1.31,20.0,0.006,161.0,2.6,0.029,0.00213,0.0,7.6e-05,0.0198,2
turkey,"retail parts, thigh, meat and skin, cooked, roasted",Poultry Products,183.0,23.95,9.5,0.41,0.0,0.0,0.444,0.0,0.07,6.446,0.297,0.047,4.0,1.5,21.0,0.006,187.0,3.0,0.014,0.0016699999999999,0.008,8.9e-05,0.0273,2
turkey,"back, from whole bird, enhanced, meat and skin, raw",Poultry Products,206.0,16.86,15.41,0.15,0.1,0.0,0.333,0.0,0.11,4.887,0.194,0.045,14.0,0.78,17.0,0.009,159.0,2.04,0.038,0.00165,0.0,8.5e-05,0.0181,2
turkey,"back, from whole bird, enhanced, meat and skin, roasted",Poultry Products,205.0,25.8,11.36,0.0,0.0,0.0,0.598,0.0,0.09,10.669,0.215,0.034,15.0,0.68,29.0,0.015,252.0,1.52,0.022,0.0016799999999999,0.006,6.3e-05,0.028,2
chicken,"broiler or fryers, breast, skinless, boneless, meat only, cooked, braised",Poultry Products,157.0,32.06,3.24,0.0,0.0,0.0,0.921,0.0,0.33,9.45,0.187,0.098,6.0,0.49,32.0,0.012,241.0,0.96,0.01,0.0002,0.0,4.4e-05,0.0319,2
chicken,"broiler or fryers, breast, skinless, boneless, meat only, cooked, grilled",Poultry Products,151.0,30.54,3.17,0.0,0.0,0.0,1.157,0.0,0.54,12.133,0.213,0.107,5.0,0.45,34.0,0.012,258.0,0.9,0.0,0.0002099999999999,0.0,4.2e-05,0.0283999999999999,2
chicken,"broiler or fryers, breast, skinless, boneless, meat only, enhanced, cooked, braised",Poultry Products,145.0,28.24,3.61,0.0,0.0,0.0,0.962,0.0,0.42,9.173,0.167,0.075,5.0,0.43,28.0,0.011,217.0,0.8,0.009,0.00017,0.0,3.4e-05,0.0402,2
chicken,"broiler or fryers, breast, skinless, boneless, meat only, enhanced, cooked, grilled",Poultry Products,148.0,29.5,3.39,0.0,0.0,0.0,0.984,0.0,0.33,11.067,0.227,0.079,6.0,0.43,31.0,0.011,249.0,0.82,0.01,0.0002,0.0,3.4e-05,0.0424,2
soup,"cream of asparagus, canned, condensed","Soups, Sauces, and Gravies",69.0,1.82,3.26,8.52,0.72,0.4,0.01,2.2,0.49,0.62,0.062,0.043,23.0,0.64,3.0,0.3,31.0,0.7,0.026,4e-05,0.019,0.0001,0.0019,0
soup,"black bean, canned, condensed","Soups, Sauces, and Gravies",91.0,4.83,1.32,15.42,2.49,6.8,0.07,0.2,0.36,0.41,0.039,0.042,35.0,1.5,33.0,0.5,75.0,1.1,0.022,0.0,0.066,0.0003,0.0,0
campbell's red and white,"Beefy Mushroom Soup, condensed","Soups, Sauces, and Gravies",40.0,2.38,1.59,4.76,0.79,0.0,0.0,0.0,0.0,0.0,0.0,0.0,0.0,0.29,0.0,0.0,0.0,0.0,0.0,0.0,0.0,0.0,0.0,0
soup,"bean with pork, canned, condensed","Soups, Sauces, and Gravies",129.0,5.88,4.42,16.97,3.0,5.9,0.031,1.2,0.87,0.421,0.025,0.065,60.0,1.53,33.0,0.5,98.0,0.77,0.034,3e-05,0.024,0.0003,0.0064,0
soup,"bean with frankfurters, canned, condensed","Soups, Sauces, and Gravies",142.0,7.6,5.31,16.75,0.0,4.6,0.1,0.7,0.0,0.78,0.049,0.083,66.0,1.78,37.0,0.6,126.0,0.9,0.033,6e-05,0.024,0.0003,0.0069,0
soup,"bean with ham, canned, chunky, ready-to-serve","Soups, Sauces, and Gravies",95.0,5.19,3.5,11.16,0.0,4.6,0.05,1.8,0.0,0.7,0.06,0.06,32.0,1.33,19.0,0.29,59.0,0.44,0.081,3e-05,0.012,0.00016,0.0069,0
soup,"beef broth or bouillon canned, ready-to-serve","Soups, Sauces, and Gravies",7.0,1.14,0.22,0.04,0.0,0.0,0.01,0.0,0.0,0.78,0.021,0.002,6.0,0.17,2.0,0.01,13.0,0.0,0.0,7.000000000000001e-05,0.002,0.0,0.0007,0
soup,"beef noodle, canned, condensed","Soups, Sauces, and Gravies",67.0,3.85,2.46,7.16,2.06,0.6,0.03,0.3,1.0,0.849,0.047,0.055,12.0,0.88,5.0,0.218,37.0,1.23,0.011,0.00016,0.023,0.00011,0.0059,0
soup,"cream of celery, canned, condensed","Soups, Sauces, and Gravies",72.0,1.32,4.46,7.03,1.35,0.6,0.01,0.2,1.39,0.265,0.039,0.023,32.0,0.5,5.0,0.2,30.0,0.12,0.022,4e-05,0.002,0.000113,0.0018,0
soup,"cheese, canned, condensed","Soups, Sauces, and Gravies",82.0,0.8,3.92,11.3,3.73,2.2,0.02,0.2,0.56,0.31,0.105,0.013,36.0,0.15,12.0,0.2,33.0,0.15,0.069,0.0,0.003,0.0001,0.0036,0
soup,"chicken with dumplings, canned, condensed","Soups, Sauces, and Gravies",79.0,4.58,4.51,4.93,0.46,0.4,0.03,0.0,0.44,1.43,0.059,0.013,12.0,0.51,3.0,0.4,50.0,0.3,0.025,0.00013,0.002,0.0001,0.0098,0
soup,"chicken broth, canned, condensed","Soups, Sauces, and Gravies",31.0,4.42,1.04,0.75,0.35,0.0,0.02,0.0,0.01,2.23,0.046,0.006,6.0,0.41,2.0,0.2,60.0,0.2,0.0,0.0002,0.004,0.0001,0.0023,0
campbell's red and white,"Broccoli Cheese Soup, condensed","Soups, Sauces, and Gravies",81.0,1.61,3.63,9.68,2.42,0.0,0.0,1.0,0.0,0.0,0.0,0.0,32.0,0.0,0.0,0.0,0.0,8.47,0.0,0.0,0.0,0.0,0.0,0
soup,"chicken, canned, chunky, ready-to-serve","Soups, Sauces, and Gravies",71.0,5.06,2.64,6.88,0.87,0.6,0.02,0.5,0.13,1.76,0.069,0.034,10.0,0.69,3.0,0.1,45.0,0.4,0.027,0.0001,0.002,0.0001,0.0025,0
soup,"cream of chicken, canned, condensed","Soups, Sauces, and Gravies",90.0,2.38,5.77,7.16,0.54,0.0,0.0,0.1,0.54,0.392,0.046,0.013,14.0,1.06,4.0,0.068,31.0,0.29,0.043,0.0,0.002,0.000128,0.0019,0
soup,"chicken gumbo, canned, condensed","Soups, Sauces, and Gravies",45.0,2.1,1.14,6.67,1.93,1.6,0.05,4.0,0.36,0.53,0.3,0.2,19.0,0.71,3.0,0.2,20.0,0.3,0.005,2e-05,0.005,0.0001,0.0067,0
soup,"chunky chicken noodle, canned, ready-to-serve","Soups, Sauces, and Gravies",41.0,3.09,1.16,4.46,0.38,0.8,0.05,0.4,0.12,1.196,0.02,0.018,11.0,0.35,7.0,0.056,36.0,0.17,0.062,8e-05,0.011,2.8e-05,0.0049,0
soup,"chicken noodle, canned, condensed","Soups, Sauces, and Gravies",48.0,2.37,1.55,6.07,0.0,0.9,0.042,0.0,0.05,1.222,0.07,0.079,6.0,0.67,8.0,0.098,38.0,0.28,0.022,0.0001199999999999,0.021,2.7e-05,0.0063,0
soup,"chicken rice, canned, chunky, ready-to-serve","Soups, Sauces, and Gravies",53.0,5.11,1.33,5.41,0.6,0.4,0.02,1.6,0.24,1.71,0.041,0.01,14.0,0.78,4.0,0.1,30.0,0.4,0.122,0.00013,0.002,0.0001,0.0045,0
soup,"chicken with rice, canned, condensed","Soups, Sauces, and Gravies",68.0,1.84,1.56,11.57,0.23,0.9,0.02,0.0,0.07,0.918,0.02,0.014,41.0,0.25,10.0,0.3,42.0,0.18,0.025,0.00013,0.001,9.6e-05,0.0040999999999999,0
soup,"chicken and vegetable, canned, ready-to-serve","Soups, Sauces, and Gravies",33.0,1.97,0.73,4.68,1.01,0.9,0.072,0.0,0.24,0.906,0.098,0.017,14.0,0.25,8.0,0.056,35.0,0.22,0.052,0.00011,0.013,2.3e-05,0.003,0
soup,"chicken vegetable, canned, condensed","Soups, Sauces, and Gravies",61.0,2.94,2.32,7.01,1.26,0.7,0.039,0.8,0.25,1.004,0.046,0.036,14.0,0.71,5.0,0.3,33.0,0.3,0.109,0.0001,0.004,9.9e-05,0.0045,0
soup,"chili beef, canned, condensed","Soups, Sauces, and Gravies",117.0,5.09,2.53,18.86,5.09,2.5,0.12,3.1,1.08,0.813,0.058,0.045,33.0,1.62,19.0,0.8,113.0,1.56,0.057,0.0003,0.009,0.0003,0.005,0
soup,"clam chowder, manhattan style, canned, chunky, ready-to-serve","Soups, Sauces, and Gravies",56.0,3.02,1.41,7.84,1.67,1.2,0.11,5.1,0.67,0.77,0.026,0.024,28.0,1.1,8.0,0.1,35.0,0.7,0.07,0.0033,0.004,0.0001,0.0067,0
soup,"clam chowder, manhattan, canned, condensed","Soups, Sauces, and Gravies",61.0,1.74,1.76,9.74,2.7,1.2,0.08,3.2,1.03,0.65,0.032,0.024,19.0,1.3,8.0,0.3,33.0,0.74,0.041,0.00323,0.008,0.0001,0.0075,0
healthy request,"Chicken with Rice, condensed","Soups, Sauces, and Gravies",46.0,1.59,1.19,7.19,0.79,0.8,0.037,1.0,0.07,1.059,0.025,0.01,0.0,0.0,4.0,0.182,33.0,0.2,0.03,7.000000000000001e-05,0.003,5.4e-05,0.0017,0
soup,"clam chowder, new england, canned, condensed","Soups, Sauces, and Gravies",72.0,3.17,2.06,10.32,0.38,0.7,0.104,4.1,0.42,1.55,0.165,0.125,16.0,2.48,13.0,0.165,260.0,0.37,0.017,0.00947,0.014,0.0002389999999999,0.0063,0
soup,"beef broth bouillon and consomme, canned, condensed","Soups, Sauces, and Gravies",11.0,2.52,0.0,0.32,0.0,0.0,0.02,0.7,0.01,0.58,0.023,0.017,7.0,0.43,4.0,0.019,26.0,0.01,0.0,0.00014,0.005,2e-06,0.0014,0
soup,"crab, canned, ready-to-serve","Soups, Sauces, and Gravies",31.0,2.25,0.62,4.22,0.0,0.3,0.05,0.0,0.0,0.55,0.03,0.08,27.0,0.5,6.0,0.2,36.0,0.6,0.01,8e-05,0.006,0.0002,0.0026,0
soup,"escarole, canned, ready-to-serve","Soups, Sauces, and Gravies",11.0,0.62,0.73,0.72,0.0,0.0,0.09,1.8,0.0,0.93,0.02,0.03,13.0,0.3,2.0,0.5,32.0,0.9,0.044,0.0002,0.014,0.00015,0.0,0
soup,"lentil with ham, canned, ready-to-serve","Soups, Sauces, and Gravies",56.0,3.74,1.12,8.16,0.0,0.0,0.09,1.7,0.0,0.545,0.045,0.07,17.0,1.07,9.0,0.12,74.0,0.3,0.007,0.0001199999999999,0.02,7.000000000000001e-05,0.0003,0
campbell's,"Cheddar Cheese Soup, condensed","Soups, Sauces, and Gravies",84.0,0.8,3.92,11.44,3.73,2.2,0.0,0.2,0.0,0.0,0.0,0.0,36.0,0.15,12.0,0.0,33.0,0.15,0.0,0.0,0.0,0.0,0.0,0
soup,"minestrone, canned, chunky, ready-to-serve","Soups, Sauces, and Gravies",53.0,2.13,1.17,8.64,2.17,2.4,0.1,2.0,0.67,0.491,0.049,0.023,25.0,0.74,6.0,0.3,46.0,0.6,0.089,0.0,0.028,0.0001,0.0022,0
soup,"minestrone, canned, condensed","Soups, Sauces, and Gravies",68.0,3.48,2.05,9.17,1.5,0.8,0.08,0.9,0.46,0.77,0.036,0.044,28.0,0.75,6.0,0.3,46.0,0.6,0.085,0.0,0.04,0.0001,0.0028,0
campbell's red and white,"Chicken and Dumplings Soup, condensed","Soups, Sauces, and Gravies",56.0,2.38,1.98,7.94,0.79,0.8,0.0,0.0,0.0,0.0,0.0,0.0,0.0,0.29,0.0,0.0,0.0,0.0,0.0,0.0,0.0,0.0,0.0,0
soup,"mushroom barley, canned, condensed","Soups, Sauces, and Gravies",61.0,1.5,1.8,9.6,0.0,0.0,0.14,0.0,0.0,0.7,0.07,0.02,10.0,0.4,7.0,0.1,50.0,0.4,0.008,0.0,0.005,0.00016,0.0,0
soup,"cream of mushroom, canned, condensed","Soups, Sauces, and Gravies",79.0,1.35,5.3,6.8,0.4,0.7,0.015,0.0,0.5,0.345,0.016,0.012,12.0,0.18,3.0,0.037,24.0,0.11,0.002,0.0,0.002,2.2e-05,0.0029,0
soup,"mushroom with beef stock, canned, condensed","Soups, Sauces, and Gravies",68.0,2.51,3.21,7.41,2.28,0.1,0.03,0.8,0.89,0.96,0.076,0.028,8.0,0.67,7.0,0.3,29.0,1.1,0.017,0.0,0.007,0.0002,0.0037,0
soup,"onion, canned, condensed","Soups, Sauces, and Gravies",46.0,3.06,1.42,6.68,2.72,0.7,0.04,1.0,0.22,0.49,0.02,0.027,22.0,0.55,2.0,0.2,9.0,0.5,0.003,0.0,0.012,0.0001,0.0035,0
soup,"cream of onion, canned, condensed","Soups, Sauces, and Gravies",88.0,2.2,4.2,10.4,3.64,0.4,0.02,1.0,0.43,0.4,0.06,0.04,27.0,0.5,5.0,0.2,30.0,0.12,0.028,4e-05,0.006,0.00011,0.0023,0
campbell's red and white,"Chicken and Stars Soup, condensed","Soups, Sauces, and Gravies",56.0,2.38,1.59,8.73,0.79,0.8,0.0,0.0,0.0,0.0,0.0,0.0,0.0,0.29,0.0,0.0,0.0,0.0,0.0,0.0,0.0,0.0,0.0,0
soup,"oyster stew, canned, condensed","Soups, Sauces, and Gravies",48.0,1.72,3.13,3.32,0.0,0.0,0.01,2.6,0.0,0.19,0.029,0.017,18.0,0.8,4.0,0.3,39.0,8.4,0.003,0.00179,0.002,0.0013,0.0068,0
soup,"pea, green, canned, condensed","Soups, Sauces, and Gravies",125.0,6.54,2.23,20.18,6.52,3.9,0.04,1.3,0.18,0.943,0.052,0.082,21.0,1.48,30.0,0.5,95.0,1.3,0.007,0.0,0.001,0.0002879999999999,0.0074,0
soup,"pea, split with ham, canned, chunky, ready-to-serve","Soups, Sauces, and Gravies",77.0,4.62,1.66,11.17,1.91,1.7,0.09,2.9,0.2,1.05,0.039,0.048,14.0,0.89,16.0,0.25,74.0,1.3,0.102,0.0001,0.002,0.0001,0.0040999999999999,0
soup,"pea, split with ham, canned, condensed","Soups, Sauces, and Gravies",141.0,7.68,3.28,20.81,0.0,1.7,0.05,1.1,0.0,1.098,0.056,0.11,16.0,1.7,36.0,0.5,159.0,0.99,0.017,0.0002,0.002,0.000275,0.0074,0
soup,"pepperpot, canned, condensed","Soups, Sauces, and Gravies",84.0,5.19,3.78,7.66,0.0,0.4,0.05,1.1,0.07,1.0,0.039,0.043,19.0,0.73,4.0,0.5,34.0,1.0,0.035,0.00014,0.008,0.0001,0.0,0
soup,"cream of potato, canned, condensed","Soups, Sauces, and Gravies",74.0,1.51,1.88,12.79,1.44,1.3,0.03,0.2,0.07,0.43,0.029,0.028,17.0,0.34,13.0,0.3,41.0,0.15,0.019,4e-05,0.002,0.0002,0.0019,0
campbell's red and white,"Chicken Alphabet Soup, condensed","Soups, Sauces, and Gravies",56.0,2.38,1.19,9.52,0.79,0.8,0.0,1.0,0.0,0.0,0.0,0.0,0.0,0.29,0.0,0.0,0.0,0.0,0.0,0.0,0.0,0.0,0.0,0
soup,"scotch broth, canned, condensed","Soups, Sauces, and Gravies",66.0,4.05,2.14,7.73,0.0,1.0,0.06,0.7,0.06,0.95,0.037,0.015,12.0,0.68,3.0,0.3,45.0,1.3,0.089,0.00022,0.008,0.0002,0.0022,0
soup,"cream of shrimp, canned, condensed","Soups, Sauces, and Gravies",72.0,2.22,4.14,6.53,0.0,0.2,0.03,0.0,0.0,0.34,0.022,0.015,14.0,0.42,7.0,0.3,26.0,0.6,0.032,0.00047,0.003,0.0001,0.0045,0
campbell's red and white,"Chicken Broth, condensed","Soups, Sauces, and Gravies",16.0,0.81,0.81,0.81,0.81,0.0,0.0,0.0,0.0,0.0,0.0,0.0,0.0,0.0,0.0,0.0,0.0,0.0,0.0,0.0,0.0,0.0,0.0,0
campbell's red and white,"Chicken Gumbo Soup, condensed","Soups, Sauces, and Gravies",48.0,1.59,0.79,7.94,1.59,0.8,0.0,0.0,0.0,0.0,0.0,0.0,16.0,0.0,0.0,0.0,0.0,0.0,0.0,0.0,0.0,0.0,0.0,0
soup,"tomato beef with noodle, canned, condensed","Soups, Sauces, and Gravies",112.0,3.55,3.42,16.87,0.0,1.2,0.07,0.0,0.62,1.49,0.071,0.067,14.0,0.89,6.0,0.2,45.0,0.6,0.021,0.00015,0.021,0.0001,0.004,0
campbell's,"Red and White, Chicken Noodle Soup, condensed","Soups, Sauces, and Gravies",47.0,2.37,1.53,5.97,0.0,0.0,0.0,0.0,0.0,0.0,0.0,0.0,6.0,0.69,8.0,0.1,38.0,0.28,0.0,0.0,0.0,2.7e-05,0.0,0
soup,"tomato rice, canned, condensed","Soups, Sauces, and Gravies",93.0,1.64,2.12,17.08,5.9,1.3,0.06,11.5,1.73,0.822,0.039,0.048,18.0,0.62,4.0,0.3,26.0,0.4,0.023,0.0,0.011,0.0001,0.0018,0
soup,"turkey, chunky, canned, ready-to-serve","Soups, Sauces, and Gravies",57.0,4.33,1.87,5.96,0.0,0.0,0.13,2.7,0.0,1.52,0.045,0.015,21.0,0.81,10.0,0.1,44.0,0.9,0.152,0.0009,0.005,0.0001,0.0,0
soup,"chunky vegetable, canned, ready-to-serve","Soups, Sauces, and Gravies",39.0,1.14,0.36,7.9,1.56,1.1,0.065,0.7,0.17,0.542,0.043,0.029,18.0,0.51,10.0,0.087,29.0,0.23,0.052,0.0,0.007,4e-05,0.0029,0
soup,"vegetarian vegetable, canned, condensed","Soups, Sauces, and Gravies",59.0,1.72,1.58,9.78,3.13,0.5,0.045,1.2,1.17,0.747,0.037,0.044,17.0,0.88,6.0,0.375,28.0,0.38,0.142,0.0,0.009,0.0001,0.0035,0
soup,"chunky beef, canned, ready-to-serve","Soups, Sauces, and Gravies",66.0,3.97,1.11,10.08,0.67,0.6,0.055,2.9,0.28,1.127,0.063,0.024,13.0,0.97,2.0,0.1,50.0,1.1,0.054,0.00026,0.006,0.0001,0.0025,0
soup,"vegetable beef, canned, condensed","Soups, Sauces, and Gravies",63.0,4.45,1.51,8.11,0.89,1.6,0.06,1.9,0.48,0.823,0.039,0.029,13.0,0.89,5.0,0.25,32.0,1.23,0.155,0.00025,0.008,0.000145,0.0022,0
soup,"vegetable with beef broth, canned, condensed","Soups, Sauces, and Gravies",66.0,2.42,1.56,10.7,1.64,1.3,0.046,1.9,0.12,0.789,0.037,0.042,14.0,0.79,5.0,0.275,32.0,0.65,0.085,0.0,0.009,0.000125,0.0022,0
soup,"beef broth or bouillon, powder, dry","Soups, Sauces, and Gravies",213.0,15.97,8.89,17.4,16.71,0.0,0.2,0.0,2.17,4.467,0.243,0.07,60.0,1.0,51.0,0.459,320.0,0.0,0.0,0.001,0.032,0.0,0.0276,2
soup,"beef broth, cubed, dry","Soups, Sauces, and Gravies",170.0,17.3,4.0,16.1,14.51,0.0,0.2,0.0,0.0,3.3,0.24,0.2,60.0,2.23,50.0,0.386,225.0,0.21,0.0,0.001,0.032,0.0,0.0276,2
soup,"chicken broth or bouillon, dry","Soups, Sauces, and Gravies",267.0,16.66,13.88,18.01,17.36,0.0,0.1,1.1,0.46,2.46,0.43,0.1,187.0,1.03,56.0,0.15,166.0,0.09,0.0,0.0003,0.032,0.0,0.028,2
soup,"chicken broth cubes, dry","Soups, Sauces, and Gravies",198.0,14.6,4.7,23.5,0.0,0.0,0.1,1.0,0.09,3.9,0.38,0.19,190.0,1.87,56.0,0.377,191.0,0.2,0.0,0.0003,0.032,0.0,0.0278999999999999,2
campbell's red and white,"Chicken NOODLEO's Soup, condensed","Soups, Sauces, and Gravies",71.0,2.38,1.98,11.9,1.59,0.8,0.0,0.0,0.0,0.0,0.0,0.0,0.0,0.57,0.0,0.0,0.0,0.0,0.0,0.0,0.0,0.0,0.0,0
campbell's red and white,"Chicken Vegetable Soup, condensed","Soups, Sauces, and Gravies",63.0,2.38,0.79,11.9,2.38,1.6,0.0,0.0,0.0,0.0,0.0,0.0,16.0,0.29,0.0,0.0,0.0,0.0,0.0,0.0,0.0,0.0,0.0,0
campbell's red and white,"Beef Broth, condensed","Soups, Sauces, and Gravies",12.0,2.42,0.0,0.81,0.81,0.0,0.0,0.0,0.0,0.0,0.0,0.0,0.0,0.0,0.0,0.0,0.0,0.0,0.0,0.0,0.0,0.0,0.0,0
soup,"onion, dry, mix","Soups, Sauces, and Gravies",293.0,7.48,0.34,65.07,4.65,6.6,0.582,3.4,0.13,1.472,0.274,0.279,143.0,1.25,60.0,0.665,211.0,1.12,0.001,0.0,0.0,0.0003529999999999,0.005,3
campbell's red and white,"Beef Consomme, condensed","Soups, Sauces, and Gravies",16.0,3.23,0.0,0.81,0.81,0.0,0.0,0.0,0.0,0.0,0.0,0.0,0.0,0.0,0.0,0.0,0.0,0.0,0.0,0.0,0.0,0.0,0.0,0
soup,"cream of vegetable, dry, powder","Soups, Sauces, and Gravies",446.0,8.0,24.1,52.1,17.51,3.0,0.1,16.6,2.41,2.2,0.45,5.18,134.0,2.6,48.0,0.8,228.0,1.6,0.6,0.0005,0.03,0.0004,0.0207,3
sauce,"teriyaki, ready-to-serve","Soups, Sauces, and Gravies",89.0,5.93,0.02,15.56,14.1,0.1,0.1,0.0,0.0,1.27,0.07,0.03,25.0,1.7,61.0,0.0,154.0,0.1,0.0,0.0,0.008,0.0001,0.0011,0
gravy,"au jus, canned","Soups, Sauces, and Gravies",16.0,1.2,0.2,2.5,0.0,0.0,0.01,1.0,0.0,0.9,0.06,0.02,4.0,0.6,2.0,0.2,30.0,1.0,0.0,0.0001,0.002,0.0001,0.0004,0
gravy,"au jus, dry","Soups, Sauces, and Gravies",313.0,9.2,9.63,47.49,0.0,0.0,0.174,1.0,0.0,4.087,0.324,0.472,140.0,9.3,56.0,0.268,153.0,0.7,0.0,0.00032,0.081,0.0001199999999999,0.0062,3
gravy,"beef, canned, ready-to-serve","Soups, Sauces, and Gravies",53.0,3.75,2.36,4.81,0.21,0.4,0.01,0.0,0.02,0.66,0.036,0.032,6.0,0.7,2.0,0.2,30.0,1.0,0.001,0.0001,0.002,0.0001,0.001,0
campbell's red and white,"Bean with Bacon Soup, condensed","Soups, Sauces, and Gravies",125.0,6.25,2.34,19.53,3.13,6.3,0.0,2.8,0.0,0.0,0.0,0.0,47.0,1.41,0.0,0.0,0.0,0.0,0.0,0.0,0.0,0.0,0.0,0
gravy,"brown, dry","Soups, Sauces, and Gravies",367.0,10.74,9.61,59.38,0.0,2.0,0.1,0.3,0.0,3.7,0.39,0.18,132.0,1.72,34.0,0.412,203.0,1.11,0.008,0.0007,0.043,0.00019,0.0060999999999999,3
gravy,"chicken, canned, ready-to-serve","Soups, Sauces, and Gravies",79.0,1.93,5.71,5.42,0.78,0.4,0.01,0.0,0.13,0.443,0.043,0.017,20.0,0.47,2.0,0.2,29.0,0.8,0.001,0.0001,0.002,0.0001,0.0008,0
gravy,"chicken, dry","Soups, Sauces, and Gravies",381.0,11.27,9.73,62.09,0.0,0.0,0.202,0.6,0.0,4.018,0.634,0.249,146.0,1.33,40.0,0.219,249.0,1.39,0.038,0.0004799999999999,0.136,0.000112,0.0052,3
gravy,"mushroom, canned","Soups, Sauces, and Gravies",50.0,1.26,2.71,5.47,0.0,0.4,0.02,0.0,0.0,0.671,0.063,0.033,7.0,0.66,2.0,0.3,15.0,0.7,0.0,0.0,0.012,0.0001,0.0019,0
gravy,"mushroom, dry, powder","Soups, Sauces, and Gravies",328.0,10.0,4.0,64.66,3.26,4.8,0.1,7.0,0.15,3.7,0.4,0.2,230.0,1.0,34.0,0.4,203.0,1.54,0.0,0.0007,0.043,0.000535,0.0053,3
gravy,"onion, dry, mix","Soups, Sauces, and Gravies",322.0,9.0,3.0,67.64,0.0,6.0,0.1,7.0,0.0,3.7,0.4,0.2,280.0,1.0,34.0,0.4,203.0,0.88,0.0,0.0007,0.043,0.00017,0.0060999999999999,3
gravy,"pork, dry, powder","Soups, Sauces, and Gravies",367.0,8.78,8.63,63.57,24.73,2.4,0.086,1.4,0.26,2.27,0.283,0.16,139.0,3.94,34.0,0.311,188.0,1.06,0.034,0.00051,0.042,0.000154,0.0060999999999999,1
gravy,"turkey, canned, ready-to-serve","Soups, Sauces, and Gravies",51.0,2.6,2.1,5.1,0.21,0.4,0.01,0.0,0.05,1.3,0.08,0.02,4.0,0.7,2.0,0.2,29.0,0.8,0.0,0.0001,0.002,0.0001,0.0006,0
gravy,"turkey, dry","Soups, Sauces, and Gravies",367.0,10.42,7.19,65.12,0.0,0.0,0.204,0.2,0.0,2.77,0.45,0.211,146.0,3.29,44.0,0.219,254.0,1.26,0.008,0.00058,0.093,0.000133,0.0052,3
gravy,"unspecified type, dry","Soups, Sauces, and Gravies",344.0,13.0,8.0,58.0,0.0,0.0,0.1,7.0,0.0,3.7,0.432,0.2,150.0,1.0,45.0,0.4,203.0,1.4,0.0,0.0007,0.043,0.0001,0.0060999999999999,3
soup,"chicken noodle, dry, mix","Soups, Sauces, and Gravies",377.0,15.42,6.51,62.32,1.9,3.2,0.236,0.0,0.33,4.88,0.381,0.575,55.0,2.44,38.0,0.468,195.0,1.65,0.008,0.00075,0.115,0.0002859999999999,0.0324,3
sauce,"sofrito, prepared from recipe","Soups, Sauces, and Gravies",237.0,12.8,18.2,5.46,0.0,1.7,0.364,20.4,0.0,2.918,0.212,0.284,20.0,0.94,25.0,0.191,139.0,1.41,0.0,0.0,0.043,0.000165,0.0,2
usda commodity,"spaghetti sauce, meatless, canned","Soups, Sauces, and Gravies",48.0,1.2,0.9,8.7,4.7,0.0,0.06,3.9,0.0,0.73,0.12,0.03,20.0,0.9,13.0,0.0,25.0,0.21,0.017,0.0,0.0,0.0,0.0,0
campbell's red and white,"Beef Noodle Soup, condensed","Soups, Sauces, and Gravies",56.0,3.17,1.59,6.35,0.79,0.8,0.0,0.0,0.0,0.0,0.0,0.0,0.0,0.57,0.0,0.0,0.0,0.0,0.0,0.0,0.0,0.0,0.0,0
campbell's red and white,"Beef with Vegetables and Barley Soup, condensed","Soups, Sauces, and Gravies",71.0,3.97,1.19,11.9,1.59,2.4,0.0,0.0,0.0,0.0,0.0,0.0,0.0,0.57,0.0,0.0,0.0,0.0,0.0,0.0,0.0,0.0,0.0,0
soup,"beef mushroom, canned, condensed","Soups, Sauces, and Gravies",61.0,4.6,2.4,5.2,0.0,0.2,0.04,0.0,0.0,0.9,0.06,0.02,4.0,0.7,7.0,0.3,29.0,1.1,0.0,0.00016,0.007,0.0002,0.0,0
soup,"chicken mushroom, canned, condensed","Soups, Sauces, and Gravies",100.0,1.61,4.84,11.95,0.79,3.2,0.04,0.0,0.64,1.3,0.09,0.02,23.0,0.7,7.0,0.1,22.0,0.8,0.009,5e-05,0.002,4e-05,0.0029,0
sauce,barbecue,"Soups, Sauces, and Gravies",172.0,0.82,0.63,40.77,33.24,0.9,0.075,0.6,0.8,0.597,0.054,0.022,33.0,0.64,13.0,0.126,20.0,0.17,0.011,0.0,0.002,7.199999999999999e-05,0.0013,1
sauce,"plum, ready-to-serve","Soups, Sauces, and Gravies",184.0,0.89,1.04,42.81,0.0,0.7,0.078,0.5,0.0,1.014,0.084,0.018,12.0,1.43,12.0,0.114,22.0,0.19,0.002,0.0,0.006,7.8e-05,0.0004,0
sauce,"pizza, canned, ready-to-serve","Soups, Sauces, and Gravies",54.0,2.18,1.15,8.66,3.78,2.0,0.136,11.3,0.0,1.421,0.053,0.061,54.0,0.9,21.0,0.221,50.0,0.25,0.0,2e-05,0.0,0.000137,0.0,0
soup,"tomato bisque, canned, condensed","Soups, Sauces, and Gravies",96.0,1.76,1.95,18.47,0.0,0.8,0.07,4.6,0.0,0.894,0.055,0.051,31.0,0.64,7.0,0.2,47.0,0.46,0.032,0.0,0.012,0.0001,0.0,0
soup,"tomato, canned, condensed","Soups, Sauces, and Gravies",66.0,1.46,0.44,15.22,8.23,1.1,0.086,12.9,0.34,0.858,0.015,0.042,13.0,0.59,14.0,0.138,31.0,0.18,0.02,0.0,0.0,5e-05,0.003,0
sauce,"salsa, ready-to-serve","Soups, Sauces, and Gravies",29.0,1.54,0.17,6.72,3.94,1.8,0.176,1.9,1.22,1.12,0.032,0.035,30.0,0.4,15.0,0.113,34.0,0.19,0.024,0.0,0.004,6.7e-05,0.0009,0
sauce,"homemade, white, thin","Soups, Sauces, and Gravies",105.0,3.77,6.73,7.4,4.78,0.1,0.041,0.8,0.17,0.261,0.184,0.055,126.0,0.21,15.0,0.024,101.0,0.42,0.073,0.0003,0.012,1.3e-05,0.0033,0
sauce,"homemade, white, medium","Soups, Sauces, and Gravies",147.0,3.84,10.63,9.17,4.38,0.2,0.04,0.8,0.29,0.402,0.185,0.069,118.0,0.33,14.0,0.043,98.0,0.41,0.104,0.00028,0.01,1.6e-05,0.0040999999999999,0
sauce,"homemade, white, thick","Soups, Sauces, and Gravies",186.0,3.99,13.83,11.61,3.98,0.3,0.038,0.7,0.38,0.589,0.19,0.088,111.0,0.5,14.0,0.067,96.0,0.4,0.13,0.00026,0.015,2.1e-05,0.0052,0
sauce,"ready-to-serve, pepper or hot","Soups, Sauces, and Gravies",11.0,0.51,0.37,1.75,1.26,0.3,0.157,74.8,0.12,0.254,0.082,0.036,8.0,0.48,5.0,0.049,11.0,0.11,0.008,0.0,0.006,2.8e-05,0.0,0
sauce,"ready-to-serve, pepper, TABASCO","Soups, Sauces, and Gravies",12.0,1.29,0.76,0.8,0.13,0.6,0.154,4.5,0.01,0.178,0.084,0.032,12.0,1.16,12.0,0.107,23.0,0.16,0.082,0.0,0.002,7.5e-05,0.0005,0
soup,"stock, beef, home-prepared","Soups, Sauces, and Gravies",13.0,1.97,0.09,1.2,0.54,0.0,0.055,0.0,0.01,0.872,0.091,0.033,8.0,0.27,7.0,0.0,31.0,0.17,0.0,0.0,0.002,5e-05,0.0012,0
soup,"stock, chicken, home-prepared","Soups, Sauces, and Gravies",36.0,2.52,1.2,3.53,1.58,0.0,0.061,0.2,0.03,1.584,0.085,0.035,3.0,0.21,4.0,0.0,27.0,0.14,0.001,0.0,0.005,5.4e-05,0.0022,0
soup,"stock, fish, home-prepared","Soups, Sauces, and Gravies",16.0,2.26,0.81,0.0,0.0,0.0,0.037,0.1,0.17,1.186,0.076,0.033,3.0,0.01,7.0,0.052,56.0,0.06,0.002,0.00069,0.002,5.8e-05,0.001,0
sauce,"hoisin, ready-to-serve","Soups, Sauces, and Gravies",220.0,3.31,3.39,44.08,27.26,2.8,0.062,0.4,0.28,1.17,0.217,0.004,32.0,1.01,24.0,0.254,38.0,0.32,0.0,0.0,0.023,0.000128,0.0018,1
sauce,"oyster, ready-to-serve","Soups, Sauces, and Gravies",51.0,1.35,0.25,10.92,0.0,0.3,0.016,0.1,0.0,1.474,0.124,0.01,32.0,0.18,4.0,0.053,22.0,0.09,0.0,0.00041,0.015,0.000147,0.0044,0
soup,"minestrone, canned, reduced sodium, ready-to-serve","Soups, Sauces, and Gravies",50.0,2.0,0.8,9.0,2.13,2.4,0.06,5.7,0.7,0.64,0.04,0.06,20.0,0.72,13.0,0.0,34.0,0.32,0.033,0.0,0.017,8.3e-05,0.0021,0
usda commodity,salsa,"Soups, Sauces, and Gravies",36.0,1.5,0.2,7.0,0.0,1.4,0.149,4.0,0.0,1.08,0.03,0.05,12.0,2.24,16.0,0.0,30.0,0.17,0.028,0.0,0.019,9.6e-05,0.0004,0
sauce,"fish, ready-to-serve","Soups, Sauces, and Gravies",35.0,5.06,0.01,3.64,3.64,0.0,0.396,0.5,0.0,2.313,0.057,0.012,43.0,0.78,175.0,0.233,7.0,0.2,0.004,0.0004799999999999,0.051,5e-05,0.0091,0
soup,"shark fin, restaurant-prepared","Soups, Sauces, and Gravies",46.0,3.2,2.0,3.8,0.0,0.0,0.026,0.1,0.0,0.493,0.039,0.027,10.0,0.94,7.0,0.024,21.0,0.82,0.0,0.00019,0.009,0.000108,0.0,0
soup,"cream of mushroom, canned, condensed, reduced sodium","Soups, Sauces, and Gravies",52.0,1.21,1.69,8.1,2.13,0.6,0.04,0.0,0.16,0.17,0.192,0.042,13.0,0.48,5.0,0.059,51.0,0.36,0.002,2e-05,0.011,0.00022,0.0018,0
soup,"chicken broth, canned, less/reduced sodium","Soups, Sauces, and Gravies",7.0,1.36,0.0,0.38,0.22,0.0,0.006,0.4,0.01,0.686,0.014,0.002,8.0,0.26,1.0,0.062,18.0,0.08,0.0,6e-05,0.003,3.5000000000000004e-05,0.0,0
sauce,"teriyaki, ready-to-serve, reduced sodium","Soups, Sauces, and Gravies",89.0,5.93,0.02,15.58,14.1,0.1,0.1,0.0,0.0,1.27,0.07,0.03,25.0,1.7,61.0,0.0,154.0,0.1,0.0,0.0,0.008,0.0001,0.0008,0
soup,"bean & ham, canned, reduced sodium, prepared with water or ready-to-serve","Soups, Sauces, and Gravies",81.0,4.19,1.03,13.66,3.17,4.0,0.046,1.1,0.39,0.324,0.029,0.056,38.0,1.02,19.0,0.228,13.0,0.53,0.035,3e-05,0.029,8.2e-05,0.0043,0
split pea soup,"canned, reduced sodium, prepared with water or ready-to serve","Soups, Sauces, and Gravies",71.0,3.85,0.92,11.83,5.06,1.9,0.073,0.0,0.2,0.457,0.029,0.07,17.0,0.77,14.0,0.2,54.0,0.4,0.028,1e-05,0.02,0.00011,0.0003,0
split pea with ham soup,"canned, reduced sodium, prepared with water or ready-to-serve","Soups, Sauces, and Gravies",68.0,4.0,0.7,11.4,1.57,1.9,0.048,1.0,0.06,0.695,0.038,0.083,16.0,0.7,14.0,0.198,54.0,0.49,0.021,3e-05,0.029,0.0001,0.0003,0
soup,"chicken broth, ready-to-serve","Soups, Sauces, and Gravies",6.0,0.64,0.21,0.44,0.43,0.0,0.0,0.0,0.04,0.219,0.059,0.021,4.0,0.07,1.0,0.015,4.0,0.07,0.0,2e-05,0.0,1.5e-05,0.0004,0
campbell's healthy request,"Cream of Chicken Soup, condensed","Soups, Sauces, and Gravies",50.0,3.0,1.5,7.5,0.8,0.4,0.0,0.2,0.0,0.0,0.0,0.0,8.0,0.2,6.0,0.0,31.0,0.07,0.0,0.0,0.0,0.0,0.0,0
soup,"cream of asparagus, canned, prepared with equal volume milk","Soups, Sauces, and Gravies",65.0,2.55,3.3,6.61,0.0,0.3,0.026,1.6,0.0,0.355,0.111,0.041,70.0,0.35,8.0,0.153,62.0,0.37,0.025,0.0002,0.012,5.6e-05,0.0,0
soup,"chicken vegetable with potato and cheese, chunky, ready-to-serve","Soups, Sauces, and Gravies",65.0,1.16,4.46,5.2,0.64,0.3,0.042,4.0,0.06,0.346,0.017,0.015,15.0,0.16,5.0,0.0,19.0,0.16,0.019,2e-05,0.009,4e-05,0.0037,0
campbell's,"98% Fat Free Cream of Broccoli Soup, condensed","Soups, Sauces, and Gravies",56.0,1.61,1.61,8.06,0.81,1.6,0.0,0.0,0.0,0.0,0.0,0.0,16.0,0.0,0.0,0.0,0.0,0.0,0.0,0.0,0.0,0.0,0.0,0
soup,"cream of celery, canned, prepared with equal volume milk","Soups, Sauces, and Gravies",66.0,2.29,3.91,5.86,0.0,0.3,0.026,0.6,0.0,0.176,0.1,0.03,75.0,0.28,9.0,0.102,61.0,0.08,0.0,0.0002,0.003,6.2e-05,0.0019,0
soup,"cheese, canned, prepared with equal volume milk","Soups, Sauces, and Gravies",92.0,3.77,5.8,6.47,0.0,0.4,0.031,0.5,0.0,0.2,0.133,0.025,115.0,0.32,8.0,0.103,100.0,0.27,0.143,0.00017,0.004,5.6e-05,0.0028,0
campbell's,"25% Less Sodium Chicken Noodle Soup, condensed","Soups, Sauces, and Gravies",49.0,2.9,1.29,6.3,0.6,0.8,0.0,0.0,0.0,0.0,0.0,0.0,12.0,0.6,9.0,0.0,35.0,0.2,0.0,0.0,0.0,0.0,0.0,0
campbell's red and white,"25% Less Sodium Tomato Soup, condensed","Soups, Sauces, and Gravies",73.0,1.61,0.0,16.13,9.68,0.8,0.0,4.8,0.0,0.0,0.0,0.0,0.0,0.29,0.0,0.0,0.0,0.0,0.0,0.0,0.0,0.0,0.0,0
campbell's,"25% Less Sodium Cream of Mushroom Soup, condensed","Soups, Sauces, and Gravies",89.0,1.61,6.45,6.45,0.81,1.6,0.0,0.0,0.0,0.0,0.0,0.0,0.0,0.0,0.0,0.0,0.0,0.0,0.0,0.0,0.0,0.0,0.0,0
campbell's,"98% Fat Free Broccoli Cheese Soup, condensed","Soups, Sauces, and Gravies",56.0,1.61,1.21,9.68,2.42,0.8,0.0,0.0,0.0,0.0,0.0,0.0,32.0,0.0,0.0,0.0,0.0,8.47,0.0,0.0,0.0,0.0,0.0,0
soup,"cream of chicken, canned, prepared with equal volume milk","Soups, Sauces, and Gravies",77.0,3.01,4.62,6.04,0.0,0.1,0.027,0.5,0.0,0.372,0.104,0.03,73.0,0.27,7.0,0.153,61.0,0.27,0.0,0.00022,0.003,5.6e-05,0.0,0
soup,"vegetable, canned, low sodium, condensed","Soups, Sauces, and Gravies",65.0,2.2,0.9,12.11,4.31,2.1,0.167,0.8,1.43,1.54,0.092,0.109,20.0,0.66,25.0,0.25,45.0,0.4,0.086,0.0,0.013,0.000232,0.004,0
campbell's,"98% Fat Free Cream of Celery Soup, condensed","Soups, Sauces, and Gravies",56.0,0.81,2.42,7.26,0.81,1.6,0.0,0.0,0.0,0.0,0.0,0.0,16.0,0.0,0.0,0.0,0.0,0.0,0.0,0.0,0.0,0.0,0.0,0
campbell's,"98% Fat Free Cream of Chicken Soup, condensed","Soups, Sauces, and Gravies",55.0,1.8,2.02,7.46,0.5,0.4,0.0,0.2,0.0,0.0,0.0,0.0,11.0,0.23,6.0,0.0,23.0,0.17,0.0,0.0,0.0,0.0,0.0,0
prego pasta,"Chunky Garden Mushroom and Green Pepper Italian Sauce, ready-to-serve","Soups, Sauces, and Gravies",69.0,1.54,2.31,10.0,7.69,2.3,0.0,2.8,0.0,0.0,0.0,0.0,15.0,0.55,0.0,0.0,0.0,0.0,0.0,0.0,0.0,0.0,0.0,0
prego pasta,"Chunky Garden Mushroom Supreme Italian Sauce, ready-to-serve","Soups, Sauces, and Gravies",69.0,1.54,2.31,10.0,7.69,2.3,0.0,1.8,0.0,0.0,0.0,0.0,0.0,0.55,0.0,0.0,0.0,0.0,0.0,0.0,0.0,0.0,0.0,0
prego pasta,"Diced Onion and Garlic Italian Sauce, ready-to-serve","Soups, Sauces, and Gravies",92.0,1.54,3.46,13.85,9.23,2.3,0.0,0.9,0.0,0.0,0.0,0.0,31.0,0.55,0.0,0.0,0.0,0.0,0.0,0.0,0.0,0.0,0.0,0
prego pasta,"Flavored with Meat Italian Sauce, ready-to-serve","Soups, Sauces, and Gravies",62.0,1.54,1.92,10.0,7.69,2.3,0.0,1.8,0.0,0.0,0.0,0.0,15.0,0.83,0.0,0.0,0.0,0.0,0.0,0.0,0.0,0.0,0.0,0
prego pasta,"Fresh Mushroom Italian Sauce, ready-to-serve","Soups, Sauces, and Gravies",54.0,1.54,1.15,10.0,8.46,2.3,0.0,1.8,0.0,0.0,0.0,0.0,15.0,0.55,0.0,0.0,0.0,0.0,0.0,0.0,0.0,0.0,0.0,0
prego pasta,"Garlic Supreme Italian Sauce, ready-to-serve","Soups, Sauces, and Gravies",85.0,1.54,3.08,13.08,10.0,2.3,0.0,0.9,0.0,0.0,0.0,0.0,31.0,0.83,0.0,0.0,0.0,0.0,0.0,0.0,0.0,0.0,0.0,0
prego pasta,"Italian Sausage and Garlic Italian Sauce, ready-to-serve","Soups, Sauces, and Gravies",72.0,2.4,2.4,10.4,8.0,2.4,0.0,1.0,0.0,0.0,0.0,0.0,16.0,0.58,0.0,0.0,0.0,0.0,0.0,0.0,0.0,0.0,0.0,0
prego pasta,"Mini Meatball Italian Sauce, ready-to-serve","Soups, Sauces, and Gravies",77.0,3.08,2.31,10.0,7.69,2.3,0.0,1.8,0.0,0.0,0.0,0.0,15.0,0.83,0.0,0.0,0.0,0.0,0.0,0.0,0.0,0.0,0.0,0
prego pasta,"Mushroom and Garlic Italian Sauce, ready-to-serve","Soups, Sauces, and Gravies",62.0,1.54,1.92,10.0,7.69,2.3,0.0,0.9,0.0,0.0,0.0,0.0,15.0,0.55,0.0,0.0,0.0,0.0,0.0,0.0,0.0,0.0,0.0,0
soup,"clam chowder, new england, canned, prepared with equal volume low fat (2%) milk","Soups, Sauces, and Gravies",61.0,3.24,2.02,7.46,2.81,0.3,0.07,2.1,0.22,0.794,0.176,0.081,70.0,1.21,12.0,0.087,173.0,0.43,0.037,0.00484,0.009,0.000118,0.0044,0
prego pasta,"Mushroom and Parmesan Italian Sauce, ready-to-serve","Soups, Sauces, and Gravies",104.0,2.4,2.8,17.6,10.4,2.4,0.0,1.0,0.0,0.0,0.0,0.0,48.0,0.86,0.0,0.0,0.0,0.0,0.0,0.0,0.0,0.0,0.0,0
prego pasta,"Organic Mushroom Italian Sauce, ready-to-serve","Soups, Sauces, and Gravies",72.0,1.6,2.4,10.4,7.2,3.2,0.0,3.8,0.0,0.0,0.0,0.0,16.0,0.58,0.0,0.0,0.0,0.0,0.0,0.0,0.0,0.0,0.0,0
prego pasta,"Organic Tomato and Basil Italian Sauce, ready-to-serve","Soups, Sauces, and Gravies",72.0,1.6,2.4,10.4,7.2,3.2,0.0,4.8,0.0,0.0,0.0,0.0,32.0,0.58,0.0,0.0,0.0,0.0,0.0,0.0,0.0,0.0,0.0,0
prego pasta,"Heart Smart- Ricotta Parmesan Italian Sauce, ready-to-serve","Soups, Sauces, and Gravies",72.0,2.4,2.0,10.4,8.0,2.4,0.0,1.9,0.0,0.0,0.0,0.0,48.0,0.58,0.0,0.0,0.0,0.0,0.0,0.0,0.0,0.0,0.0,0
p rego pasta,"Roasted Garlic and Herb Italian Sauce, ready-to-serve","Soups, Sauces, and Gravies",69.0,1.54,2.31,10.0,6.92,2.3,0.0,1.8,0.0,0.0,0.0,0.0,15.0,0.55,0.0,0.0,0.0,0.0,0.0,0.0,0.0,0.0,0.0,0
prego pasta,"Roasted Garlic Parmesan Italian Sauce, ready-to-serve","Soups, Sauces, and Gravies",77.0,2.31,0.77,10.0,7.69,2.3,0.0,0.9,0.0,0.0,0.0,0.0,31.0,0.55,0.0,0.0,0.0,0.0,0.0,0.0,0.0,0.0,0.0,0
prego pasta,"Heart Smart- Roasted Red Pepper and Garlic Italian Sauce, ready-to-serve","Soups, Sauces, and Gravies",56.0,1.6,1.2,10.4,7.2,2.4,0.0,1.9,0.0,0.0,0.0,0.0,16.0,0.58,0.0,0.0,0.0,0.0,0.0,0.0,0.0,0.0,0.0,0
prego pasta,"Tomato, Basil and Garlic Italian Sauce, ready-to-serve","Soups, Sauces, and Gravies",64.0,1.6,2.0,9.6,7.2,2.4,0.0,1.0,0.0,0.0,0.0,0.0,16.0,0.58,0.0,0.0,0.0,0.0,0.0,0.0,0.0,0.0,0.0,0
prego pasta,"Zesty Mushroom Italian Sauce, ready-to-serve","Soups, Sauces, and Gravies",85.0,1.54,2.69,13.85,9.23,2.3,0.0,0.0,0.0,0.0,0.0,0.0,15.0,0.28,0.0,0.0,0.0,0.0,0.0,0.0,0.0,0.0,0.0,0
campbell's chunky microwavable bowls,"Beef with Country Vegetables Soup, ready-to-serve","Soups, Sauces, and Gravies",61.0,4.08,1.22,8.57,1.22,2.0,0.0,0.5,0.0,0.0,0.0,0.0,8.0,0.29,0.0,0.0,0.0,0.0,0.0,0.0,0.0,0.0,0.0,0
campbell's chunky microwavable bowls,"Chicken and Dumplings Soup, ready-to-serve","Soups, Sauces, and Gravies",78.0,3.27,3.67,7.35,0.82,1.2,0.0,0.0,0.0,0.0,0.0,0.0,8.0,0.0,0.0,0.0,0.0,0.0,0.0,0.0,0.0,0.0,0.0,0
soup,"cream of mushroom, canned, prepared with equal volume low fat (2%) milk","Soups, Sauces, and Gravies",64.0,2.36,3.58,5.76,2.82,0.3,0.027,0.1,0.26,0.214,0.104,0.026,68.0,0.1,7.0,0.025,59.0,0.31,0.03,0.00028,0.003,1.3e-05,0.0027,0
campbell's chunky microwavable bowls,"Classic Chicken Noodle, ready-to-serve","Soups, Sauces, and Gravies",45.0,2.45,1.22,5.71,1.22,0.8,0.0,0.0,0.0,0.0,0.0,0.0,8.0,0.0,0.0,0.0,0.0,0.0,0.0,0.0,0.0,0.0,0.0,0
campbell's chunky microwavable bowls,"Grilled Chicken and Sausage Gumbo, ready-to-serve","Soups, Sauces, and Gravies",57.0,2.86,1.63,7.35,2.04,0.4,0.0,0.0,0.0,0.0,0.0,0.0,16.0,0.15,0.0,0.0,0.0,0.0,0.0,0.0,0.0,0.0,0.0,0
soup,"cream of onion, canned, prepared with equal volume milk","Soups, Sauces, and Gravies",75.0,2.74,3.78,7.4,0.0,0.3,0.03,1.0,0.0,0.244,0.11,0.039,72.0,0.28,9.0,0.1,62.0,0.25,0.021,0.0002,0.009,6e-05,0.0,0
soup,"oyster stew, canned, prepared with equal volume milk","Soups, Sauces, and Gravies",55.0,2.51,3.24,3.99,0.0,0.0,0.026,1.8,0.0,0.137,0.095,0.027,68.0,0.43,8.0,0.151,66.0,4.22,0.023,0.00107,0.004,0.000655,0.0,0
soup,"pea, green, canned, prepared with equal volume milk","Soups, Sauces, and Gravies",94.0,4.97,2.77,12.69,0.0,1.1,0.041,1.1,0.0,0.528,0.105,0.061,68.0,0.79,22.0,0.26,94.0,0.69,0.0,0.00017,0.003,0.000154,0.0,0
campbell's chunky microwavable bowls,"New England Clam Chowder, ready-to-serve","Soups, Sauces, and Gravies",82.0,2.45,4.9,6.94,0.41,1.2,0.0,0.0,0.0,0.0,0.0,0.0,33.0,0.73,0.0,0.0,0.0,0.0,0.0,0.0,0.0,0.0,0.0,0
campbell's chunky microwavable bowls,"Old Fashioned Vegetable Beef Soup, ready-to-serve","Soups, Sauces, and Gravies",41.0,2.86,0.61,5.71,1.63,1.2,0.0,0.0,0.0,0.0,0.0,0.0,16.0,0.44,0.0,0.0,0.0,0.0,0.0,0.0,0.0,0.0,0.0,0
campbell's chunky microwavable bowls,"Sirloin Burger with Country Vegetables Soup, ready-to-serve","Soups, Sauces, and Gravies",57.0,3.27,1.43,7.35,1.63,1.2,0.0,0.0,0.0,0.0,0.0,0.0,8.0,0.44,0.0,0.0,0.0,0.0,0.0,0.0,0.0,0.0,0.0,0
soup,"cream of potato, canned, prepared with equal volume milk","Soups, Sauces, and Gravies",60.0,2.33,2.6,6.92,0.0,0.2,0.036,0.5,0.0,0.259,0.095,0.033,67.0,0.22,7.0,0.153,65.0,0.27,0.0,0.0002,0.004,0.000106,0.0,0
soup,"cream of shrimp, canned, prepared with equal volume low fat (2%) milk","Soups, Sauces, and Gravies",61.0,2.78,3.23,5.64,2.62,0.1,0.034,0.1,0.02,0.211,0.107,0.028,69.0,0.22,9.0,0.152,60.0,0.54,0.043,0.0005,0.004,5.1e-05,0.0035,0
sauce,"white, thin, prepared-from-recipe, with butter","Soups, Sauces, and Gravies",72.0,3.95,2.56,8.29,5.29,0.1,0.037,0.0,0.08,0.319,0.208,0.068,131.0,0.22,12.0,0.031,110.0,0.47,0.084,0.00055,0.013,1.9e-05,0.0047,0
sauce,"sweet and sour, prepared-from-recipe","Soups, Sauces, and Gravies",79.0,1.84,0.58,16.72,10.81,0.4,0.087,5.0,0.32,1.178,0.063,0.042,16.0,0.67,13.0,0.247,30.0,0.18,0.006,0.0,0.01,0.0001,0.0016,0
sauce,"barbecue, KRAFT, original","Soups, Sauces, and Gravies",172.0,0.74,0.62,40.77,32.26,0.4,0.083,0.2,0.66,0.52,0.05,0.023,47.0,0.79,15.0,0.126,19.0,0.16,0.01,0.0,0.0,9.1e-05,0.0,1
campbell's,"Chicken with Rice Soup, condensed","Soups, Sauces, and Gravies",68.0,1.84,1.64,11.28,0.23,0.9,0.0,0.0,0.0,0.0,0.0,0.0,41.0,0.25,10.0,0.0,42.0,0.18,0.0,0.0,0.0,0.0,0.0,0
campbell's red and white,"Chicken Won Ton Soup, condensed","Soups, Sauces, and Gravies",40.0,2.38,0.79,6.35,0.79,0.0,0.0,0.0,0.0,0.0,0.0,0.0,0.0,0.29,0.0,0.0,0.0,0.0,0.0,0.0,0.0,0.0,0.0,0
campbell's red and white,"Cream of Asparagus Soup, condensed","Soups, Sauces, and Gravies",89.0,1.61,5.65,7.26,1.61,2.4,0.0,0.0,0.0,0.0,0.0,0.0,0.0,0.0,0.0,0.0,0.0,0.0,0.0,0.0,0.0,0.0,0.0,0
soup,"HEALTHY CHOICE Chicken Noodle Soup, canned","Soups, Sauces, and Gravies",41.0,3.69,0.63,5.2,0.57,0.8,0.0,0.0,0.0,0.0,0.0,0.0,8.0,0.0,0.0,0.0,0.0,0.0,0.0,0.0,0.0,0.0,0.0,0
soup,"HEALTHY CHOICE Chicken and Rice Soup, canned","Soups, Sauces, and Gravies",37.0,2.53,0.55,5.71,0.37,0.8,0.0,1.0,0.0,0.0,0.0,0.0,15.0,0.09,0.0,0.0,0.0,0.0,0.0,0.0,0.0,0.0,0.0,0
soup,"HEALTHY CHOICE Garden Vegetable Soup, canned","Soups, Sauces, and Gravies",51.0,2.13,0.21,10.04,2.13,1.9,0.0,1.0,0.0,0.0,0.0,0.0,16.0,0.0,0.0,0.0,0.0,0.0,0.0,0.0,0.0,0.0,0.0,0
campbell's fat free beef gravy,No_descr,"Soups, Sauces, and Gravies",25.0,1.69,0.0,5.08,0.0,0.0,0.0,0.0,0.0,0.0,0.0,0.0,0.0,0.0,0.0,0.0,0.0,0.0,0.0,0.0,0.0,0.0,0.0,0
campbell's country style cream gravy,No_descr,"Soups, Sauces, and Gravies",76.0,1.69,5.08,5.08,1.69,0.0,0.0,0.0,0.0,0.0,0.0,0.0,0.0,0.0,0.0,0.0,0.0,0.0,0.0,0.0,0.0,0.0,0.0,0
campbell's country style sausage gravy,No_descr,"Soups, Sauces, and Gravies",119.0,3.39,10.17,5.08,1.69,0.0,0.0,0.0,0.0,0.0,0.0,0.0,0.0,0.0,0.0,0.0,0.0,0.0,0.0,0.0,0.0,0.0,0.0,0
campbell's fat free chicken gravy,No_descr,"Soups, Sauces, and Gravies",25.0,1.69,0.0,5.08,0.0,0.0,0.0,0.0,0.0,0.0,0.0,0.0,0.0,0.0,0.0,0.0,0.0,0.0,0.0,0.0,0.0,0.0,0.0,0
campbell's golden pork gravy,No_descr,"Soups, Sauces, and Gravies",76.0,1.69,5.08,5.08,1.69,0.0,0.0,0.0,0.0,0.0,0.0,0.0,0.0,0.0,0.0,0.0,0.0,0.0,0.0,0.0,0.0,0.0,0.0,0
campbell's mushroom gravy,No_descr,"Soups, Sauces, and Gravies",34.0,0.0,1.69,5.08,1.69,0.0,0.0,0.0,0.0,0.0,0.0,0.0,0.0,0.0,0.0,0.0,0.0,0.0,0.0,0.0,0.0,0.0,0.0,0
campbell's fat free turkey gravy,No_descr,"Soups, Sauces, and Gravies",33.0,1.67,0.0,6.67,0.0,0.0,0.0,0.0,0.0,0.0,0.0,0.0,0.0,0.0,0.0,0.0,0.0,0.0,0.0,0.0,0.0,0.0,0.0,0
campbell's microwavable beef gravy,No_descr,"Soups, Sauces, and Gravies",42.0,1.69,1.69,5.08,1.69,0.0,0.0,0.0,0.0,0.0,0.0,0.0,0.0,0.0,0.0,0.0,0.0,0.0,0.0,0.0,0.0,0.0,0.0,0
campbell's microwavable chicken gravy,No_descr,"Soups, Sauces, and Gravies",67.0,0.0,5.0,5.0,1.67,0.0,0.0,0.0,0.0,0.0,0.0,0.0,0.0,0.0,0.0,0.0,0.0,0.0,0.0,0.0,0.0,0.0,0.0,0
campbell's turkey gravy,No_descr,"Soups, Sauces, and Gravies",42.0,1.69,1.69,5.08,1.69,0.0,0.0,0.0,0.0,0.0,0.0,0.0,0.0,0.0,0.0,0.0,0.0,0.0,0.0,0.0,0.0,0.0,0.0,0
franco-american fat free slow roast beef gravy,No_descr,"Soups, Sauces, and Gravies",34.0,1.69,0.0,5.08,0.0,0.0,0.0,0.0,0.0,0.0,0.0,0.0,0.0,0.0,0.0,0.0,0.0,0.0,0.0,0.0,0.0,0.0,0.0,0
franco-american fat free slow roast chicken gravy,No_descr,"Soups, Sauces, and Gravies",34.0,1.69,0.0,6.78,0.0,0.0,0.0,0.0,0.0,0.0,0.0,0.0,0.0,0.0,0.0,0.0,0.0,0.0,0.0,0.0,0.0,0.0,0.0,0
franco-american slow roast beef gravy,No_descr,"Soups, Sauces, and Gravies",42.0,1.69,0.85,5.08,0.0,0.0,0.0,0.0,0.0,0.0,0.0,0.0,0.0,0.0,0.0,0.0,0.0,0.0,0.0,0.0,0.0,0.0,0.0,0
franco-american slow roast chicken gravy,No_descr,"Soups, Sauces, and Gravies",34.0,1.69,0.85,5.08,0.0,0.0,0.0,0.0,0.0,0.0,0.0,0.0,0.0,0.0,0.0,0.0,0.0,0.0,0.0,0.0,0.0,0.0,0.0,0
franco-american slow roast turkey gravy,No_descr,"Soups, Sauces, and Gravies",42.0,1.69,0.85,6.78,0.0,0.0,0.0,0.0,0.0,0.0,0.0,0.0,0.0,0.0,0.0,0.0,0.0,0.0,0.0,0.0,0.0,0.0,0.0,0
campbell's microwavable turkey gravy,No_descr,"Soups, Sauces, and Gravies",42.0,1.67,1.67,5.0,1.67,0.0,0.0,0.0,0.0,0.0,0.0,0.0,0.0,0.0,0.0,0.0,0.0,0.0,0.0,0.0,0.0,0.0,0.0,0
campbell's red and white,"Cream of Broccoli Soup, condensed","Soups, Sauces, and Gravies",73.0,1.61,4.03,9.68,2.42,0.8,0.0,1.0,0.0,0.0,0.0,0.0,16.0,0.29,0.0,0.0,0.0,0.0,0.0,0.0,0.0,0.0,0.0,0
campbell's red and white,"Cream of Celery Soup, condensed","Soups, Sauces, and Gravies",73.0,0.81,4.84,7.26,0.81,2.4,0.0,0.0,0.0,0.0,0.0,0.0,16.0,0.0,0.0,0.0,0.0,0.0,0.0,0.0,0.0,0.0,0.0,0
campbell's,"Cream of Chicken Soup, condensed","Soups, Sauces, and Gravies",103.0,1.76,7.98,6.03,0.33,4.1,0.0,0.0,0.0,0.0,0.0,0.0,13.0,0.27,4.0,0.0,28.0,0.14,0.0,0.0,0.0,0.0,0.0,0
campbell's,"Cream of Chicken with Herbs Soup, condensed","Soups, Sauces, and Gravies",65.0,1.61,3.23,7.26,0.81,0.0,0.0,0.0,0.0,0.0,0.0,0.0,0.0,0.0,0.0,0.0,0.0,0.0,0.0,0.0,0.0,0.0,0.0,0
campbell's,"Cream of Mushroom Soup, condensed","Soups, Sauces, and Gravies",81.0,1.29,5.5,6.59,0.4,0.6,0.018,0.5,0.58,0.363,0.017,0.01,8.0,0.16,3.0,0.036,19.0,0.11,0.0,0.0,0.0,2.4e-05,0.0029,0
campbell's,"Cream of Mushroom with Roasted Garlic Soup, condensed","Soups, Sauces, and Gravies",56.0,1.61,2.02,8.06,0.81,1.6,0.0,0.0,0.0,0.0,0.0,0.0,16.0,0.0,0.0,0.0,0.0,0.0,0.0,0.0,0.0,0.0,0.0,0
campbell's red and white,"Cream of Onion Soup, condensed","Soups, Sauces, and Gravies",81.0,0.81,4.84,8.06,3.23,2.4,0.0,0.0,0.0,0.0,0.0,0.0,0.0,0.0,0.0,0.0,0.0,0.0,0.0,0.0,0.0,0.0,0.0,0
campbell's,"Cream of Potato Soup, condensed","Soups, Sauces, and Gravies",71.0,1.51,1.35,13.25,1.44,1.3,0.0,0.2,0.0,0.0,0.0,0.0,17.0,0.34,13.0,0.0,41.0,0.15,0.0,0.0,0.0,0.0,0.0,0
campbell's red and white,"Cream of Shrimp Soup, condensed","Soups, Sauces, and Gravies",81.0,2.42,4.84,6.45,0.0,0.0,0.0,0.0,0.0,0.0,0.0,0.0,0.0,0.0,0.0,0.0,0.0,0.0,0.0,0.0,0.0,0.0,0.0,0
campbell's red and white,"Creamy Chicken Noodle Soup, condensed","Soups, Sauces, and Gravies",97.0,3.23,5.65,8.87,0.81,3.2,0.0,0.0,0.0,0.0,0.0,0.0,16.0,0.29,0.0,0.0,0.0,0.0,0.0,0.0,0.0,0.0,0.0,0
campbell's red and white,"SCOOBY-DOO Soup, condensed","Soups, Sauces, and Gravies",56.0,2.38,1.59,8.73,0.79,0.8,0.0,0.0,0.0,0.0,0.0,0.0,16.0,0.57,0.0,0.0,0.0,0.0,0.0,0.0,0.0,0.0,0.0,0
campbell's red and white,"DOUBLE NOODLE in Chicken Broth Soup, condensed","Soups, Sauces, and Gravies",87.0,2.38,1.59,15.87,0.79,0.8,0.0,0.0,0.0,0.0,0.0,0.0,0.0,0.57,0.0,0.0,0.0,0.0,0.0,0.0,0.0,0.0,0.0,0
campbell's red and white,"Old Fashioned Tomato Rice Soup, condensed","Soups, Sauces, and Gravies",87.0,0.79,1.59,18.25,7.94,0.8,0.0,1.9,0.0,0.0,0.0,0.0,0.0,0.29,0.0,0.0,0.0,0.0,0.0,0.0,0.0,0.0,0.0,0
campbell's red and white,"Fiesta Nacho Cheese Soup, condensed","Soups, Sauces, and Gravies",97.0,2.42,6.45,8.06,1.61,0.8,0.0,0.0,0.0,0.0,0.0,0.0,65.0,0.0,0.0,0.0,0.0,0.0,0.0,0.0,0.0,0.0,0.0,0
campbell's red and white,"French Onion Soup, condensed","Soups, Sauces, and Gravies",36.0,1.59,1.19,4.76,3.17,0.8,0.0,0.0,0.0,0.0,0.0,0.0,16.0,0.0,0.0,0.0,0.0,0.0,0.0,0.0,0.0,0.0,0.0,0
campbell's red and white,"Golden Mushroom Soup, condensed","Soups, Sauces, and Gravies",65.0,1.61,2.82,8.06,0.81,0.8,0.0,0.0,0.0,0.0,0.0,0.0,0.0,0.0,0.0,0.0,0.0,0.0,0.0,0.0,0.0,0.0,0.0,0
campbell's red and white,"GOLDFISH Pasta with Chicken in Chicken Broth, condensed","Soups, Sauces, and Gravies",63.0,2.38,1.59,9.52,0.79,0.8,0.0,0.0,0.0,0.0,0.0,0.0,0.0,0.29,0.0,0.0,0.0,0.0,0.0,0.0,0.0,0.0,0.0,0
soup,"tomato bisque, canned, prepared with equal volume milk","Soups, Sauces, and Gravies",79.0,2.51,2.63,11.73,0.0,0.2,0.056,2.8,0.0,0.499,0.107,0.045,74.0,0.35,10.0,0.103,69.0,0.25,0.025,0.00017,0.009,5.6e-05,0.0,0
soup,"tomato, canned, prepared with equal volume low fat (2%) milk","Soups, Sauces, and Gravies",55.0,2.49,1.3,8.95,6.53,0.6,0.061,6.3,0.18,0.545,0.126,0.039,69.0,0.55,12.0,0.064,62.0,0.37,0.038,0.00028,0.002,7.9e-05,0.0037,0
campbell's red and white,"Green Pea Soup, condensed","Soups, Sauces, and Gravies",141.0,7.03,2.34,21.88,4.69,3.1,0.0,0.0,0.0,0.0,0.0,0.0,16.0,1.13,0.0,0.0,0.0,0.0,0.0,0.0,0.0,0.0,0.0,0
campbell's,"Homestyle Chicken Noodle Soup, condensed","Soups, Sauces, and Gravies",51.0,2.36,1.28,7.53,1.11,0.8,0.0,0.1,0.0,0.0,0.0,0.0,11.0,0.38,8.0,0.0,43.0,0.15,0.0,0.0,0.0,0.0,0.0,0
campbell's red and white,"Manhattan Clam Chowder, condensed","Soups, Sauces, and Gravies",48.0,1.59,0.4,9.52,1.59,1.6,0.0,1.0,0.0,0.0,0.0,0.0,16.0,0.57,0.0,0.0,0.0,0.0,0.0,0.0,0.0,0.0,0.0,0
campbell's red and white,"Mega Noodle in Chicken Broth, condensed","Soups, Sauces, and Gravies",71.0,2.38,1.59,11.9,0.79,0.8,0.0,0.0,0.0,0.0,0.0,0.0,0.0,0.57,0.0,0.0,0.0,0.0,0.0,0.0,0.0,0.0,0.0,0
campbell's red and white,"Minestrone Soup, condensed","Soups, Sauces, and Gravies",71.0,3.17,0.79,13.49,2.38,2.4,0.0,0.0,0.0,0.0,0.0,0.0,16.0,0.86,0.0,0.0,0.0,0.0,0.0,0.0,0.0,0.0,0.0,0
campbell's red and white,"New England Clam Chowder, condensed","Soups, Sauces, and Gravies",71.0,3.17,1.98,10.32,0.79,0.8,0.0,0.0,0.0,0.0,0.0,0.0,16.0,0.57,0.0,0.0,0.0,0.0,0.0,0.0,0.0,0.0,0.0,0
campbell's red and white,"Vegetarian Vegetable Soup, condensed","Soups, Sauces, and Gravies",71.0,2.38,0.4,14.29,4.76,1.6,0.0,0.0,0.0,0.0,0.0,0.0,16.0,0.57,0.0,0.0,0.0,0.0,0.0,0.0,0.0,0.0,0.0,0
campbell's red and white,"Vegetable Soup, condensed","Soups, Sauces, and Gravies",79.0,3.17,0.4,16.67,5.56,2.4,0.0,0.0,0.0,0.0,0.0,0.0,16.0,0.57,0.0,0.0,0.0,0.0,0.0,0.0,0.0,0.0,0.0,0
campbell's,"Vegetable Beef Soup, condensed","Soups, Sauces, and Gravies",65.0,3.79,0.26,11.8,1.7,2.1,0.0,1.2,0.0,0.0,0.0,0.0,13.0,0.6,5.0,0.0,20.0,0.64,0.0,0.0,0.0,0.0,0.0,0
campbell's,"Tomato Soup, condensed","Soups, Sauces, and Gravies",71.0,1.46,0.44,15.22,8.23,1.1,0.0,4.8,0.0,0.858,0.015,0.042,13.0,0.59,14.0,0.138,31.0,0.18,0.0,0.0,0.0,5e-05,0.003,0
campbell's red and white,"Tomato Bisque, condensed","Soups, Sauces, and Gravies",103.0,1.59,2.78,18.25,11.9,0.8,0.0,4.8,0.0,0.0,0.0,0.0,32.0,0.29,0.0,0.0,0.0,0.0,0.0,0.0,0.0,0.0,0.0,0
campbell's red and white,"Split Pea with Ham and Bacon Soup, condensed","Soups, Sauces, and Gravies",141.0,7.81,1.56,23.44,3.13,3.1,0.0,0.0,0.0,0.0,0.0,0.0,16.0,1.13,0.0,0.0,0.0,0.0,0.0,0.0,0.0,0.0,0.0,0
campbell's chunky soups,Baked Potato with Cheddar & Bacon Bits Soup,"Soups, Sauces, and Gravies",78.0,2.04,3.67,9.39,1.25,0.8,0.0,0.0,0.0,0.0,0.0,0.0,16.0,0.29,0.0,0.0,0.0,0.0,0.0,0.0,0.0,0.0,0.0,0
campbell's chunky soups,Baked Potato with Steak & Cheese Soup,"Soups, Sauces, and Gravies",82.0,3.27,4.08,8.57,1.22,1.2,0.0,0.0,0.0,0.0,0.0,0.0,8.0,0.59,0.0,0.0,0.0,0.0,0.0,0.0,0.0,0.0,0.0,0
campbell's chunky soups,Beef Rib Roast with Potatoes & Herbs Soup,"Soups, Sauces, and Gravies",44.0,2.86,0.41,6.94,2.45,0.8,0.0,0.5,0.0,0.0,0.0,0.0,8.0,0.29,0.0,0.0,0.0,0.0,0.0,0.0,0.0,0.0,0.0,0
campbell's chunky soups,Beef with Country Vegetables Soup,"Soups, Sauces, and Gravies",53.0,3.27,1.22,7.35,1.63,1.2,0.0,0.0,0.0,0.0,0.0,0.0,8.0,0.59,0.0,0.0,0.0,0.0,0.0,0.0,0.0,0.0,0.0,0
campbell's chunky soups,Beef with White and Wild Rice Soup,"Soups, Sauces, and Gravies",57.0,3.27,0.61,9.8,2.04,0.8,0.0,0.0,0.0,0.0,0.0,0.0,8.0,0.44,0.0,0.0,0.0,0.0,0.0,0.0,0.0,0.0,0.0,0
campbell's chunky,Creamy Chicken and Dumplings Soup,"Soups, Sauces, and Gravies",66.0,2.32,3.19,7.09,1.09,1.5,0.0,0.0,0.0,0.0,0.0,0.0,16.0,0.49,18.0,0.0,36.0,0.28,0.0,0.0,0.0,0.0,0.0,0
campbell's chunky soups,Chicken Broccoli Cheese & Potato Soup,"Soups, Sauces, and Gravies",86.0,2.86,4.49,8.16,2.45,1.2,0.0,0.0,0.0,0.0,0.0,0.0,8.0,0.0,0.0,0.0,0.0,0.0,0.0,0.0,0.0,0.0,0.0,0
campbell's chunky soups,Chicken Corn Chowder,"Soups, Sauces, and Gravies",82.0,2.86,4.08,8.16,1.22,0.8,0.0,0.0,0.0,0.0,0.0,0.0,8.0,0.29,0.0,0.0,0.0,0.0,0.0,0.0,0.0,0.0,0.0,0
campbell's chunky,Classic Chicken Noodle Soup,"Soups, Sauces, and Gravies",47.0,3.41,1.3,5.41,0.41,1.0,0.0,0.0,0.0,1.352,0.023,0.017,11.0,0.34,7.0,0.058,35.0,0.18,0.0,0.0,0.0,2.5e-05,0.0057,0
campbell's chunky soups,Fajita Chicken with Rice & Beans Soup,"Soups, Sauces, and Gravies",53.0,2.86,0.61,9.39,2.86,0.8,0.0,0.0,0.0,0.0,0.0,0.0,8.0,0.44,0.0,0.0,0.0,0.0,0.0,0.0,0.0,0.0,0.0,0
campbell's chunky soups,Firehouse - Hot & Spicy Beef & Bean Chili,"Soups, Sauces, and Gravies",95.0,6.12,3.27,10.2,2.86,2.4,0.0,0.5,0.0,0.0,0.0,0.0,16.0,0.73,0.0,0.0,0.0,0.0,0.0,0.0,0.0,0.0,0.0,0
campbell's chunky soups,Grilled Chicken & Sausage Gumbo Soup,"Soups, Sauces, and Gravies",57.0,2.86,1.22,8.57,1.63,0.8,0.0,0.0,0.0,0.0,0.0,0.0,8.0,0.15,0.0,0.0,0.0,0.0,0.0,0.0,0.0,0.0,0.0,0
campbell's chunky soups,Grilled Chicken with Vegetables & Pasta Soup,"Soups, Sauces, and Gravies",41.0,2.45,1.02,5.71,0.82,0.8,0.0,0.0,0.0,0.0,0.0,0.0,8.0,0.15,0.0,0.0,0.0,0.0,0.0,0.0,0.0,0.0,0.0,0
soup,"cream of asparagus, canned, prepared with equal volume water","Soups, Sauces, and Gravies",35.0,0.94,1.68,4.38,0.0,0.2,0.005,1.1,0.0,0.319,0.032,0.022,12.0,0.33,2.0,0.154,16.0,0.36,0.015,2e-05,0.009,5.1e-05,0.0,0
soup,"black bean, canned, prepared with equal volume water","Soups, Sauces, and Gravies",46.0,2.42,0.66,7.71,1.24,3.4,0.035,0.1,0.18,0.205,0.02,0.021,19.0,0.75,17.0,0.25,38.0,0.55,0.011,0.0,0.033,0.000155,0.0,0
campbell's chunky soups,Grilled Sirloin Steak with Hearty Vegetables Soup,"Soups, Sauces, and Gravies",51.0,3.27,0.82,7.76,1.63,1.6,0.0,0.5,0.0,0.0,0.0,0.0,8.0,0.44,0.0,0.0,0.0,0.0,0.0,0.0,0.0,0.0,0.0,0
soup,"bean with pork, canned, prepared with equal volume water","Soups, Sauces, and Gravies",63.0,2.88,2.16,8.31,1.47,2.9,0.015,0.6,0.43,0.206,0.012,0.032,31.0,0.75,17.0,0.245,48.0,0.38,0.017,1e-05,0.012,0.000152,0.0031,0
campbell's chunky,HEALTHY REQUEST Chicken Noodle Soup,"Soups, Sauces, and Gravies",41.0,2.97,0.97,5.88,1.12,0.8,0.0,0.5,0.0,0.0,0.0,0.0,12.0,0.34,8.0,0.0,36.0,0.47,0.0,0.0,0.0,0.0,0.0,0
soup,"bean with frankfurters, canned, prepared with equal volume water","Soups, Sauces, and Gravies",75.0,3.99,2.79,8.8,0.0,0.0,0.053,0.4,0.0,0.41,0.026,0.044,35.0,0.94,19.0,0.315,66.0,0.47,0.017,3e-05,0.012,0.000158,0.0034,0
campbell's chunky soups,HEALTHY REQUEST Vegetable Soup,"Soups, Sauces, and Gravies",49.0,1.63,0.41,9.8,3.27,1.6,0.0,0.0,0.0,0.0,0.0,0.0,24.0,0.44,0.0,0.0,0.0,0.0,0.0,0.0,0.0,0.0,0.0,0
soup,"beef noodle, canned, prepared with equal volume water","Soups, Sauces, and Gravies",34.0,1.93,1.23,3.58,1.03,0.3,0.015,0.2,0.5,0.425,0.024,0.028,8.0,0.44,3.0,0.109,19.0,0.62,0.005,8e-05,0.012,6e-05,0.003,0
soup,"cream of celery, canned, prepared with equal volume water","Soups, Sauces, and Gravies",37.0,0.68,2.29,3.62,0.0,0.3,0.005,0.1,0.0,0.136,0.02,0.012,16.0,0.26,3.0,0.103,15.0,0.06,0.0,0.0001,0.001,5.8e-05,0.0009,0
soup,"cheese, canned, prepared with equal volume water","Soups, Sauces, and Gravies",63.0,2.19,4.24,4.26,0.0,0.4,0.01,0.0,0.0,0.161,0.055,0.007,57.0,0.3,2.0,0.104,55.0,0.26,0.12,0.0,0.002,5.2e-05,0.0018,0
soup,"chicken with dumplings, canned, prepared with equal volume water","Soups, Sauces, and Gravies",40.0,2.33,2.29,2.51,0.33,0.2,0.015,0.0,0.23,0.727,0.03,0.007,6.0,0.26,2.0,0.203,25.0,0.15,0.019,7.000000000000001e-05,0.001,5.1e-05,0.0049,0
soup,"chicken broth, canned, prepared with equal volume water","Soups, Sauces, and Gravies",16.0,2.02,0.57,0.38,0.29,0.0,0.01,0.0,0.02,1.372,0.029,0.004,4.0,0.21,1.0,0.102,30.0,0.1,0.0,0.0001,0.002,5.1e-05,0.0,0
campbell's chunky soups,Hearty Bean 'N' Ham Soup,"Soups, Sauces, and Gravies",74.0,4.49,0.82,12.24,2.04,3.3,0.0,0.0,0.0,0.0,0.0,0.0,24.0,0.73,0.0,0.0,0.0,0.0,0.0,0.0,0.0,0.0,0.0,0
campbell's chunky soups,Hearty Beef Barley Soup,"Soups, Sauces, and Gravies",65.0,3.67,0.82,10.61,2.04,1.6,0.0,0.5,0.0,0.0,0.0,0.0,8.0,0.44,0.0,0.0,0.0,0.0,0.0,0.0,0.0,0.0,0.0,0
soup,"cream of chicken, canned, prepared with equal volume water","Soups, Sauces, and Gravies",48.0,1.41,3.02,3.8,0.0,0.1,0.007,0.1,0.0,0.336,0.025,0.012,14.0,0.25,1.0,0.154,15.0,0.26,0.067,4e-05,0.001,5.1e-05,0.0,0
soup,"chicken gumbo, canned, prepared with equal volume water","Soups, Sauces, and Gravies",23.0,1.08,0.59,3.43,1.02,0.8,0.026,2.0,0.15,0.272,0.02,0.01,10.0,0.37,2.0,0.103,10.0,0.15,0.003,1e-05,0.002,5.1e-05,0.0033,0
campbell's chunky soups,Hearty Chicken with Vegetables Soup,"Soups, Sauces, and Gravies",45.0,2.45,0.82,6.94,1.22,1.2,0.0,0.0,0.0,0.0,0.0,0.0,8.0,0.0,0.0,0.0,0.0,0.0,0.0,0.0,0.0,0.0,0.0,0
soup,"chicken noodle, canned, prepared with equal volume water","Soups, Sauces, and Gravies",25.0,1.27,0.95,2.95,0.27,0.2,0.02,0.0,0.03,0.54,0.045,0.055,6.0,0.66,4.0,0.051,17.0,0.16,0.011,2e-05,0.012,6.4e-05,0.0048,0
soup,"chicken with rice, canned, prepared with equal volume water","Soups, Sauces, and Gravies",24.0,1.45,0.78,2.92,0.08,0.3,0.01,0.1,0.03,0.459,0.01,0.007,9.0,0.31,0.0,0.15,9.0,0.11,0.009,7.000000000000001e-05,0.0,5.3e-05,0.0021,0
soup,"chili beef, canned, prepared with equal volume water","Soups, Sauces, and Gravies",57.0,2.49,1.24,9.23,2.49,1.2,0.059,1.5,0.53,0.398,0.028,0.022,18.0,0.79,10.0,0.392,55.0,0.77,0.028,0.00015,0.004,0.000152,0.0024,0
soup,"clam chowder, manhattan, canned, prepared with equal volume water","Soups, Sauces, and Gravies",30.0,0.85,0.86,4.77,1.32,0.6,0.039,1.6,0.5,0.318,0.016,0.012,11.0,0.64,4.0,0.147,16.0,0.36,0.02,0.00158,0.004,5.4e-05,0.0037,0
campbell's chunky soups,Manhattan Clam Chowder,"Soups, Sauces, and Gravies",52.0,2.04,1.43,7.76,1.63,1.2,0.0,0.0,0.0,0.0,0.0,0.0,16.0,0.44,0.0,0.0,0.0,0.0,0.0,0.0,0.0,0.0,0.0,0
soup,"clam chowder, new england, canned, prepared with equal volume water","Soups, Sauces, and Gravies",35.0,1.55,1.01,5.05,0.19,0.3,0.051,2.0,0.2,0.759,0.081,0.061,9.0,1.22,7.0,0.081,127.0,0.18,0.008,0.00463,0.007,0.000122,0.0031,0
campbell's chunky,New England Clam Chowder,"Soups, Sauces, and Gravies",81.0,2.46,3.85,9.01,0.0,1.2,0.0,0.4,0.0,0.47,0.015,0.015,12.0,0.55,11.0,0.069,40.0,0.27,0.0,0.0,0.0,3.3e-05,0.003,0
soup,"beef broth, bouillon, consomme, prepared with equal volume water","Soups, Sauces, and Gravies",12.0,2.22,0.0,0.73,0.0,0.0,0.01,0.4,0.0,0.295,0.012,0.009,4.0,0.22,0.0,0.152,13.0,0.15,0.0,0.0,0.001,0.000102,0.0,0
campbell's chunky soups,Old Fashioned Potato Ham Chowder,"Soups, Sauces, and Gravies",78.0,2.45,4.49,6.94,0.41,1.2,0.0,1.0,0.0,0.0,0.0,0.0,8.0,0.15,0.0,0.0,0.0,0.0,0.0,0.0,0.0,0.0,0.0,0
campbell's chunky soups,Old Fashioned Vegetable Beef Soup,"Soups, Sauces, and Gravies",49.0,3.16,1.23,6.24,1.15,1.3,0.0,0.0,0.0,1.002,0.016,0.015,17.0,0.54,10.0,0.07,48.0,0.59,0.0,0.0,0.0,2.7e-05,0.003,0
campbell's chunky soups,Roadhouse - Beef & Bean Chili,"Soups, Sauces, and Gravies",95.0,6.12,3.27,10.2,2.86,2.4,0.0,0.5,0.0,0.0,0.0,0.0,16.0,0.73,0.0,0.0,0.0,0.0,0.0,0.0,0.0,0.0,0.0,0
campbell's chunky soups,Salisbury Steak with Mushrooms & Onions Soup,"Soups, Sauces, and Gravies",57.0,2.86,1.84,7.76,2.45,0.8,0.0,0.0,0.0,0.0,0.0,0.0,8.0,0.44,0.0,0.0,0.0,0.0,0.0,0.0,0.0,0.0,0.0,0
campbell's chunky soups,Savory Chicken with White & Wild Rice Soup,"Soups, Sauces, and Gravies",45.0,2.86,0.82,7.35,0.41,0.8,0.0,0.0,0.0,0.0,0.0,0.0,8.0,0.0,0.0,0.0,0.0,0.0,0.0,0.0,0.0,0.0,0.0,0
soup,"minestrone, canned, prepared with equal volume water","Soups, Sauces, and Gravies",34.0,1.77,1.04,4.66,0.0,0.4,0.041,0.5,0.0,0.391,0.018,0.022,14.0,0.38,3.0,0.152,23.0,0.31,0.049,0.0,0.021,5.1e-05,0.0,0
campbell's chunky soups,Savory Pot Roast Soup,"Soups, Sauces, and Gravies",49.0,2.86,0.41,8.16,1.63,0.8,0.0,0.5,0.0,0.0,0.0,0.0,8.0,0.29,0.0,0.0,0.0,0.0,0.0,0.0,0.0,0.0,0.0,0
soup,"mushroom barley, canned, prepared with equal volume water","Soups, Sauces, and Gravies",30.0,0.77,0.93,4.8,0.0,0.3,0.07,0.0,0.0,0.36,0.036,0.01,5.0,0.21,4.0,0.05,25.0,0.2,0.004,0.0,0.002,0.0001,0.0,0
soup,"cream of mushroom, canned, prepared with equal volume water","Soups, Sauces, and Gravies",39.0,0.66,2.59,3.33,0.2,0.3,0.007,0.0,0.24,0.169,0.008,0.006,7.0,0.09,2.0,0.018,12.0,0.06,0.001,0.0,0.001,1.6e-05,0.0014,0
soup,"mushroom with beef stock, canned, prepared with equal volume water","Soups, Sauces, and Gravies",35.0,1.29,1.65,3.81,0.0,0.3,0.015,0.4,0.0,0.494,0.039,0.014,4.0,0.34,4.0,0.154,15.0,0.57,0.026,0.0,0.004,0.000103,0.0,0
soup,"cream of onion, canned, prepared with equal volume water","Soups, Sauces, and Gravies",44.0,1.13,2.16,5.2,0.0,0.4,0.01,0.5,0.0,0.206,0.031,0.021,14.0,0.26,2.0,0.1,15.0,0.06,0.006,2e-05,0.003,6e-05,0.0,0
campbell's chunky soups,Savory Vegetable Soup,"Soups, Sauces, and Gravies",44.0,1.22,0.41,8.98,2.45,1.6,0.0,0.0,0.0,0.0,0.0,0.0,16.0,0.29,0.0,0.0,0.0,0.0,0.0,0.0,0.0,0.0,0.0,0
soup,"oyster stew, canned, prepared with equal volume water","Soups, Sauces, and Gravies",24.0,0.87,1.59,1.69,0.0,0.0,0.005,1.3,0.0,0.097,0.015,0.009,9.0,0.41,2.0,0.152,20.0,4.27,0.008,0.00091,0.001,0.000661,0.0,0
soup,"pea, green, canned, prepared with equal volume water","Soups, Sauces, and Gravies",61.0,3.2,1.09,9.88,3.19,1.9,0.02,0.6,0.09,0.462,0.025,0.04,12.0,0.73,15.0,0.245,47.0,0.64,0.003,0.0,0.001,0.000146,0.0036,0
soup,"pea, split with ham, canned, prepared with equal volume water","Soups, Sauces, and Gravies",75.0,4.08,1.74,11.05,0.0,0.9,0.027,0.6,0.0,0.583,0.03,0.058,9.0,0.9,19.0,0.265,84.0,0.52,0.009,0.0001,0.001,0.000146,0.0,0
soup,"cream of potato, canned, prepared with equal volume water","Soups, Sauces, and Gravies",30.0,0.72,0.97,4.7,0.0,0.2,0.015,0.0,0.0,0.221,0.015,0.014,8.0,0.2,1.0,0.154,19.0,0.26,0.029,2e-05,0.001,0.000103,0.0,0
campbell's chunky soups,Grilled Steak- Steak Chili with Beans,"Soups, Sauces, and Gravies",81.0,6.53,1.22,11.02,3.67,2.9,0.0,0.5,0.0,0.0,0.0,0.0,16.0,0.73,0.0,0.0,0.0,0.0,0.0,0.0,0.0,0.0,0.0,0
soup,"cream of shrimp, canned, prepared with equal volume water","Soups, Sauces, and Gravies",36.0,1.11,2.07,3.27,0.24,0.1,0.015,0.0,0.0,0.17,0.011,0.008,9.0,0.21,4.0,0.15,13.0,0.3,0.016,0.0002399999999999,0.002,5.5e-05,0.0023,0
campbell's chunky soups,Slow Roasted Beef with Mushrooms Soup,"Soups, Sauces, and Gravies",48.0,3.27,0.61,7.35,2.04,1.2,0.0,0.5,0.0,0.0,0.0,0.0,8.0,0.44,0.0,0.0,0.0,0.0,0.0,0.0,0.0,0.0,0.0,0
campbell's chunky soups,Split Pea 'N' Ham Soup,"Soups, Sauces, and Gravies",78.0,4.9,1.02,12.24,2.04,2.0,0.0,1.0,0.0,0.0,0.0,0.0,8.0,0.59,0.0,0.0,0.0,0.0,0.0,0.0,0.0,0.0,0.0,0
soup,"tomato beef with noodle, canned, prepared with equal volume water","Soups, Sauces, and Gravies",56.0,1.78,1.71,8.44,0.73,0.6,0.035,0.0,0.31,0.745,0.036,0.034,9.0,0.45,3.0,0.1,23.0,0.3,0.012,8e-05,0.011,5.5e-05,0.002,0
campbell's chunky soups,Steak 'N' Potato Soup,"Soups, Sauces, and Gravies",49.0,3.27,0.82,7.35,0.41,1.2,0.0,0.0,0.0,0.0,0.0,0.0,0.0,0.44,0.0,0.0,0.0,0.0,0.0,0.0,0.0,0.0,0.0,0
soup,"tomato rice, canned, prepared with equal volume water","Soups, Sauces, and Gravies",47.0,0.82,1.06,8.54,2.95,0.7,0.03,5.8,0.86,0.411,0.02,0.024,11.0,0.31,2.0,0.15,13.0,0.2,0.012,0.0,0.006,5.5e-05,0.0009,0
soup,"turkey noodle, canned, prepared with equal volume water","Soups, Sauces, and Gravies",28.0,1.6,0.82,3.54,0.0,0.3,0.015,0.1,0.0,0.572,0.026,0.03,5.0,0.39,2.0,0.103,20.0,0.24,0.006,6e-05,0.013,5.1e-05,0.0044,0
soup,"turkey vegetable, canned, prepared with equal volume water","Soups, Sauces, and Gravies",30.0,1.28,1.26,3.58,0.0,0.2,0.02,0.0,0.0,0.417,0.016,0.012,7.0,0.32,2.0,0.102,17.0,0.25,0.051,7.000000000000001e-05,0.002,5.1e-05,0.0,0
soup,"vegetarian vegetable, canned, prepared with equal volume water","Soups, Sauces, and Gravies",28.0,0.86,0.79,4.89,1.57,0.3,0.023,0.6,0.58,0.374,0.019,0.022,10.0,0.44,3.0,0.188,14.0,0.19,0.071,0.0,0.004,5.5e-05,0.0018,0
campbell's low sodium soups,Chicken Broth,"Soups, Sauces, and Gravies",10.0,1.01,0.34,0.34,0.34,0.0,0.0,0.0,0.0,0.0,0.0,0.0,0.0,0.0,0.0,0.0,0.0,0.0,0.0,0.0,0.0,0.0,0.0,0
soup,"vegetable beef, canned, prepared with equal volume water","Soups, Sauces, and Gravies",31.0,2.23,0.76,4.06,0.45,0.8,0.03,1.0,0.24,0.412,0.02,0.015,8.0,0.45,3.0,0.125,16.0,0.62,0.078,0.00013,0.004,7.7e-05,0.0011,0
soup,"vegetable with beef broth, canned, prepared with equal volume water","Soups, Sauces, and Gravies",33.0,1.21,0.78,5.35,0.82,0.7,0.023,1.0,0.06,0.395,0.019,0.021,9.0,0.4,3.0,0.138,16.0,0.33,0.043,0.0,0.004,6.7e-05,0.0011,0
soup,"beef broth or bouillon, powder, prepared with water","Soups, Sauces, and Gravies",3.0,0.21,0.08,0.25,0.2,0.0,0.003,0.0,0.01,0.049,0.003,0.002,4.0,0.02,2.0,0.006,3.0,0.01,0.0,1e-05,0.0,1e-05,0.0003,0
soup,"beef broth, cubed, prepared with water","Soups, Sauces, and Gravies",3.0,0.21,0.08,0.25,0.2,0.0,0.003,0.0,0.01,0.049,0.003,0.002,4.0,0.02,2.0,0.006,3.0,0.01,0.0,1e-05,0.0,1e-05,0.0003,0
soup,"chicken broth or bouillon, dry, prepared with water","Soups, Sauces, and Gravies",4.0,0.28,0.23,0.3,0.29,0.0,0.002,0.0,0.01,0.041,0.007,0.002,6.0,0.02,2.0,0.003,3.0,0.01,0.0,0.0,0.001,1e-05,0.0005,0
soup,"chicken broth cubes, dry, prepared with water","Soups, Sauces, and Gravies",5.0,0.39,0.12,0.62,0.0,0.0,0.0,0.0,0.0,0.103,0.01,0.005,5.0,0.05,1.0,0.01,5.0,0.01,0.001,1e-05,0.001,0.0,0.0,0
campbell's low sodium soups,Chicken with Noodles Soup,"Soups, Sauces, and Gravies",52.0,3.93,1.48,5.57,1.31,0.7,0.0,0.0,0.0,0.0,0.0,0.0,7.0,0.35,0.0,0.0,0.0,0.0,0.0,0.0,0.0,0.0,0.0,0
soup,"cream of chicken, dry, mix, prepared with water","Soups, Sauces, and Gravies",41.0,0.68,2.04,5.11,1.59,0.1,0.02,0.2,0.23,1.0,0.078,0.04,29.0,0.1,2.0,0.3,37.0,0.6,0.008,0.0001,0.002,0.0001,0.0031,0
campbell's low sodium soups,Cream of Mushroom Soup,"Soups, Sauces, and Gravies",54.0,1.01,2.68,6.38,2.01,0.0,0.0,0.0,0.0,0.0,0.0,0.0,13.0,0.0,0.0,0.0,0.0,0.0,0.0,0.0,0.0,0.0,0.0,0
soup,"consomme with gelatin, dry, mix, prepared with water","Soups, Sauces, and Gravies",7.0,0.87,0.08,0.78,0.45,0.0,0.011,0.1,0.01,0.506,0.07,0.047,5.0,0.09,3.0,0.012,6.0,0.02,0.0,2e-05,0.005,2.2e-05,0.0008,0
soup,"onion, dry, mix, prepared with water","Soups, Sauces, and Gravies",12.0,0.32,0.01,2.77,0.2,0.3,0.025,0.1,0.01,0.063,0.012,0.012,9.0,0.05,4.0,0.029,9.0,0.05,0.0,0.0,0.0,2.5e-05,0.0002,0
campbell's red and white - microwaveable bowls,Chicken Noodle Soup,"Soups, Sauces, and Gravies",30.0,1.63,0.82,4.08,0.0,0.4,0.0,0.0,0.0,0.0,0.0,0.0,0.0,0.29,0.0,0.0,0.0,0.0,0.0,0.0,0.0,0.0,0.0,0
soup,"tomato, dry, mix, prepared with water","Soups, Sauces, and Gravies",38.0,0.93,0.61,7.17,3.9,0.4,0.058,2.0,0.22,0.926,0.175,0.105,29.0,0.18,10.0,0.036,33.0,0.13,0.02,6e-05,0.011,3.4e-05,0.0011,0
campbell's red and white - microwaveable bowls,Chicken Rice Soup,"Soups, Sauces, and Gravies",30.0,0.82,0.41,5.71,0.41,0.4,0.0,0.0,0.0,0.0,0.0,0.0,8.0,0.29,0.0,0.0,0.0,0.0,0.0,0.0,0.0,0.0,0.0,0
campbell's red and white - microwaveable bowls,Creamy Tomato Soup,"Soups, Sauces, and Gravies",64.0,1.22,2.04,10.2,6.53,1.2,0.0,2.4,0.0,0.0,0.0,0.0,16.0,0.15,0.0,0.0,0.0,0.0,0.0,0.0,0.0,0.0,0.0,0
campbell's red and white - microwaveable bowls,Tomato Soup,"Soups, Sauces, and Gravies",44.0,1.22,0.0,9.8,7.35,1.2,0.0,2.4,0.0,0.0,0.0,0.0,8.0,0.15,0.0,0.0,0.0,0.0,0.0,0.0,0.0,0.0,0.0,0
campbell's red and white - microwaveable bowls,Vegetable Beef Soup,"Soups, Sauces, and Gravies",34.0,2.04,0.2,6.12,0.82,1.2,0.0,0.0,0.0,0.0,0.0,0.0,0.0,0.15,0.0,0.0,0.0,0.0,0.0,0.0,0.0,0.0,0.0,0
campbell's homestyle butternut squash bisque,No_descr,"Soups, Sauces, and Gravies",45.0,0.41,1.22,7.76,4.9,0.4,0.0,0.0,0.0,0.0,0.0,0.0,8.0,0.15,0.0,0.0,0.0,0.0,0.0,0.0,0.0,0.0,0.0,0
soup,"chicken noodle, dry, mix, prepared with water","Soups, Sauces, and Gravies",23.0,0.84,0.55,3.67,0.31,0.1,0.01,0.0,0.05,0.431,0.03,0.081,2.0,0.2,3.0,0.032,12.0,0.08,0.001,2e-05,0.011,1.4e-05,0.0038,0
campbell's homestlye light new england clam chowder,No_descr,"Soups, Sauces, and Gravies",49.0,2.45,1.63,6.12,0.41,0.8,0.0,0.0,0.0,0.0,0.0,0.0,8.0,0.59,0.0,0.0,0.0,0.0,0.0,0.0,0.0,0.0,0.0,0
campbell's homestyle healthy request mexican style chicken tortilla,No_descr,"Soups, Sauces, and Gravies",53.0,2.86,1.02,7.76,1.22,1.2,0.0,0.5,0.0,0.0,0.0,0.0,16.0,0.44,0.0,0.0,0.0,0.0,0.0,0.0,0.0,0.0,0.0,0
campbell's homestyle italian-style wedding soup,No_descr,"Soups, Sauces, and Gravies",49.0,2.86,1.43,6.12,1.22,0.8,0.0,0.0,0.0,0.0,0.0,0.0,16.0,0.44,0.0,0.0,0.0,0.0,0.0,0.0,0.0,0.0,0.0,0
campbell's homestyle mexican style chicken tortilla soup,No_descr,"Soups, Sauces, and Gravies",53.0,2.86,0.82,8.16,1.63,1.2,0.0,0.0,0.0,0.0,0.0,0.0,8.0,0.15,0.0,0.0,0.0,0.0,0.0,0.0,0.0,0.0,0.0,0
campbell's homestyle minestrone soup,No_descr,"Soups, Sauces, and Gravies",41.0,1.63,0.41,7.35,2.45,1.6,0.0,0.0,0.0,0.0,0.0,0.0,16.0,0.44,0.0,0.0,0.0,0.0,0.0,0.0,0.0,0.0,0.0,0
campbell's homestyle new england clam chowder,No_descr,"Soups, Sauces, and Gravies",70.0,2.33,4.23,5.68,0.0,0.8,0.0,0.0,0.0,0.422,0.015,0.015,14.0,0.56,13.0,0.076,31.0,0.27,0.0,0.0,0.0,2.5e-05,0.0043,0
campbell's homestyle potato broccoli cheese soup,No_descr,"Soups, Sauces, and Gravies",65.0,1.22,3.67,6.94,1.22,1.2,0.0,1.0,0.0,0.0,0.0,0.0,16.0,0.29,0.0,0.0,0.0,0.0,0.0,0.0,0.0,0.0,0.0,0
soup,"beef mushroom, canned, prepared with equal volume water","Soups, Sauces, and Gravies",30.0,2.37,1.23,2.6,0.0,0.1,0.02,1.9,0.0,0.391,0.023,0.016,2.0,0.36,4.0,0.2,14.0,0.6,0.0,8e-05,0.004,0.0001,0.0,0
campbell's homestyle chicken with white & wild rice soup,No_descr,"Soups, Sauces, and Gravies",41.0,2.45,0.41,6.94,1.22,0.4,0.0,0.0,0.0,0.0,0.0,0.0,8.0,0.15,0.0,0.0,0.0,0.0,0.0,0.0,0.0,0.0,0.0,0
soup,"chicken mushroom, canned, prepared with equal volume water","Soups, Sauces, and Gravies",54.0,1.8,3.75,3.8,0.0,0.1,0.02,0.0,0.0,0.668,0.046,0.01,12.0,0.36,4.0,0.1,11.0,0.4,0.023,2e-05,0.0,0.0001,0.0,0
soup,"tomato bisque, canned, prepared with equal volume water","Soups, Sauces, and Gravies",50.0,0.92,1.02,9.6,0.0,0.2,0.036,2.4,0.0,0.465,0.029,0.027,16.0,0.33,4.0,0.104,24.0,0.24,0.018,0.0,0.006,5.2e-05,0.0,0
soup,"tomato, canned, prepared with equal volume water, commercial","Soups, Sauces, and Gravies",30.0,0.79,0.28,6.57,3.97,0.6,0.042,6.3,0.17,0.505,0.031,0.019,8.0,0.54,7.0,0.058,14.0,0.12,0.01,0.0,0.0,8.3e-05,0.0025,0
campbell's homestyle vegetable medley soup,No_descr,"Soups, Sauces, and Gravies",37.0,1.22,0.2,7.35,3.27,1.2,0.0,0.0,0.0,0.0,0.0,0.0,16.0,0.29,0.0,0.0,0.0,0.0,0.0,0.0,0.0,0.0,0.0,0
soup,"ramen noodle, any flavor, dry","Soups, Sauces, and Gravies",440.0,10.17,17.59,60.26,1.98,2.9,0.038,0.3,2.44,5.401,0.255,0.448,21.0,4.11,25.0,0.63,115.0,0.6,0.001,0.00025,0.165,0.000126,0.0231,3
soup,"broccoli cheese, canned, condensed, commercial","Soups, Sauces, and Gravies",87.0,2.1,5.3,7.7,2.12,1.8,0.064,2.0,0.72,0.248,0.04,0.02,41.0,0.3,13.0,0.0,42.0,0.26,0.066,2e-05,0.04,3e-05,0.0015,0
campbell's soup on the go,Vegetable with Mini Round Noodles Soup,"Soups, Sauces, and Gravies",33.0,0.66,0.16,6.89,4.59,0.3,0.0,0.4,0.0,0.0,0.0,0.0,7.0,0.24,0.0,0.0,0.0,0.0,0.0,0.0,0.0,0.0,0.0,0
campbell's soup on the go,Chicken & Stars Soup,"Soups, Sauces, and Gravies",23.0,0.98,0.49,3.28,0.33,0.3,0.0,1.2,0.0,0.0,0.0,0.0,7.0,0.12,0.0,0.0,0.0,0.0,0.0,0.0,0.0,0.0,0.0,0
campbell's soup on the go,Chicken with Mini Noodles Soup,"Soups, Sauces, and Gravies",26.0,1.31,0.66,3.61,0.66,0.7,0.0,0.8,0.0,0.0,0.0,0.0,0.0,0.0,0.0,0.0,0.0,0.0,0.0,0.0,0.0,0.0,0.0,0
campbell's soup on the go,Classic Tomato Soup,"Soups, Sauces, and Gravies",46.0,0.98,0.16,10.16,6.56,0.7,0.0,11.8,0.0,0.0,0.0,0.0,0.0,0.12,0.0,0.0,0.0,0.0,0.0,0.0,0.0,0.0,0.0,0
campbell's soup on the go,Creamy Broccoli Soup,"Soups, Sauces, and Gravies",52.0,0.66,3.61,4.26,1.31,1.0,0.0,0.0,0.0,0.0,0.0,0.0,13.0,0.12,0.0,0.0,0.0,0.0,0.0,0.0,0.0,0.0,0.0,0
campbell's soup on the go,Creamy Chicken Soup,"Soups, Sauces, and Gravies",43.0,0.98,2.95,3.28,0.33,0.7,0.0,0.0,0.0,0.0,0.0,0.0,0.0,0.0,0.0,0.0,0.0,0.0,0.0,0.0,0.0,0.0,0.0,0
campbell's soup on the go,Creamy Tomato Soup,"Soups, Sauces, and Gravies",59.0,0.98,1.64,9.84,7.21,0.7,0.0,9.8,0.0,0.0,0.0,0.0,13.0,0.12,0.0,0.0,0.0,0.0,0.0,0.0,0.0,0.0,0.0,0
campbell's soup on the go,New England Clam Chowder,"Soups, Sauces, and Gravies",52.0,0.66,3.61,4.26,0.66,1.0,0.0,0.0,0.0,0.0,0.0,0.0,7.0,0.24,0.0,0.0,0.0,0.0,0.0,0.0,0.0,0.0,0.0,0
campbell's soup on the go,Vegetable Beef Soup,"Soups, Sauces, and Gravies",20.0,0.98,0.33,3.28,1.64,0.3,0.0,0.0,0.0,0.0,0.0,0.0,7.0,0.12,0.0,0.0,0.0,0.0,0.0,0.0,0.0,0.0,0.0,0
campbell's soup on the go,Cheesy Potato with Bacon Flavor Soup,"Soups, Sauces, and Gravies",43.0,0.66,1.97,5.25,1.31,0.3,0.0,0.0,0.0,0.0,0.0,0.0,7.0,0.12,0.0,0.0,0.0,0.0,0.0,0.0,0.0,0.0,0.0,0
pace,Chipotle Chunky Salsa,"Soups, Sauces, and Gravies",25.0,0.0,0.0,6.25,6.25,3.1,0.0,0.0,0.0,0.0,0.0,0.0,0.0,0.0,0.0,0.0,0.0,0.0,0.0,0.0,0.0,0.0,0.0,0
pace,Cilantro Chunky Salsa,"Soups, Sauces, and Gravies",25.0,0.0,0.0,6.25,6.25,3.1,0.0,0.0,0.0,0.0,0.0,0.0,0.0,0.0,0.0,0.0,0.0,0.0,0.0,0.0,0.0,0.0,0.0,0
pace,Enchilada Sauce,"Soups, Sauces, and Gravies",40.0,1.67,0.0,8.33,6.67,1.7,0.0,2.0,0.0,0.0,0.0,0.0,0.0,0.6,0.0,0.0,0.0,0.0,0.0,0.0,0.0,0.0,0.0,0
pace,Green Taco Sauce,"Soups, Sauces, and Gravies",25.0,0.0,0.0,6.25,6.25,0.0,0.0,0.0,0.0,0.0,0.0,0.0,0.0,0.0,0.0,0.0,0.0,0.0,0.0,0.0,0.0,0.0,0.0,0
pace,Lime & Garlic Chunky Salsa,"Soups, Sauces, and Gravies",38.0,0.0,0.0,9.38,6.25,3.1,0.0,5.6,0.0,0.0,0.0,0.0,0.0,0.0,0.0,0.0,0.0,0.0,0.0,0.0,0.0,0.0,0.0,0
pace,Organic Picante Sauce,"Soups, Sauces, and Gravies",25.0,0.0,0.0,6.25,6.25,3.1,0.0,0.0,0.0,0.0,0.0,0.0,0.0,0.0,0.0,0.0,0.0,0.0,0.0,0.0,0.0,0.0,0.0,0
pace,Picante Sauce,"Soups, Sauces, and Gravies",25.0,0.0,0.0,6.25,6.25,3.1,0.0,0.0,0.0,0.0,0.0,0.0,0.0,0.0,0.0,0.0,0.0,0.0,0.0,0.0,0.0,0.0,0.0,0
pace,Red Taco Sauce,"Soups, Sauces, and Gravies",50.0,0.0,0.0,12.5,6.25,0.0,0.0,0.0,0.0,0.0,0.0,0.0,0.0,0.0,0.0,0.0,0.0,0.0,0.0,0.0,0.0,0.0,0.0,0
pace,Thick & Chunky Salsa,"Soups, Sauces, and Gravies",25.0,0.0,0.0,6.25,6.25,3.1,0.0,0.0,0.0,0.0,0.0,0.0,0.0,0.0,0.0,0.0,0.0,0.0,0.0,0.0,0.0,0.0,0.0,0
swanson broth,Certified Organic Vegetable Broth,"Soups, Sauces, and Gravies",5.0,0.0,0.0,1.28,0.85,0.0,0.0,0.0,0.0,0.0,0.0,0.0,0.0,0.0,0.0,0.0,0.0,0.0,0.0,0.0,0.0,0.0,0.0,0
swanson broth,Vegetable Broth,"Soups, Sauces, and Gravies",5.0,0.0,0.0,1.28,0.85,0.0,0.0,0.0,0.0,0.0,0.0,0.0,0.0,0.0,0.0,0.0,0.0,0.0,0.0,0.0,0.0,0.0,0.0,0
campbell's homestyle light italian-style wedding soup,No_descr,"Soups, Sauces, and Gravies",33.0,2.45,0.61,4.49,0.82,0.4,0.0,0.0,0.0,0.0,0.0,0.0,16.0,0.44,0.0,0.0,0.0,0.0,0.0,0.0,0.0,0.0,0.0,0
sauce,"peanut, made from coconut, water, sugar, peanuts","Soups, Sauces, and Gravies",179.0,2.02,6.34,28.46,18.8,1.1,0.085,0.0,0.94,1.355,0.04,0.07,9.0,0.38,19.0,0.5,35.0,0.3,0.0,0.0,0.004,6.3e-05,0.0027,0
smart soup,Santa Fe Corn Chowder,"Soups, Sauces, and Gravies",55.0,2.0,0.71,11.2,3.6,2.0,0.0,0.0,0.0,0.0,0.0,0.0,23.0,1.0,0.0,0.0,0.0,0.0,0.0,0.0,0.0,0.0,0.0,0
smart soup,French Lentil,"Soups, Sauces, and Gravies",53.0,2.9,1.06,9.5,2.6,2.9,0.0,0.0,0.0,0.0,0.0,0.0,23.0,1.0,0.0,0.0,0.0,0.0,0.0,0.0,0.0,0.0,0.0,0
smart soup,Greek Minestrone,"Soups, Sauces, and Gravies",40.0,1.7,0.53,8.4,2.7,2.7,0.0,0.0,0.0,0.0,0.0,0.0,21.0,1.0,0.0,0.0,0.0,0.0,0.0,0.0,0.0,0.0,0.0,0
smart soup,Indian Bean Masala,"Soups, Sauces, and Gravies",57.0,3.3,0.88,10.5,2.3,2.6,0.0,0.0,0.0,0.0,0.0,0.0,22.0,1.0,0.0,0.0,0.0,0.0,0.0,0.0,0.0,0.0,0.0,0
smart soup,Moroccan Chick Pea,"Soups, Sauces, and Gravies",51.0,2.0,1.06,9.7,4.2,3.1,0.0,0.0,0.0,0.0,0.0,0.0,23.0,1.0,0.0,0.0,0.0,0.0,0.0,0.0,0.0,0.0,0.0,0
smart soup,Thai Coconut Curry,"Soups, Sauces, and Gravies",36.0,0.8,1.06,6.5,3.7,1.0,0.0,0.0,0.0,0.0,0.0,0.0,19.0,0.0,0.0,0.0,0.0,0.0,0.0,0.0,0.0,0.0,0.0,0
smart soup,Vietnamese Carrot Lemongrass,"Soups, Sauces, and Gravies",44.0,1.3,1.06,8.2,4.4,1.5,0.0,0.0,0.0,0.0,0.0,0.0,23.0,0.0,0.0,0.0,0.0,0.0,0.0,0.0,0.0,0.0,0.0,0
sauce,"cheese sauce mix, dry","Soups, Sauces, and Gravies",438.0,7.68,18.33,60.52,10.26,1.0,0.182,0.9,0.0,2.399,0.678,0.211,204.0,0.5,36.0,0.052,283.0,1.11,0.056,0.00046,0.134,8.5e-05,0.0,3
soup,"chicken corn chowder, chunky, ready-to-serve, single brand","Soups, Sauces, and Gravies",99.0,3.1,6.3,7.5,0.0,0.9,0.0,0.0,0.0,0.0,0.0,0.0,0.0,0.0,0.0,0.0,0.0,0.0,0.058,0.0,0.0,0.0,0.0,0
soup,"chicken mushroom chowder, chunky, ready-to-serve, single brand","Soups, Sauces, and Gravies",80.0,3.0,4.4,7.1,0.0,1.4,0.0,2.0,0.0,0.0,0.0,0.0,0.0,0.48,0.0,0.0,0.0,0.0,0.0,0.0,0.0,0.0,0.0,0
soup,"potato ham chowder, chunky, ready-to-serve, single brand","Soups, Sauces, and Gravies",80.0,2.7,5.2,5.6,0.0,0.6,0.0,0.0,0.0,0.0,0.0,0.0,0.0,0.7,0.0,0.0,0.0,0.0,0.0,0.0,0.0,0.0,0.0,0
soup,"sirloin burger with vegetables, ready-to-serve, single brand","Soups, Sauces, and Gravies",77.0,4.2,3.7,6.8,0.0,2.3,0.0,0.0,0.0,0.0,0.0,0.0,0.0,0.87,0.0,0.0,0.0,0.0,0.0,0.0,0.0,0.0,0.0,0
soup,"split pea with ham, chunky, reduced fat, reduced sodium, ready-to-serve, single brand","Soups, Sauces, and Gravies",76.0,5.2,1.1,11.3,0.0,0.0,0.0,4.2,0.0,0.0,0.0,0.0,0.0,0.92,0.0,0.0,0.0,0.0,0.131,0.0,0.0,0.0,0.0,0
soup,"bean with bacon, condensed, single brand","Soups, Sauces, and Gravies",117.0,6.5,2.1,18.0,0.0,4.6,0.0,0.0,0.0,0.0,0.0,0.0,0.0,1.37,0.0,0.0,0.0,0.0,0.0,0.0,0.0,0.0,0.0,0
soup,"beef with vegetables and barley, canned, condensed, single brand","Soups, Sauces, and Gravies",61.0,3.9,1.4,8.2,0.0,0.0,0.0,0.0,0.0,0.0,0.0,0.0,0.0,0.0,0.0,0.0,0.0,0.0,0.0,0.0,0.0,0.0,0.0,0
soup,"chicken with star-shaped pasta, canned, condensed, single brand","Soups, Sauces, and Gravies",50.0,2.3,1.4,7.1,0.0,0.0,0.0,0.0,0.0,0.0,0.0,0.0,0.0,0.0,0.0,0.0,0.0,0.0,0.0,0.0,0.0,0.0,0.0,0
soup,"cream of chicken, canned, condensed, single brand","Soups, Sauces, and Gravies",99.0,2.4,6.5,7.7,0.0,0.0,0.0,0.0,0.0,0.0,0.0,0.0,0.0,0.0,0.0,0.0,0.0,0.0,0.0,0.0,0.0,0.0,0.0,0
soup,"split pea with ham and bacon, canned, condensed, single brand","Soups, Sauces, and Gravies",140.0,8.6,2.3,21.2,0.0,3.0,0.0,0.0,0.0,0.0,0.0,0.0,0.0,1.59,0.0,0.0,0.0,0.0,0.0,0.0,0.0,0.0,0.0,0
soup,"vegetable beef, canned, condensed, single brand","Soups, Sauces, and Gravies",53.0,3.8,0.8,7.7,0.0,0.0,0.0,0.0,0.0,0.0,0.0,0.0,0.0,0.0,0.0,0.0,0.0,0.0,0.0,0.0,0.0,0.0,0.0,0
soup,"chicken vegetable, chunky, reduced fat, reduced sodium, ready-to-serve, single brand","Soups, Sauces, and Gravies",40.0,2.7,0.5,6.3,0.0,0.0,0.0,0.0,0.0,0.0,0.0,0.0,0.0,0.0,0.0,0.0,0.0,0.0,0.0,0.0,0.0,0.0,0.0,0
soup,"vegetable beef, microwavable, ready-to-serve, single brand","Soups, Sauces, and Gravies",44.0,6.2,0.7,3.3,0.0,1.5,0.0,0.0,0.0,0.0,0.0,0.0,0.0,0.0,0.0,0.0,0.0,0.0,0.033,0.0,0.0,0.0,0.0,0
soup,"beef and vegetables, canned, ready-to-serve","Soups, Sauces, and Gravies",48.0,3.18,1.16,6.16,1.25,1.2,0.126,3.6,0.45,0.978,0.016,0.015,18.0,0.51,10.0,0.067,48.0,0.56,0.115,0.00017,0.009,2.6e-05,0.003,0
sauce,"cheese, ready-to-serve","Soups, Sauces, and Gravies",174.0,6.71,13.29,6.83,0.42,0.5,0.017,0.4,0.0,0.024,0.114,0.006,184.0,0.21,9.0,0.01,157.0,0.98,0.08,0.00014,0.004,1.7999999999999997e-05,0.0032,0
sauce,"pasta, spaghetti/marinara, ready-to-serve","Soups, Sauces, and Gravies",49.0,1.41,1.48,7.53,5.5,1.8,0.173,2.0,2.4,3.917,0.061,0.024,27.0,0.78,18.0,0.137,34.0,0.2,0.033,0.0,0.013,8.1e-05,0.0014,0
prego pasta,"Traditional Italian Sauce, ready-to-serve","Soups, Sauces, and Gravies",54.0,1.54,1.15,10.0,7.69,2.3,0.0,1.8,0.0,0.0,0.0,0.0,15.0,0.55,0.0,0.0,0.0,0.0,0.0,0.0,0.0,0.0,0.0,0
soup,"cream of chicken, canned, condensed, reduced sodium","Soups, Sauces, and Gravies",58.0,1.8,1.3,9.5,0.39,0.4,0.012,0.0,0.08,0.637,0.022,0.005,11.0,0.2,2.0,0.055,23.0,0.13,0.025,5e-05,0.004,3.4e-05,0.0063,0
soup,"tomato, canned, condensed, reduced sodium","Soups, Sauces, and Gravies",65.0,1.61,0.56,13.41,8.11,1.2,0.086,12.9,0.34,1.032,0.063,0.039,13.0,1.11,14.0,0.0,29.0,0.25,0.02,0.0,0.0,0.000159,0.0050999999999999,0
gravy,"brown instant, dry","Soups, Sauces, and Gravies",380.0,8.53,11.85,59.78,9.23,3.2,0.282,1.9,0.38,2.261,0.473,0.236,116.0,7.4,32.0,0.202,212.0,0.96,0.0,0.00033,0.099,0.000149,0.0093,3
gravy,"instant beef, dry","Soups, Sauces, and Gravies",369.0,9.8,9.48,61.1,23.9,4.3,0.138,0.9,0.01,1.075,0.514,0.187,141.0,6.27,41.0,0.154,239.0,0.76,0.002,0.00062,0.048,0.000146,0.018,3
gravy,"instant turkey, dry","Soups, Sauces, and Gravies",409.0,11.72,14.66,57.56,7.6,3.8,0.205,0.9,0.74,1.181,0.264,0.13,115.0,9.57,30.0,0.186,203.0,1.13,0.018,0.00037,0.056,0.000169,0.0193999999999999,3
sauce,"alfredo mix, dry","Soups, Sauces, and Gravies",535.0,15.32,36.35,36.52,5.4,2.0,0.134,0.0,1.84,2.07,0.054,0.156,467.0,0.94,32.0,0.056,415.0,1.49,0.054,0.00038,0.004,6.4e-05,0.0093,3
sauce,"peppers, hot, chili, mature red, canned","Soups, Sauces, and Gravies",21.0,0.9,0.6,3.9,2.55,0.7,0.14,30.0,0.36,0.6,0.09,0.01,9.0,0.5,12.0,0.0,16.0,0.15,0.023,0.0,0.011,8.7e-05,0.0002,0
sauce,"chili, peppers, hot, immature green, canned","Soups, Sauces, and Gravies",20.0,0.7,0.1,5.0,2.55,1.9,0.14,68.0,0.34,0.7,0.03,0.03,5.0,0.4,12.0,0.0,14.0,0.15,0.029,0.0,0.012,8.7e-05,0.0002,0
fish broth,No_descr,"Soups, Sauces, and Gravies",16.0,2.0,0.6,0.4,0.09,0.0,0.01,0.0,0.15,1.37,0.03,0.0,30.0,0.21,1.0,0.0,30.0,0.1,0.001,0.0001,0.004,5.1e-05,0.0007,0
soup,"tomato, low sodium, with water","Soups, Sauces, and Gravies",30.0,0.79,0.28,6.57,3.97,0.6,0.042,6.3,0.17,0.505,0.031,0.019,8.0,0.54,7.0,0.058,14.0,0.12,0.01,0.0,0.0,8.3e-05,0.0025,0
soup,"pea, low sodium, prepared with equal volume water","Soups, Sauces, and Gravies",62.0,3.2,1.09,9.88,3.19,1.9,0.02,0.6,0.09,0.462,0.025,0.04,12.0,0.73,15.0,0.0,47.0,0.64,0.003,0.0,0.001,0.000146,0.0036,0
soup,"chicken noodle, low sodium, canned, prepared with equal volume water","Soups, Sauces, and Gravies",25.0,1.27,0.95,2.95,0.27,0.2,0.02,0.0,0.03,0.54,0.045,0.055,6.0,0.66,4.0,0.051,17.0,0.16,0.011,2e-05,0.012,6.4e-05,0.0048,0
soup,"vegetable soup, condensed, low sodium, prepared with equal volume water","Soups, Sauces, and Gravies",33.0,1.1,0.45,6.06,2.15,1.1,0.084,0.4,0.72,0.77,0.046,0.055,12.0,0.33,13.0,0.125,23.0,0.2,0.043,0.0,0.006,0.000121,0.002,0
soup,"cream of mushroom, low sodium, ready-to-serve, canned","Soups, Sauces, and Gravies",53.0,1.0,3.7,4.53,1.72,0.2,0.01,0.4,0.37,0.3,0.04,0.02,19.0,0.21,2.0,0.0,20.0,0.24,0.007,2e-05,0.009,5.1e-05,0.0006,0
potato soup,"instant, dry mix","Soups, Sauces, and Gravies",343.0,9.2,3.1,76.14,10.0,7.6,0.16,16.0,0.54,4.27,0.22,0.11,172.0,2.38,62.0,0.0,279.0,0.91,0.003,0.0,0.064,0.00025,0.0123,3
soup,"chicken broth, low sodium, canned","Soups, Sauces, and Gravies",16.0,2.0,0.6,1.2,0.13,0.0,0.01,0.0,0.0,1.37,0.03,0.0,4.0,0.21,1.0,0.0,30.0,0.1,0.0,0.0001,0.0,5.1e-05,0.0,0
sauce,worcestershire,"Soups, Sauces, and Gravies",78.0,0.0,0.0,19.46,10.03,0.0,0.0,13.0,0.08,0.7,0.13,0.07,107.0,5.3,13.0,0.0,60.0,0.19,0.005,0.0,0.008,0.0002,0.0005,0
sauce,"tomato chili sauce, bottled, with salt","Soups, Sauces, and Gravies",104.0,2.5,0.3,19.79,10.54,5.9,0.16,16.0,1.92,1.6,0.07,0.09,20.0,0.8,12.0,0.0,52.0,0.16,0.034,0.0,0.009,0.00013,0.0011,0
soup,"vegetable chicken, canned, prepared with water, low sodium","Soups, Sauces, and Gravies",69.0,5.1,2.0,8.76,1.42,0.4,0.04,2.3,0.3,1.37,0.07,0.02,11.0,0.61,4.0,0.0,44.0,0.9,0.138,0.0001,0.019,0.0001,0.0050999999999999,0
sauce,"pasta, spaghetti/marinara, ready-to-serve, low sodium","Soups, Sauces, and Gravies",51.0,1.41,1.48,8.06,5.5,1.8,0.173,2.0,2.4,3.917,0.061,0.024,27.0,0.78,18.0,0.137,34.0,0.2,0.033,0.0,0.013,8.1e-05,0.0011,0
gravy,"meat or poultry, low sodium, prepared","Soups, Sauces, and Gravies",53.0,3.8,2.4,6.16,0.01,0.3,0.01,0.0,0.06,0.66,0.04,0.03,6.0,0.7,2.0,0.0,30.0,1.0,0.0,0.0001,0.025,0.0001,0.0006,0
soup,"beef and mushroom, low sodium, chunk style","Soups, Sauces, and Gravies",69.0,4.3,2.3,9.58,0.84,0.2,0.06,3.0,0.22,1.13,0.11,0.04,13.0,0.97,2.0,0.0,50.0,1.1,0.098,0.00026,0.005,0.0001,0.0022,0
soup,"beef stroganoff, canned, chunky style, ready-to-serve","Soups, Sauces, and Gravies",98.0,5.1,4.6,9.0,1.68,0.6,0.06,0.0,0.41,0.1,0.09,0.04,20.0,0.88,2.0,0.0,50.0,1.1,0.084,0.00026,0.074,0.0001,0.0076,0
soup,"bouillon cubes and granules, low sodium, dry","Soups, Sauces, and Gravies",438.0,16.7,13.89,64.88,14.47,0.2,0.1,1.1,0.72,2.46,0.43,0.1,187.0,1.03,56.0,0.0,166.0,0.09,0.025,0.0003,0.021,0.0,0.0276,3
soup,"ramen noodle, beef flavor, dry","Soups, Sauces, and Gravies",441.0,10.06,17.73,60.34,1.99,3.0,0.037,0.6,2.49,5.139,0.258,0.479,21.0,3.93,25.0,0.644,115.0,0.61,0.0,0.0,0.0,0.000122,0.0196,3
soup,"ramen noodle, chicken flavor, dry","Soups, Sauces, and Gravies",439.0,10.22,17.52,60.23,1.96,2.9,0.039,0.0,2.41,5.536,0.254,0.433,22.0,4.21,25.0,0.625,115.0,0.59,0.0,0.0,0.0,0.000128,0.0247,3
soup,SWANSON Chicken Broth 99% Fat Free,"Soups, Sauces, and Gravies",4.0,0.54,0.17,0.14,0.15,0.0,0.014,0.0,0.0,0.558,0.021,0.007,4.0,0.14,1.0,0.011,11.0,0.02,0.0,0.0002,0.0,1.9e-05,0.0022,0
gravy,HEINZ Home Style Savory Beef Gravy,"Soups, Sauces, and Gravies",39.0,1.09,1.13,6.24,0.52,0.7,0.014,0.0,0.0,0.172,0.022,0.007,6.0,0.13,3.0,0.027,10.0,0.15,0.0,8.999999999999999e-05,0.0,1.9e-05,0.0022,0
campbell's healthy request,"Chicken Noodle Soup, condensed","Soups, Sauces, and Gravies",47.0,2.4,1.3,6.51,0.89,1.0,0.0,0.3,0.0,0.0,0.0,0.0,12.0,0.69,5.0,0.0,25.0,0.2,0.0,0.0,0.0,0.0,0.0,0
healthy request,"Cream of Celery Soup, condensed","Soups, Sauces, and Gravies",56.0,0.81,1.61,9.68,1.61,0.8,0.0,0.0,0.0,0.0,0.0,0.0,81.0,0.0,0.0,0.0,0.0,0.0,0.0,0.0,0.0,0.0,0.0,0
campbell's healthy request,"Cream of Mushroom Soup, condensed","Soups, Sauces, and Gravies",55.0,1.29,1.7,8.6,1.79,1.0,0.0,0.1,0.0,0.0,0.0,0.0,71.0,0.3,13.0,0.0,56.0,0.07,0.0,0.0,0.0,0.0,0.0,0
campbell's healthy request,"Homestyle Chicken Noodle Soup, condensed","Soups, Sauces, and Gravies",51.0,2.7,1.0,7.8,0.6,0.6,0.0,0.6,0.0,0.0,0.0,0.0,13.0,0.4,6.0,0.0,69.0,0.2,0.0,0.0,0.0,0.0,0.0,0
healthy request,"Minestrone Soup, condensed","Soups, Sauces, and Gravies",63.0,2.38,0.4,11.9,3.17,2.4,0.0,0.0,0.0,0.0,0.0,0.0,32.0,0.86,0.0,0.0,0.0,0.0,0.0,0.0,0.0,0.0,0.0,0
healthy request,"Tomato Soup, condensed","Soups, Sauces, and Gravies",73.0,1.61,1.21,13.71,8.06,0.8,0.0,4.8,0.0,0.0,0.0,0.0,0.0,0.0,0.0,0.0,0.0,0.0,0.0,0.0,0.0,0.0,0.0,0
healthy request,"Vegetable Soup, condensed","Soups, Sauces, and Gravies",79.0,3.17,0.79,15.87,3.97,2.4,0.0,0.0,0.0,0.0,0.0,0.0,16.0,0.57,0.0,0.0,0.0,0.0,0.0,0.0,0.0,0.0,0.0,0
prego pasta,"Chunky Garden Combination Italian Sauce, ready-to-serve","Soups, Sauces, and Gravies",54.0,1.54,1.15,10.0,7.69,2.3,0.0,1.8,0.0,0.0,0.0,0.0,15.0,0.55,0.0,0.0,0.0,0.0,0.0,0.0,0.0,0.0,0.0,0
prego pasta,"Chunky Garden Tomato, Onion and Garlic Italian Sauce, ready-to-serve","Soups, Sauces, and Gravies",72.0,1.6,2.4,10.4,8.0,2.4,0.0,2.9,0.0,0.0,0.0,0.0,16.0,0.58,0.0,0.0,0.0,0.0,0.0,0.0,0.0,0.0,0.0,0
campbell's au jus gravy,No_descr,"Soups, Sauces, and Gravies",8.0,1.69,0.0,0.0,0.0,0.0,0.0,0.0,0.0,0.0,0.0,0.0,0.0,0.0,0.0,0.0,0.0,0.0,0.0,0.0,0.0,0.0,0.0,0
campbell's beef gravy,No_descr,"Soups, Sauces, and Gravies",42.0,1.69,1.69,5.08,1.69,0.0,0.0,0.0,0.0,0.0,0.0,0.0,0.0,0.0,0.0,0.0,0.0,0.0,0.0,0.0,0.0,0.0,0.0,0
campbell's brown gravy with onions,No_descr,"Soups, Sauces, and Gravies",42.0,0.0,1.69,6.78,3.39,0.0,0.0,0.0,0.0,0.0,0.0,0.0,0.0,0.0,0.0,0.0,0.0,0.0,0.0,0.0,0.0,0.0,0.0,0
campbell's chicken gravy,No_descr,"Soups, Sauces, and Gravies",68.0,0.0,5.08,5.08,1.69,0.0,0.0,0.0,0.0,0.0,0.0,0.0,0.0,0.0,0.0,0.0,0.0,0.0,0.0,0.0,0.0,0.0,0.0,0
barbecue loaf,"pork, beef",Sausages and Luncheon Meats,173.0,15.84,8.9,6.4,0.0,0.0,0.26,0.0,0.0,2.266,0.248,0.36,55.0,1.16,17.0,0.04,132.0,2.46,0.003,0.0016799999999999,0.009,7.000000000000001e-05,0.0213,2
beerwurst,"beer salami, pork and beef",Sausages and Luncheon Meats,277.0,14.0,22.53,3.76,0.0,0.9,0.23,0.6,0.19,2.975,0.173,0.246,27.0,1.73,19.0,0.155,135.0,2.21,0.003,0.00116,0.005,0.000103,0.0174,2
beerwurst,"beer salami, pork",Sausages and Luncheon Meats,238.0,14.24,18.8,2.06,0.0,0.0,0.35,0.0,0.0,3.254,0.192,0.554,8.0,0.76,13.0,0.032,103.0,1.72,0.0,0.00087,0.003,5e-05,0.0209,2
sausage,"Berliner, pork, beef",Sausages and Luncheon Meats,230.0,15.27,17.2,2.59,2.35,0.0,0.2,0.0,0.0,3.11,0.213,0.38,12.0,1.15,15.0,0.041,130.0,2.47,0.0,0.00267,0.005,8e-05,0.0141,2
blood sausage,No_descr,Sausages and Luncheon Meats,379.0,14.6,34.5,1.29,1.29,0.0,0.04,0.0,0.13,1.2,0.13,0.07,6.0,6.4,8.0,0.01,22.0,1.3,0.0,0.001,0.005,4e-05,0.0155,2
bockwurst,"pork, veal, raw",Sausages and Luncheon Meats,301.0,14.03,25.87,2.95,1.33,1.0,0.378,3.2,0.38,5.616,0.233,0.193,41.0,1.15,26.0,0.171,169.0,2.07,0.015,0.00086,0.017,0.0001,0.0113,2
bologna,beef,Sausages and Luncheon Meats,299.0,10.91,26.13,4.29,2.05,0.0,0.157,15.2,0.56,2.321,0.065,0.03,21.0,1.29,13.0,0.04,154.0,1.93,0.019,0.0011899999999999,0.003,5.3e-05,0.0116,2
bologna,beef and pork,Sausages and Luncheon Meats,308.0,15.2,24.59,5.49,4.42,0.0,0.297,0.8,0.0,2.521,0.185,0.217,85.0,1.21,17.0,0.018,163.0,2.3,0.025,0.00182,0.006,5.2e-05,0.0246,2
bologna,pork,Sausages and Luncheon Meats,247.0,15.3,19.87,0.73,0.0,0.0,0.27,0.0,0.26,3.9,0.157,0.523,11.0,0.77,14.0,0.036,139.0,2.03,0.0,0.00093,0.005,8e-05,0.0127,2
bologna,turkey,Sausages and Luncheon Meats,209.0,11.42,16.05,4.68,2.9,0.5,0.243,13.3,0.45,2.607,0.095,0.049,123.0,3.0,16.0,0.051,114.0,1.3,0.009,0.00023,0.009,7.199999999999999e-05,0.0154,2
bratwurst,"pork, cooked",Sausages and Luncheon Meats,333.0,13.72,29.18,2.85,0.0,0.0,0.327,0.0,0.26,4.795,0.307,0.459,28.0,0.53,21.0,0.014,208.0,3.25,0.002,0.00073,0.003,0.000104,0.0397,2
braunschweiger (a liver sausage),pork,Sausages and Luncheon Meats,327.0,14.5,28.5,3.1,0.0,0.0,0.33,0.0,0.35,8.368,1.525,0.249,9.0,11.2,11.0,0.155,168.0,2.81,4.22,0.02009,0.044,0.0002399999999999,0.058,2
brotwurst,"pork, beef, link",Sausages and Luncheon Meats,323.0,14.3,27.8,2.98,2.98,0.0,0.13,0.0,0.27,3.3,0.23,0.25,48.0,1.03,16.0,0.04,134.0,2.1,0.0,0.0020499999999999,0.005,8e-05,0.017,2
cheesefurter,"cheese smokie, pork, beef",Sausages and Luncheon Meats,328.0,14.1,29.0,1.51,1.51,0.0,0.13,0.0,0.24,2.9,0.16,0.25,58.0,1.08,13.0,0.03,178.0,2.25,0.006,0.00173,0.003,7.000000000000001e-05,0.0157,2
chicken roll,light meat,Sausages and Luncheon Meats,110.0,16.64,2.73,4.66,0.57,0.0,0.37,0.0,0.27,8.09,0.164,0.042,16.0,0.41,24.0,0.017,297.0,0.6,0.0,0.0003599999999999,0.006,8.7e-05,0.0145,2
chicken spread,No_descr,Sausages and Luncheon Meats,158.0,18.01,17.56,4.05,0.47,0.3,0.15,0.0,0.0,2.748,0.114,0.009,16.0,0.87,12.0,0.012,89.0,1.15,0.03,0.00013,0.003,4e-05,0.0108,2
chorizo,pork and beef,Sausages and Luncheon Meats,455.0,24.1,38.27,1.86,0.0,0.0,0.53,0.0,0.22,5.131,0.3,0.63,8.0,1.59,18.0,0.04,150.0,3.41,0.0,0.002,0.002,8e-05,0.0211,2
corned beef loaf,jellied,Sausages and Luncheon Meats,153.0,22.9,6.1,0.0,0.0,0.0,0.12,0.0,0.0,1.76,0.11,0.0,11.0,2.04,11.0,0.031,73.0,4.09,0.0,0.00127,0.008,6e-05,0.0172,2
dutch brand loaf,"chicken, pork and beef",Sausages and Luncheon Meats,273.0,12.0,22.91,3.93,0.9,0.3,0.236,1.4,0.26,3.384,0.134,0.134,7.0,0.16,15.0,0.039,119.0,2.53,0.033,0.0009,0.011,6.900000000000001e-05,0.0184,2
frankfurter,"beef, unheated",Sausages and Luncheon Meats,316.0,11.16,28.3,3.36,1.31,0.0,0.185,0.0,0.2,2.028,0.043,0.018,12.0,1.2,9.0,0.021,152.0,2.03,0.0,0.00138,0.01,5.5e-05,0.0103,2
frankfurter,beef and pork,Sausages and Luncheon Meats,305.0,11.53,27.64,1.72,0.0,0.0,0.13,0.0,0.25,2.634,0.12,0.199,11.0,1.15,10.0,0.032,86.0,1.84,0.018,0.0013,0.004,8e-05,0.0138,2
frankfurter,chicken,Sausages and Luncheon Meats,223.0,15.51,16.19,2.74,0.53,0.4,0.323,0.0,0.22,4.687,0.257,0.057,74.0,1.17,20.0,0.059,162.0,1.11,0.0,0.00054,0.009,7.8e-05,0.023,2
frankfurter,turkey,Sausages and Luncheon Meats,223.0,12.23,17.29,3.81,1.21,0.0,0.143,0.0,0.62,3.68,0.181,0.036,148.0,1.47,14.0,0.033,172.0,1.84,0.0,0.00082,0.01,7.099999999999999e-05,0.0150999999999999,2
ham,"chopped, canned",Sausages and Luncheon Meats,239.0,16.06,18.83,0.26,0.0,0.0,0.32,2.0,0.25,3.2,0.165,0.535,7.0,0.95,13.0,0.025,139.0,1.83,0.0,0.0007,0.001,5e-05,0.0186,2
ham,"chopped, not canned",Sausages and Luncheon Meats,180.0,16.5,10.3,4.2,0.0,0.0,0.35,0.0,0.23,3.88,0.204,0.632,7.0,0.83,16.0,0.0,155.0,1.94,0.0,0.00092,0.001,6e-05,0.0174,2
ham,"sliced, packaged (96% fat free, water added)",Sausages and Luncheon Meats,102.0,16.9,3.4,0.97,0.0,0.0,0.394,0.0,0.29,5.697,0.266,0.336,5.0,0.58,18.0,0.011,261.0,1.58,0.0,0.0003599999999999,0.0,0.000197,0.0316,2
ham,"sliced, regular (approximately 11% fat)",Sausages and Luncheon Meats,163.0,16.6,8.6,3.83,0.0,1.3,0.329,4.0,0.08,2.904,0.178,0.626,24.0,1.02,22.0,0.557,153.0,1.35,0.0,0.0004199999999999,0.007,8.9e-05,0.0207,2
ham,minced,Sausages and Luncheon Meats,263.0,16.28,20.68,1.84,0.0,0.0,0.26,0.0,0.27,4.162,0.19,0.712,10.0,0.79,16.0,0.031,157.0,1.9,0.0,0.00095,0.001,8e-05,0.02,2
ham salad spread,No_descr,Sausages and Luncheon Meats,216.0,8.68,15.53,10.64,0.0,0.0,0.15,0.0,1.74,2.095,0.12,0.435,8.0,0.59,10.0,0.013,120.0,1.1,0.0,0.00076,0.001,7.000000000000001e-05,0.0178,0
ham and cheese loaf or roll,No_descr,Sausages and Luncheon Meats,241.0,13.6,18.7,4.0,0.0,0.0,0.26,0.0,0.27,3.452,0.187,0.601,58.0,0.91,16.0,0.0,253.0,2.0,0.0,0.00081,0.003,8e-05,0.0346,2
ham and cheese spread,No_descr,Sausages and Luncheon Meats,245.0,16.18,18.53,2.28,0.0,0.0,0.13,0.0,0.0,2.153,0.22,0.318,217.0,0.76,18.0,0.036,495.0,2.25,0.091,0.00073,0.003,8.999999999999999e-05,0.0336,2
headcheese,pork,Sausages and Luncheon Meats,157.0,13.83,10.9,0.0,0.0,0.0,0.19,0.0,0.25,0.44,0.115,0.023,16.0,1.5,9.0,0.0,56.0,0.97,0.0,0.00105,0.002,0.000122,0.0001,2
sausage,"Italian, pork, raw",Sausages and Luncheon Meats,346.0,14.25,31.33,0.65,0.0,0.0,0.3,2.0,0.0,3.25,0.168,0.568,18.0,1.18,14.0,0.058,142.0,1.79,0.0,0.00091,0.008,8e-05,0.0248,2
kielbasa,"kolbassy, pork, beef, nonfat dry milk added",Sausages and Luncheon Meats,309.0,12.23,27.29,2.81,1.6,0.0,0.184,0.0,0.22,3.273,0.207,0.205,17.0,0.82,13.0,0.046,171.0,1.56,0.0,0.00073,0.001,0.000368,0.0193999999999999,2
knackwurst,"knockwurst, pork, beef",Sausages and Luncheon Meats,307.0,11.1,27.7,3.2,0.0,0.0,0.17,0.0,0.57,2.734,0.14,0.342,11.0,0.66,11.0,0.021,98.0,1.66,0.0,0.0011799999999999,0.002,6e-05,0.0135,2
lebanon bologna,beef,Sausages and Luncheon Meats,172.0,19.03,10.44,0.44,0.0,0.0,0.391,0.9,0.57,3.223,0.165,0.101,20.0,2.15,20.0,0.022,192.0,3.84,0.012,0.0029,0.006,7.3e-05,0.0157,2
liver cheese,pork,Sausages and Luncheon Meats,304.0,15.2,25.6,2.1,0.0,0.0,0.47,3.0,0.0,11.768,2.227,0.212,8.0,10.83,12.0,0.2,207.0,3.7,5.252,0.02455,0.104,0.000383,0.0365,2
liver sausage,"liverwurst, pork",Sausages and Luncheon Meats,326.0,14.1,28.5,2.2,0.0,0.0,0.19,0.0,0.0,4.3,1.03,0.272,26.0,6.4,12.0,0.155,230.0,2.3,8.308,0.01346,0.03,0.0002399999999999,0.058,2
luncheon meat,"beef, loaved",Sausages and Luncheon Meats,308.0,14.4,26.2,2.9,0.0,0.0,0.19,0.0,0.22,3.66,0.22,0.11,11.0,2.32,14.0,0.045,119.0,2.53,0.0,0.00389,0.005,0.0001199999999999,0.0223,2
roast beef,"deli style, prepackaged, sliced",Sausages and Luncheon Meats,115.0,18.62,3.69,0.64,0.29,0.0,0.46,0.0,0.49,5.581,0.213,0.043,5.0,2.05,20.0,0.015,242.0,3.2,0.003,0.00204,0.005,8.599999999999999e-05,0.0147,2
usda commodity,"luncheon meat, canned",Sausages and Luncheon Meats,189.0,17.5,12.77,1.04,0.0,0.0,0.272,0.0,0.16,5.225,0.213,0.128,5.0,0.97,18.0,0.037,170.0,2.15,0.0,0.00092,0.0,3e-05,0.0382999999999999,2
luncheon meat,"pork, canned",Sausages and Luncheon Meats,334.0,12.5,30.3,2.1,0.0,0.0,0.21,1.0,0.26,3.126,0.194,0.367,6.0,0.72,10.0,0.024,82.0,1.48,0.0,0.0009,0.006,3.7e-05,0.028,2
turkey breast,"low salt, prepackaged or deli, luncheon meat",Sausages and Luncheon Meats,116.0,21.81,0.83,3.51,3.51,0.5,0.128,5.7,0.09,0.11,0.32,0.13,8.0,0.63,21.0,0.018,162.0,1.33,0.01,8.999999999999999e-05,0.004,5.7e-05,0.0228,2
mortadella,"beef, pork",Sausages and Luncheon Meats,311.0,16.37,25.39,3.05,0.0,0.0,0.13,0.0,0.22,2.673,0.153,0.119,18.0,1.4,11.0,0.03,97.0,2.1,0.0,0.00148,0.003,6e-05,0.0226,2
olive loaf,pork,Sausages and Luncheon Meats,235.0,11.8,16.5,9.2,0.0,0.0,0.23,0.0,0.25,1.835,0.26,0.295,109.0,0.54,19.0,0.035,127.0,1.38,0.06,0.00126,0.002,5e-05,0.0163999999999999,2
pastrami,turkey,Sausages and Luncheon Meats,139.0,16.3,6.21,3.34,3.34,0.1,0.27,8.1,0.22,3.527,0.25,0.055,11.0,4.2,14.0,0.013,200.0,2.16,0.004,0.0002399999999999,0.005,5e-05,0.0161,2
pate,"chicken liver, canned",Sausages and Luncheon Meats,201.0,13.45,13.1,6.55,0.0,0.0,0.26,10.0,0.98,7.517,1.401,0.052,10.0,9.19,13.0,0.162,175.0,2.14,0.217,0.00807,0.321,0.0001799999999999,0.0461,2
pate,"goose liver, smoked, canned",Sausages and Luncheon Meats,462.0,11.4,43.84,4.67,0.0,0.0,0.06,0.0,0.0,2.51,0.299,0.088,70.0,5.5,13.0,0.12,200.0,0.92,1.001,0.0094,0.06,0.0004,0.044,4
pate,"liver, not specified, canned",Sausages and Luncheon Meats,319.0,14.2,28.0,1.5,0.0,0.0,0.06,2.0,0.0,3.3,0.6,0.03,70.0,5.5,13.0,0.12,200.0,2.85,0.991,0.0032,0.06,0.0004,0.0416,2
peppered loaf,"pork, beef",Sausages and Luncheon Meats,149.0,17.3,6.37,4.53,4.61,0.0,0.27,0.0,0.22,3.08,0.3,0.38,54.0,1.07,20.0,0.06,170.0,3.23,0.0,0.00196,0.002,0.0001199999999999,0.0113,2
pepperoni,"pork, beef",Sausages and Luncheon Meats,494.0,22.9,43.5,0.0,0.0,0.0,0.353,0.7,0.0,4.64,0.316,0.355,22.0,1.62,21.0,0.595,177.0,2.5,0.0,0.00173,0.005,0.000112,0.035,2
pickle and pimiento loaf,pork,Sausages and Luncheon Meats,225.0,11.23,15.95,8.46,8.46,1.5,0.418,7.8,0.4,2.486,0.115,0.392,109.0,1.33,34.0,0.111,153.0,1.68,0.078,0.00054,0.037,0.0001049999999999,0.0079,2
polish sausage,pork,Sausages and Luncheon Meats,326.0,14.1,28.72,1.63,0.0,0.0,0.19,1.0,0.0,3.443,0.148,0.502,12.0,1.44,14.0,0.049,136.0,1.93,0.0,0.00098,0.002,8.999999999999999e-05,0.0177,2
luxury loaf,pork,Sausages and Luncheon Meats,141.0,18.4,4.8,4.9,0.0,0.0,0.31,0.0,0.0,3.482,0.297,0.707,36.0,1.05,20.0,0.041,185.0,3.05,0.0,0.00137,0.002,0.0001,0.0215,2
mother's loaf,pork,Sausages and Luncheon Meats,282.0,12.07,22.3,7.53,0.0,0.0,0.18,1.0,0.0,3.123,0.17,0.55,43.0,1.32,16.0,0.066,129.0,1.43,0.0,0.00105,0.008,8.999999999999999e-05,0.0351,2
picnic loaf,"pork, beef",Sausages and Luncheon Meats,232.0,14.92,16.64,4.76,0.0,0.0,0.3,0.0,0.0,2.306,0.242,0.374,47.0,1.02,15.0,0.028,125.0,2.18,0.0,0.0015,0.002,7.000000000000001e-05,0.0357,2
pork sausage,"link/patty, unprepared",Sausages and Luncheon Meats,287.0,15.37,24.78,0.93,0.93,0.0,0.173,0.0,0.96,5.383,0.147,0.221,8.0,1.02,14.0,0.019,133.0,2.0,0.027,0.00092,0.002,5.8e-05,0.0178,2
pork sausage,"link/patty, cooked, pan-fried",Sausages and Luncheon Meats,325.0,18.53,27.25,1.42,1.09,0.0,0.195,0.0,0.9,6.119,0.176,0.256,9.0,1.2,16.0,0.022,149.0,2.45,0.028,0.00098,0.001,7.099999999999999e-05,0.0207,2
pork and beef sausage,"fresh, cooked",Sausages and Luncheon Meats,396.0,13.8,36.25,2.7,0.0,0.0,0.05,0.0,0.22,3.367,0.147,0.357,10.0,1.13,12.0,0.037,107.0,1.87,0.0,0.00043,0.002,4e-05,0.0144,2
turkey sausage,"reduced fat, brown and serve, cooked (include BUTTERBALL breakfast links turkey sausage)",Sausages and Luncheon Meats,204.0,17.0,10.3,10.92,0.0,0.3,0.234,0.0,0.0,2.137,0.151,0.066,31.0,1.8,21.0,0.221,164.0,2.31,0.002,0.00028,0.023,0.000149,0.0208,2
poultry salad sandwich spread,No_descr,Sausages and Luncheon Meats,200.0,11.64,13.52,7.41,0.0,0.0,0.11,1.0,2.2,1.669,0.071,0.024,10.0,0.61,10.0,0.009,33.0,1.04,0.042,0.00038,0.005,3e-05,0.0109,2
salami,"cooked, beef",Sausages and Luncheon Meats,261.0,12.6,22.2,1.9,1.5,0.0,0.18,0.0,0.19,3.238,0.189,0.103,6.0,2.2,13.0,0.046,205.0,1.77,0.0,0.00306,0.002,0.00019,0.0146,2
salami,"cooked, beef and pork",Sausages and Luncheon Meats,336.0,21.85,25.9,2.4,0.96,0.0,0.459,0.0,0.22,6.053,0.357,0.367,15.0,1.56,19.0,0.978,191.0,2.93,0.0,0.00152,0.003,0.000357,0.0313,2
salami,"cooked, turkey",Sausages and Luncheon Meats,172.0,19.2,9.21,1.55,1.12,0.1,0.427,0.0,0.24,3.979,0.303,0.426,40.0,1.25,22.0,0.02,266.0,2.32,0.002,0.00099,0.01,0.00019,0.0264,2
salami,"dry or hard, pork",Sausages and Luncheon Meats,407.0,22.58,33.72,1.6,0.0,0.0,0.55,0.0,0.0,5.6,0.33,0.93,13.0,1.3,22.0,0.07,229.0,4.2,0.0,0.0028,0.002,0.00016,0.0254,2
salami,"dry or hard, pork, beef",Sausages and Luncheon Meats,378.0,21.07,31.65,0.72,0.26,0.0,0.441,0.0,0.64,6.105,0.196,0.386,24.0,1.36,20.0,0.948,192.0,2.67,0.011,0.00115,0.0,9.6e-05,0.0336,2
sandwich spread,"pork, beef",Sausages and Luncheon Meats,235.0,7.66,17.34,11.94,0.0,0.2,0.12,0.0,1.74,1.73,0.134,0.172,12.0,0.79,8.0,0.026,59.0,1.02,0.026,0.00112,0.002,0.00013,0.0096999999999999,0
smoked link sausage,pork,Sausages and Luncheon Meats,309.0,11.98,28.23,0.94,0.94,0.0,0.179,0.0,0.25,2.807,0.18,0.212,11.0,0.59,11.0,0.011,157.0,1.31,0.0,0.00066,0.001,0.000176,0.0183,2
sausage,"smoked link sausage, pork and beef",Sausages and Luncheon Meats,320.0,12.0,28.73,2.42,0.0,0.0,0.163,0.0,0.13,2.94,0.106,0.192,12.0,0.75,13.0,0.048,121.0,1.26,0.013,0.00058,0.002,7.7e-05,0.0,2
smoked link sausage,"pork and beef, flour and nonfat dry milk added",Sausages and Luncheon Meats,268.0,13.97,21.43,3.96,3.0,0.0,0.13,3.2,0.22,2.701,0.176,0.235,66.0,1.44,13.0,0.052,110.0,2.0,0.0,0.00132,0.002,8.999999999999999e-05,0.0159,2
smoked link sausage,"pork and beef, nonfat dry milk added",Sausages and Luncheon Meats,313.0,13.28,27.61,1.92,0.0,0.0,0.18,0.0,0.0,2.845,0.214,0.193,41.0,1.47,16.0,0.038,137.0,1.96,0.0,0.00157,0.002,8.999999999999999e-05,0.0139,2
thuringer,"cervelat, summer sausage, beef, pork",Sausages and Luncheon Meats,362.0,17.45,30.43,3.33,0.85,0.0,0.26,16.6,0.22,4.31,0.33,0.15,9.0,2.04,14.0,0.0,111.0,2.56,0.0,0.0055,0.002,0.00015,0.0203,2
turkey breast,"sliced, oven roasted, luncheon meat",Sausages and Luncheon Meats,104.0,17.07,1.66,4.21,3.51,0.5,0.128,5.7,0.09,0.11,0.32,0.13,8.0,1.44,21.0,0.018,162.0,1.33,0.01,8.999999999999999e-05,0.004,5.7e-05,0.0228,2
turkey ham,cured turkey thigh meat,Sausages and Luncheon Meats,126.0,17.5,4.84,2.04,1.43,0.2,0.209,8.9,0.64,2.118,0.149,0.03,8.0,2.34,22.0,0.02,294.0,2.59,0.007,0.00023,0.007,0.00025,0.0322,2
turkey breast,"sliced, prepackaged",Sausages and Luncheon Meats,100.0,16.33,2.37,2.34,3.28,0.0,0.41,0.0,0.13,7.15,0.145,0.038,7.0,0.34,20.0,0.012,234.0,0.8,0.0,0.00037,0.004,2.4e-05,0.013,2
turkey roll,light and dark meat,Sausages and Luncheon Meats,149.0,18.14,6.99,2.12,0.0,0.0,0.27,0.0,0.34,4.8,0.284,0.091,32.0,1.35,18.0,0.013,168.0,2.0,0.0,0.00023,0.005,7.000000000000001e-05,0.0292,2
sausage,"Vienna, canned, chicken, beef, pork",Sausages and Luncheon Meats,230.0,10.5,19.4,2.6,0.0,0.0,0.12,0.0,0.22,1.613,0.107,0.087,10.0,0.88,7.0,0.0,49.0,1.6,0.0,0.00102,0.004,3e-05,0.0169,2
honey roll sausage,beef,Sausages and Luncheon Meats,182.0,18.58,10.5,2.18,0.0,0.0,0.27,0.0,0.0,4.165,0.182,0.08,9.0,2.2,16.0,0.037,137.0,3.25,0.0,0.00235,0.004,0.0001,0.0156,2
sausage,"Italian, pork, cooked",Sausages and Luncheon Meats,344.0,19.12,27.31,4.27,0.86,0.1,0.33,0.1,0.25,4.165,0.233,0.623,21.0,1.43,18.0,0.0,170.0,2.39,0.01,0.0013,0.005,8e-05,0.022,2
luncheon sausage,pork and beef,Sausages and Luncheon Meats,260.0,15.38,20.9,1.58,0.0,0.0,0.2,0.0,0.0,3.527,0.195,0.217,13.0,1.43,14.0,0.042,122.0,2.45,0.0,0.00196,0.003,8e-05,0.0154,2
new england brand sausage,"pork, beef",Sausages and Luncheon Meats,161.0,17.27,7.58,4.83,0.0,0.0,0.36,0.0,0.0,3.478,0.248,0.64,7.0,0.94,16.0,0.036,136.0,2.7,0.0,0.00134,0.007,0.0001,0.0192,2
oscar mayer,"Bologna (chicken, pork, beef)",Sausages and Luncheon Meats,318.0,10.9,29.4,2.4,1.4,0.0,0.0,0.0,0.0,0.0,0.0,0.0,69.0,1.78,21.0,0.0,199.0,1.42,0.0,0.0,0.0,0.0002,0.0,2
oscar mayer,Bologna (beef),Sausages and Luncheon Meats,316.0,11.05,29.1,2.45,1.4,0.0,0.17,0.0,0.0,2.42,0.11,0.05,12.0,1.36,14.0,0.0,109.0,2.03,0.0,0.0014299999999999,0.013,0.00011,0.0,2
oscar mayer,Bologna (beef light),Sausages and Luncheon Meats,200.0,11.75,14.5,5.6,2.3,0.0,0.0,0.0,0.0,0.0,0.0,0.0,13.0,1.22,14.0,0.0,178.0,1.91,0.0,0.0,0.013,0.0002099999999999,0.0,2
oscar mayer,Bologna (fat free),Sausages and Luncheon Meats,79.0,12.6,0.6,6.0,2.2,0.0,0.0,0.0,0.0,0.0,0.0,0.0,15.0,0.92,22.0,0.0,154.0,1.14,0.0,0.0,0.0,0.0002,0.0,0
oscar mayer,"Bologna Light (pork, chicken, beef)",Sausages and Luncheon Meats,202.0,11.5,14.75,5.7,2.6,0.0,0.163,0.0,0.0,3.072,0.097,0.159,50.0,1.39,20.0,0.155,185.0,1.61,0.0,0.00029,0.018,0.0002,0.0056,2
oscar mayer. bologna (wisconsin made ring),No_descr,Sausages and Luncheon Meats,313.0,11.8,28.4,2.6,2.2,0.0,0.14,0.0,0.0,2.65,0.14,0.29,15.0,1.16,15.0,0.049,106.0,1.85,0.0,0.00126,0.0,0.00013,0.0,2
oscar mayer,Braunschweiger Liver Sausage (sliced),Sausages and Luncheon Meats,332.0,14.25,29.35,2.6,1.2,0.2,0.33,9.0,0.0,9.19,1.6,0.23,9.0,10.51,14.0,0.148,199.0,3.4,4.723,0.01878,0.047,0.0005,0.0,2
oscar mayer,Braunschweiger Liver Sausage (saren tube),Sausages and Luncheon Meats,341.0,14.2,30.6,2.3,0.7,0.1,0.34,9.0,0.0,8.28,1.55,0.23,9.0,9.74,12.0,0.09,194.0,3.16,0.0,0.01852,0.061,0.0004,0.0,2
oscar mayer,Chicken Breast (honey glazed),Sausages and Luncheon Meats,109.0,19.85,1.5,4.3,4.3,0.0,0.0,0.0,0.0,0.0,0.0,0.0,10.0,1.13,36.0,0.0,289.0,0.7,0.0,0.0,0.004,0.00017,0.0,2
oscar mayer,"Chicken Breast (oven roasted, fat free)",Sausages and Luncheon Meats,85.0,18.3,0.6,1.7,0.9,0.0,0.0,0.0,0.0,0.0,0.0,0.0,12.0,1.33,36.0,0.0,256.0,0.6,0.0,0.0,0.0,0.00023,0.0,2
oscar mayer,Ham and Cheese Loaf,Sausages and Luncheon Meats,234.0,13.85,18.2,3.75,3.3,0.0,0.25,0.0,0.0,3.48,0.19,0.58,67.0,0.86,19.0,0.018,270.0,1.81,0.0,0.00076,0.003,0.0001199999999999,0.0,2
oscar mayer,Ham (chopped with natural juice),Sausages and Luncheon Meats,180.0,16.3,11.15,3.65,2.2,0.0,0.0,0.0,0.0,0.0,0.0,0.0,9.0,1.3,23.0,0.0,219.0,2.25,0.0,0.0,0.003,0.0002399999999999,0.0,2
oscar mayer,"Ham (water added, baked cooked 96% fat free)",Sausages and Luncheon Meats,104.0,16.3,3.52,1.83,1.0,0.0,0.0,0.0,0.0,0.0,0.0,0.0,10.0,1.3,31.0,0.0,233.0,1.81,0.0,0.0,0.004,0.0002399999999999,0.0,2
oscar mayer,"Ham (water added, boiled)",Sausages and Luncheon Meats,104.0,16.6,3.7,1.2,0.3,0.0,0.0,0.0,0.0,0.0,0.0,0.0,10.0,1.48,31.0,0.0,239.0,1.85,0.0,0.0,0.0,0.0002399999999999,0.0,2
oscar mayer,"Ham (water added, honey)",Sausages and Luncheon Meats,111.0,16.7,3.5,3.1,3.1,0.0,0.0,0.0,0.0,0.0,0.0,0.0,10.0,1.35,31.0,0.0,259.0,2.08,0.0,0.0,0.0,0.00023,0.0,2
oscar mayer,"Ham (water added, smoked, cooked)",Sausages and Luncheon Meats,99.0,16.6,3.6,0.1,0.1,0.0,0.0,0.0,0.0,0.0,0.0,0.0,10.0,1.3,31.0,0.0,233.0,1.81,0.0,0.0,0.0,0.0002399999999999,0.0,2
oscar mayer,"Ham (40% ham/water product, smoked, fat free)",Sausages and Luncheon Meats,72.0,14.6,0.7,1.9,1.1,0.0,0.0,0.0,0.0,0.0,0.0,0.0,11.0,0.91,27.0,0.0,197.0,1.57,0.0,0.0,0.0,0.0002,0.0,0
oscar mayer,Head Cheese,Sausages and Luncheon Meats,185.0,15.7,13.5,0.0,0.0,0.0,0.13,0.0,0.0,0.97,0.17,0.04,21.0,1.63,11.0,0.0,63.0,1.19,0.0,0.00095,0.001,0.0002,0.0,2
oscar mayer,Luncheon Loaf (spiced),Sausages and Luncheon Meats,234.0,13.5,16.9,7.0,4.6,0.0,0.0,0.0,0.0,0.0,0.0,0.0,109.0,1.35,24.0,0.0,195.0,1.95,0.0,0.0,0.0,0.00231,0.0,2
oscar mayer,Old Fashioned Loaf,Sausages and Luncheon Meats,231.0,13.1,16.3,8.0,4.6,0.0,0.0,0.0,0.0,0.0,0.0,0.0,113.0,1.32,23.0,0.0,208.0,1.87,0.0,0.0,0.0,0.00014,0.0,2
oscar mayer,"Olive Loaf (chicken, pork, turkey)",Sausages and Luncheon Meats,263.0,9.9,21.8,6.9,3.2,0.0,0.0,0.0,0.0,0.0,0.0,0.0,111.0,1.74,27.0,0.0,132.0,1.05,0.0,0.0,0.0,0.00022,0.0,2
oscar mayer,Pickle Pimiento Loaf (with chicken),Sausages and Luncheon Meats,269.0,9.6,21.6,9.1,6.9,0.0,0.0,0.0,0.0,0.0,0.0,0.0,110.0,2.17,29.0,0.0,150.0,1.18,0.0,0.0,0.0,0.00028,0.0,2
oscar mayer,Pork Sausage Links (cooked),Sausages and Luncheon Meats,343.0,16.3,30.5,1.0,0.9,0.0,0.0,0.0,0.0,0.0,0.0,0.0,16.0,1.72,18.0,0.0,158.0,2.6,0.0,0.0,0.0,0.00032,0.0,2
oscar mayer,Salami Beef Cotto,Sausages and Luncheon Meats,206.0,14.2,15.7,1.9,1.1,0.0,0.0,0.0,0.0,0.0,0.0,0.0,7.0,2.71,17.0,0.0,224.0,2.09,0.0,0.0,0.0,0.00023,0.0,2
oscar mayer,"Salami Cotto (beef, pork, chicken)",Sausages and Luncheon Meats,245.0,13.4,20.3,2.2,1.5,0.0,0.0,0.0,0.0,0.0,0.0,0.0,75.0,2.89,29.0,0.0,247.0,1.97,0.0,0.0,0.0,0.0004199999999999,0.0,2
oscar mayer,Salami (for beer),Sausages and Luncheon Meats,225.0,13.5,18.2,1.9,1.1,0.0,0.0,0.0,0.0,0.0,0.0,0.0,9.0,1.18,18.0,0.0,231.0,2.04,0.0,0.0,0.0,0.0002399999999999,0.0,2
oscar mayer,Salami (Genoa),Sausages and Luncheon Meats,388.0,20.7,33.3,1.2,0.2,0.0,0.34,0.0,0.0,4.27,0.3,0.62,20.0,1.86,23.0,0.043,202.0,3.36,0.0,0.00132,0.0,0.00025,0.0,2
oscar mayer,Salami (hard),Sausages and Luncheon Meats,368.0,25.9,28.7,1.6,0.2,0.0,0.44,0.0,0.0,5.05,0.26,0.57,12.0,1.83,21.0,0.039,180.0,3.16,0.005,0.00188,0.003,0.00019,0.0,2
oscar mayer,"Sandwich Spread (pork, chicken, beef)",Sausages and Luncheon Meats,237.0,6.5,16.6,15.4,7.9,0.3,0.0,0.0,0.0,0.0,0.0,0.0,27.0,0.8,12.0,0.0,69.0,0.88,0.0,0.0,0.0,0.0001799999999999,0.0,0
oscar mayer,Smokie Links Sausage,Sausages and Luncheon Meats,302.0,12.4,27.3,1.7,1.6,0.0,0.0,0.0,0.0,0.0,0.0,0.0,10.0,1.17,17.0,0.0,240.0,2.09,0.0,0.0,0.0,0.00025,0.0,2
oscar mayer,Smokies (beef),Sausages and Luncheon Meats,296.0,12.25,26.65,1.95,1.4,0.0,0.0,0.0,0.0,0.0,0.0,0.0,11.0,1.75,15.0,0.0,230.0,2.96,0.0,0.0,0.011,0.0002,0.0,2
oscar mayer,Smokies (cheese),Sausages and Luncheon Meats,303.0,12.9,27.1,1.8,1.5,0.0,0.0,0.0,0.0,0.0,0.0,0.0,45.0,1.07,16.0,0.0,288.0,1.96,0.0,0.0,0.0,0.0002,0.0,2
oscar mayer,"Smokies Sausage Little (pork, turkey)",Sausages and Luncheon Meats,301.0,12.4,27.1,1.8,1.4,0.0,0.0,0.0,0.0,0.0,0.0,0.0,11.0,1.18,17.0,0.0,212.0,1.97,0.0,0.0,0.0,0.0002,0.0,2
oscar mayer,"Smokies Sausage Little Cheese (pork, turkey)",Sausages and Luncheon Meats,315.0,13.5,28.2,1.7,0.3,0.0,0.0,0.0,0.0,0.0,0.0,0.0,67.0,1.24,21.0,0.0,248.0,2.04,0.0,0.0,0.0,0.0003,0.0,2
oscar mayer,Summer Sausage Beef Thuringer Cervelat,Sausages and Luncheon Meats,309.0,14.6,27.0,1.9,1.1,0.0,0.26,0.0,0.0,4.31,0.33,0.15,8.0,2.49,15.0,0.032,121.0,2.34,0.0,0.0055,0.005,0.00019,0.0,2
oscar mayer,Summer Sausage Thuringer Cervalat,Sausages and Luncheon Meats,304.0,14.9,26.7,0.9,0.5,0.0,0.3,0.0,0.0,4.39,0.29,0.23,9.0,2.24,15.0,0.031,130.0,2.13,0.0,0.00376,0.005,0.00017,0.0,2
oscar mayer,"Turkey Breast (smoked, fat free)",Sausages and Luncheon Meats,80.0,14.9,0.6,3.6,1.1,0.0,0.0,0.0,0.0,0.0,0.0,0.0,10.0,0.77,30.0,0.0,243.0,0.85,0.0,0.0,0.0,0.00026,0.0,0
oscar mayer,"Wieners (pork, turkey)",Sausages and Luncheon Meats,327.0,10.95,29.9,2.7,1.8,0.0,0.0,0.0,0.0,0.0,0.0,0.0,60.0,1.16,17.0,0.0,137.0,1.72,0.0,0.0,0.0,0.00026,0.0,2
oscar mayer,Wieners (beef franks),Sausages and Luncheon Meats,329.0,11.35,30.26,2.78,1.6,0.0,0.072,0.0,0.0,2.292,0.1,0.034,10.0,1.34,13.0,0.02,140.0,2.19,0.0,0.00163,0.006,0.00014,0.0115,2
oscar mayer,"Wieners (beef franks, bun length)",Sausages and Luncheon Meats,324.0,11.1,30.1,2.65,1.8,0.0,0.0,0.0,0.0,0.0,0.0,0.0,13.0,1.56,15.0,0.0,105.0,2.25,0.0,0.0,0.011,0.00015,0.0,2
oscar mayer,"Wieners (beef franks, fat free)",Sausages and Luncheon Meats,78.0,13.2,0.5,5.1,3.8,0.0,0.0,0.0,0.0,0.0,0.0,0.0,20.0,1.95,19.0,0.0,129.0,2.41,0.0,0.0,0.0,0.00016,0.0,0
oscar mayer,"Wieners (beef franks, light)",Sausages and Luncheon Meats,193.0,10.7,14.9,4.1,2.1,0.0,0.0,0.0,0.0,0.0,0.0,0.0,21.0,1.56,18.0,0.0,164.0,2.1,0.0,0.0,0.0,0.0002099999999999,0.0,2
oscar mayer,Wieners (cheese hot dogs with turkey),Sausages and Luncheon Meats,318.0,12.0,28.7,2.8,1.8,0.0,0.0,0.0,0.0,0.0,0.0,0.0,164.0,1.48,25.0,0.0,215.0,1.84,0.0,0.0,0.0,0.0001799999999999,0.0,2
oscar mayer,Wieners (fat free hot dogs),Sausages and Luncheon Meats,73.0,12.6,0.6,4.3,2.1,0.0,0.0,0.0,0.0,0.0,0.0,0.0,15.0,0.92,21.0,0.0,162.0,1.19,0.0,0.0,0.0,0.00022,0.0,0
oscar mayer,"Wieners (light pork, turkey, beef)",Sausages and Luncheon Meats,194.0,12.1,14.9,2.8,1.5,0.0,0.0,0.0,0.0,0.0,0.0,0.0,38.0,1.28,17.0,0.0,169.0,1.77,0.0,0.0,0.0,0.0002,0.0,2
oscar mayer,"Wieners Little (pork, turkey)",Sausages and Luncheon Meats,311.0,10.9,28.7,2.3,1.6,0.0,0.0,0.0,0.0,0.0,0.0,0.0,13.0,1.02,13.0,0.0,97.0,1.84,0.0,0.0,0.0,0.00011,0.0,2
louis rich,Chicken Breast Classic Baked /Grill (carving board),Sausages and Luncheon Meats,98.0,19.7,0.5,3.7,0.7,0.0,0.0,0.0,0.0,0.0,0.0,0.0,8.0,1.28,32.0,0.0,282.0,0.88,0.0,0.0,0.0,0.0002399999999999,0.0,2
louis rich,Chicken Breast (oven roasted deluxe),Sausages and Luncheon Meats,101.0,18.3,2.0,2.5,1.5,0.0,0.0,0.0,0.0,0.0,0.0,0.0,7.0,1.15,24.0,0.0,266.0,0.73,0.0,0.0,0.0,0.00023,0.0,2
louis rich,"Chicken (white, oven roasted)",Sausages and Luncheon Meats,128.0,17.0,5.6,2.3,1.0,0.0,0.0,0.0,0.0,0.0,0.0,0.0,17.0,1.58,24.0,0.0,248.0,1.13,0.0,0.0,0.0,0.00023,0.0,2
louis rich,Franks (turkey and chicken cheese),Sausages and Luncheon Meats,201.0,12.7,14.5,5.1,1.7,0.0,0.0,0.0,0.0,0.0,0.0,0.0,243.0,2.11,22.0,0.0,204.0,1.8,0.0,0.0,0.0,0.0002,0.0,2
louis rich,Franks (turkey and chicken),Sausages and Luncheon Meats,188.0,11.2,13.5,5.3,1.5,0.0,0.0,0.0,0.0,0.0,0.0,0.0,131.0,2.18,23.0,0.0,147.0,1.86,0.0,0.0,0.0,0.00022,0.0,2
turkey bacon,unprepared,Sausages and Luncheon Meats,224.0,15.94,16.93,2.35,0.0,0.0,0.244,0.0,0.11,4.032,0.237,0.03,80.0,1.4,16.0,0.019,222.0,2.54,0.01,0.0011899999999999,0.0,6.8e-05,0.0158,2
louis rich,Turkey Bologna,Sausages and Luncheon Meats,184.0,11.3,13.2,4.85,1.2,0.0,0.0,0.0,0.0,0.0,0.0,0.0,124.0,1.64,22.0,0.0,196.0,1.85,0.0,0.0,0.006,0.0001799999999999,0.0,2
louis rich,Turkey Breast and White Turkey (oven roasted),Sausages and Luncheon Meats,99.0,17.1,2.0,3.25,0.8,0.0,0.0,0.0,0.0,0.0,0.0,0.0,6.0,0.99,22.0,0.0,251.0,0.95,0.0,0.0,0.006,0.00017,0.0,2
louis rich,Turkey Breast and White Turkey (smoked sliced),Sausages and Luncheon Meats,100.0,17.6,2.3,2.4,1.1,0.0,0.0,0.0,0.0,0.0,0.0,0.0,9.0,0.75,35.0,0.0,261.0,0.96,0.0,0.0,0.0,0.00023,0.0,2
louis rich,"Turkey (honey roasted, fat free)",Sausages and Luncheon Meats,102.0,19.3,0.8,4.5,3.9,0.0,0.0,0.0,0.0,0.0,0.0,0.0,15.0,1.11,28.0,0.0,276.0,1.0,0.0,0.0,0.0,0.00022,0.0,2
louis rich,"Turkey Breast (oven roasted, fat free)",Sausages and Luncheon Meats,84.0,15.0,0.7,4.5,1.7,0.0,0.0,0.0,0.0,0.0,0.0,0.0,11.0,1.11,27.0,0.0,232.0,0.86,0.0,0.0,0.0,0.00025,0.0,0
louis rich,"Turkey Breast (oven roasted, portion fat free)",Sausages and Luncheon Meats,90.0,19.1,0.7,1.9,0.4,0.0,0.0,0.0,0.0,0.0,0.0,0.0,17.0,1.11,29.0,0.0,285.0,0.96,0.0,0.0,0.0,0.0002,0.0,2
louis rich,"Turkey Breast (Smoked, Carving Board)",Sausages and Luncheon Meats,94.0,19.7,1.0,1.6,0.3,0.0,0.0,0.0,0.0,0.0,0.0,0.0,15.0,1.47,31.0,0.0,318.0,0.95,0.0,0.0,0.0,0.00017,0.0,2
louis rich,"Turkey Breast (smoked, portion fat free)",Sausages and Luncheon Meats,93.0,19.3,0.8,2.2,0.6,0.0,0.0,0.0,0.0,0.0,0.0,0.0,16.0,1.12,27.0,0.0,302.0,0.88,0.0,0.0,0.0,0.0002,0.0,2
louis rich,Turkey Ham (10% water added),Sausages and Luncheon Meats,113.0,18.2,4.1,0.9,0.9,0.0,0.0,0.0,0.0,0.0,0.0,0.0,5.0,1.27,22.0,0.0,294.0,2.59,0.0,0.0,0.0,0.00025,0.0,2
louis rich,Turkey Nuggets/Sticks (breaded),Sausages and Luncheon Meats,276.0,14.3,17.5,15.4,0.0,0.5,0.0,0.0,0.0,0.0,0.0,0.0,9.0,0.87,21.0,0.0,197.0,1.84,0.0,0.0,0.0,0.00029,0.0,2
louis rich,Turkey Salami,Sausages and Luncheon Meats,147.0,15.3,9.4,0.4,0.4,0.0,0.0,0.0,0.0,0.0,0.0,0.0,40.0,1.25,22.0,0.0,266.0,2.32,0.0,0.0,0.0,0.00019,0.0,2
louis rich,Turkey Salami Cotto,Sausages and Luncheon Meats,149.0,15.0,9.5,0.9,0.4,0.0,0.0,0.0,0.0,0.0,0.0,0.0,31.0,1.64,21.0,0.0,272.0,2.35,0.0,0.0,0.0,0.0003599999999999,0.0,2
louis rich,Turkey Smoked Sausage,Sausages and Luncheon Meats,161.0,14.8,9.9,3.15,2.8,0.0,0.0,0.0,0.0,0.0,0.0,0.0,26.0,1.38,21.0,0.0,204.0,2.15,0.0,0.0,0.006,0.00017,0.0,2
butcher boy meats,"INC., Turkey Franks",Sausages and Luncheon Meats,239.0,13.45,18.17,4.66,2.49,0.2,0.208,0.8,0.0,2.089,0.145,0.057,148.0,1.83,14.0,0.0,246.0,2.88,0.015,0.00025,0.007,9.8e-05,0.0,2
carl buddig,"Cooked Corned Beef, Chopped, Pressed",Sausages and Luncheon Meats,142.0,19.3,6.8,1.0,0.0,0.0,0.0,0.0,0.0,4.2,0.24,0.09,17.0,2.4,0.0,0.0,0.0,0.0,0.0,0.0,0.0,0.0,0.0,2
carl buddig,"Smoked Sliced Chicken, light and dark meat",Sausages and Luncheon Meats,165.0,17.9,10.1,0.7,0.0,0.0,0.0,0.0,0.0,6.74,0.25,0.07,124.0,1.56,0.0,0.0,0.0,0.0,0.0,0.0,0.0,0.0,0.0,2
carl buddig,Smoked Sliced Beef,Sausages and Luncheon Meats,139.0,19.3,6.5,0.6,0.0,0.0,0.0,0.0,0.0,3.86,0.24,0.09,14.0,2.26,0.0,0.0,0.0,0.0,0.0,0.0,0.0,0.0,0.0,2
carl buddig,"Smoked Sliced Turkey, light and dark meat",Sausages and Luncheon Meats,160.0,17.5,9.1,1.8,0.0,0.0,0.0,0.0,0.0,5.86,0.31,0.18,60.0,1.84,0.0,0.0,0.0,0.0,0.0,0.0,0.0,0.0,0.0,2
carl buddig. cooked smoked beef pastrami,"Chopped, Pressed",Sausages and Luncheon Meats,141.0,19.6,6.5,1.0,0.0,0.0,0.0,0.0,0.0,4.1,0.23,0.09,17.0,2.45,0.0,0.0,0.0,0.0,0.0,0.0,0.0,0.0,0.0,2
carl buddig,Smoked Sliced Ham,Sausages and Luncheon Meats,163.0,18.5,9.3,1.1,0.0,0.0,0.0,0.0,0.0,5.17,0.35,0.75,16.0,2.03,0.0,0.0,0.0,0.0,0.0,0.0,0.0,0.0,0.0,2
hormel spam,"Luncheon Meat, pork with ham, minced, canned",Sausages and Luncheon Meats,310.0,13.24,27.24,3.03,0.0,0.0,0.0,0.9,0.0,0.0,0.0,0.0,14.0,0.9,14.0,0.0,0.0,1.8,0.0,0.0,0.003,0.0001,0.0,2
hormel spam,"Lite Luncheon Meat, Pork and chicken, minced, canned, ascorbic acid added",Sausages and Luncheon Meats,191.0,15.23,13.9,1.35,1.26,0.0,0.0,38.5,0.0,0.0,0.0,0.0,39.0,1.4,18.0,0.0,0.0,2.2,0.0,0.0,0.003,0.0001,0.0,2
hormel pillow pak sliced turkey pepperoni,No_descr,Sausages and Luncheon Meats,243.0,30.99,11.52,3.78,0.0,0.0,0.0,0.0,0.0,0.0,0.0,0.0,26.0,2.7,41.0,0.0,0.0,4.3,0.015,0.0,0.004,0.0002,0.0,2
hormel wrangler beef franks,No_descr,Sausages and Luncheon Meats,290.0,12.58,25.69,2.11,1.67,0.0,0.0,19.9,0.0,0.0,0.0,0.0,14.0,1.8,14.0,0.0,0.0,2.3,0.004,0.0,0.011,0.0001,0.0,2
turkey,"pork, and beef sausage, low fat, smoked",Sausages and Luncheon Meats,101.0,8.0,2.5,11.54,0.0,0.6,0.1,1.9,0.09,1.55,0.08,0.13,10.0,2.2,16.0,0.0,74.0,1.2,0.0,0.00028,0.006,0.000134,0.0246,0
usda commodity,"pork, sausage, bulk/links/patties, frozen, cooked",Sausages and Luncheon Meats,267.0,19.76,20.26,0.0,0.0,0.0,0.28,0.0,0.0,2.796,0.241,0.732,9.0,1.15,19.0,0.053,190.0,2.84,0.015,0.00089,0.001,0.000104,0.0217,2
frankfurter,"beef, pork, and turkey, fat free",Sausages and Luncheon Meats,109.0,12.5,1.59,11.21,0.0,0.0,0.181,24.0,0.0,3.466,0.154,0.162,54.0,1.78,14.0,0.0,132.0,2.92,0.0,0.00106,0.006,0.000117,0.0186999999999999,0
luncheon meat,"pork, ham, and chicken, minced, canned, reduced sodium, added ascorbic acid, includes SPAM, 25% less sodium",Sausages and Luncheon Meats,293.0,12.5,25.1,3.4,0.0,0.0,0.283,43.0,0.24,3.175,0.179,0.264,0.0,0.64,14.0,0.0,109.0,2.12,0.0,0.00061,0.004,4.6e-05,0.025,2
usda commodity,"pork sausage, bulk/links/patties, frozen, raw",Sausages and Luncheon Meats,231.0,14.95,18.56,0.0,0.0,0.0,0.234,0.0,0.0,2.619,0.223,0.688,9.0,0.99,17.0,0.018,162.0,2.39,0.012,0.0008399999999999,0.003,4.7e-05,0.0217,2
luncheon meat,"pork with ham, minced, canned, includes SPAM (Hormel)",Sausages and Luncheon Meats,315.0,13.4,26.6,4.6,0.0,0.0,0.218,0.0,0.42,3.53,0.176,0.317,0.0,0.64,14.0,0.0,151.0,1.59,0.0,0.00045,0.003,5.1e-05,0.0229,2
luncheon meat,"pork and chicken, minced, canned, includes SPAM Lite",Sausages and Luncheon Meats,196.0,15.23,13.9,1.35,1.26,0.0,0.283,38.5,0.24,3.45,0.21,0.18,39.0,1.4,18.0,0.0,109.0,2.2,0.0,0.00061,0.004,0.0001,0.027,2
bratwurst,"veal, cooked",Sausages and Luncheon Meats,341.0,13.99,31.7,0.0,0.0,0.0,0.307,0.0,0.0,5.43,0.192,0.054,11.0,0.74,16.0,0.049,150.0,2.05,0.0,0.00098,0.009,8.1e-05,0.0192,2
liverwurst spread,No_descr,Sausages and Luncheon Meats,305.0,12.38,25.45,5.89,1.65,2.5,0.19,3.5,0.0,4.3,1.03,0.272,22.0,8.85,12.0,0.155,230.0,2.3,4.091,0.01346,0.03,0.0002399999999999,0.058,2
roast beef spread,No_descr,Sausages and Luncheon Meats,223.0,15.27,16.28,3.73,0.71,0.2,0.15,0.2,0.0,4.2,0.23,0.02,23.0,2.06,24.0,0.0,116.0,6.08,0.0,0.0023799999999999,0.008,0.000101,0.0226,2
salami,"pork, beef, less sodium",Sausages and Luncheon Meats,396.0,15.01,30.5,15.38,6.21,0.2,0.489,0.7,0.0,4.803,0.336,0.738,94.0,1.55,31.0,0.057,272.0,3.08,0.004,0.00176,0.008,8.8e-05,0.0146,2
sausage,"Italian, sweet, links",Sausages and Luncheon Meats,149.0,16.13,8.42,2.1,0.0,0.0,0.187,0.2,0.0,1.736,0.125,0.172,25.0,1.19,12.0,0.007,103.0,1.52,0.0,0.00104,0.004,4e-05,0.0108,2
sausage,"Polish, beef with chicken, hot",Sausages and Luncheon Meats,259.0,17.6,19.4,3.6,0.0,0.0,0.19,0.0,0.0,3.443,0.148,0.502,12.0,0.88,14.0,0.049,136.0,1.93,0.0,0.00098,0.002,8.999999999999999e-05,0.0177,2
sausage,"Polish, pork and beef, smoked",Sausages and Luncheon Meats,301.0,12.07,26.56,1.98,0.0,0.0,0.17,0.0,0.0,3.227,0.17,0.26,7.0,1.0,12.0,0.037,107.0,2.11,0.0,0.00151,0.004,6e-05,0.0130999999999999,2
sausage,"pork and beef, with cheddar cheese, smoked",Sausages and Luncheon Meats,296.0,12.89,25.84,2.13,0.11,0.0,0.13,0.0,0.0,2.9,0.16,0.249,57.0,0.73,13.0,0.032,178.0,2.25,0.0,0.00173,0.003,7.000000000000001e-05,0.0075,2
sausage,"summer, pork and beef, sticks, with cheddar cheese",Sausages and Luncheon Meats,426.0,19.43,37.91,1.82,0.12,0.2,0.13,0.0,0.0,2.9,0.16,0.249,81.0,2.26,13.0,0.032,178.0,2.25,0.225,0.00173,0.007,7.000000000000001e-05,0.0075,2
sausage,"turkey, breakfast links, mild",Sausages and Luncheon Meats,235.0,15.42,18.09,1.56,0.0,0.0,0.208,0.5,0.19,3.692,0.165,0.054,32.0,1.07,16.0,0.0,155.0,2.98,0.0,0.00079,0.004,0.000111,0.0,2
swisswurst,"pork and beef, with swiss cheese, smoked",Sausages and Luncheon Meats,307.0,12.69,27.37,1.6,0.0,0.0,0.13,0.0,0.0,2.9,0.16,0.249,74.0,0.72,13.0,0.032,178.0,2.25,0.1,0.00173,0.003,7.000000000000001e-05,0.0075,2
bacon and beef sticks,No_descr,Sausages and Luncheon Meats,517.0,29.1,44.2,0.8,0.8,0.0,0.5,0.0,0.0,4.867,0.285,0.6,14.0,1.86,17.0,0.038,142.0,3.23,0.0,0.0019,0.002,8e-05,0.0261,2
bratwurst,"beef and pork, smoked",Sausages and Luncheon Meats,297.0,12.2,26.34,2.0,0.0,0.0,0.2,0.0,0.0,3.11,0.213,0.38,7.0,1.0,15.0,0.041,130.0,2.47,0.0,0.00267,0.004,8e-05,0.0141,2
bratwurst,"chicken, cooked",Sausages and Luncheon Meats,176.0,19.44,10.35,0.0,0.0,0.0,0.385,2.0,0.0,7.551,0.133,0.067,11.0,0.87,23.0,0.0,160.0,1.43,0.03,0.00034,0.006,5e-05,0.0,2
bratwurst,"pork, beef and turkey, lite, smoked",Sausages and Luncheon Meats,186.0,14.45,13.53,1.62,1.57,0.0,0.213,0.0,0.0,1.847,0.166,0.09,14.0,0.94,14.0,0.015,132.0,2.68,0.0,0.0016,0.005,6.3e-05,0.0202,2
pastrami,"beef, 98% fat-free",Sausages and Luncheon Meats,95.0,19.6,1.16,1.54,0.0,0.0,0.18,34.6,0.0,5.065,0.17,0.095,9.0,2.78,18.0,0.013,150.0,4.26,0.0,0.00176,0.007,7.9e-05,0.0104,2
salami,"Italian, pork",Sausages and Luncheon Meats,425.0,21.7,37.0,1.2,1.2,0.0,0.55,0.0,0.0,5.6,0.33,0.93,10.0,1.52,22.0,0.07,229.0,4.2,0.0,0.0028,0.002,0.00016,0.0254,2
sausage,"Italian, turkey, smoked",Sausages and Luncheon Meats,158.0,15.05,8.75,4.65,3.2,0.9,0.381,30.4,0.0,3.675,0.173,0.071,21.0,9.6,25.0,0.066,185.0,2.13,0.043,0.00043,0.008,0.000111,0.0222,2
sausage,"chicken, beef, pork, skinless, smoked",Sausages and Luncheon Meats,216.0,13.6,14.3,8.1,1.9,0.0,0.213,0.0,0.0,1.847,0.166,0.09,100.0,4.8,14.0,0.015,132.0,2.68,0.0,0.0016,0.006,6.3e-05,0.0202,2
sausage,"turkey, hot, smoked",Sausages and Luncheon Meats,158.0,15.05,8.75,4.65,3.2,0.9,0.381,30.4,0.09,3.675,0.173,0.071,21.0,9.6,25.0,0.0,185.0,2.13,0.043,0.00043,0.008,0.000111,0.0222,2
yachtwurst,"with pistachio nuts, cooked",Sausages and Luncheon Meats,268.0,14.8,22.6,1.4,0.0,0.0,0.0,0.0,0.0,0.0,0.0,0.0,19.0,1.0,0.0,0.0,0.0,0.0,0.0,0.0,0.0,0.0,0.0,2
beerwurst,pork and beef,Sausages and Luncheon Meats,276.0,14.0,22.53,4.27,0.0,0.9,0.23,0.6,0.0,2.975,0.173,0.246,27.0,1.73,19.0,0.155,135.0,2.21,0.003,0.00116,0.005,0.000103,0.0174,2
chicken breast,"fat-free, mesquite flavor, sliced",Sausages and Luncheon Meats,80.0,16.8,0.39,2.25,0.2,0.0,0.12,0.0,0.0,2.742,0.023,0.014,4.0,0.3,36.0,0.034,256.0,0.6,0.0,7.000000000000001e-05,0.001,0.00023,0.0060999999999999,2
chicken breast,"oven-roasted, fat-free, sliced",Sausages and Luncheon Meats,79.0,16.79,0.39,2.17,0.1,0.0,0.15,0.0,0.0,3.428,0.029,0.018,6.0,0.32,9.0,0.043,60.0,0.3,0.0,8.999999999999999e-05,0.001,3.4e-05,0.0076,2
kielbasa,"Polish, turkey and beef, smoked",Sausages and Luncheon Meats,226.0,13.1,17.6,3.9,0.0,0.0,0.0,14.8,0.0,0.0,0.0,0.0,0.0,1.24,0.0,0.0,0.0,0.0,0.0,0.0,0.0,0.0,0.0,2
oven-roasted chicken breast roll,No_descr,Sausages and Luncheon Meats,134.0,14.59,7.65,1.79,0.43,0.0,0.298,0.0,0.07,6.536,0.062,0.043,6.0,0.32,17.0,0.017,121.0,0.65,0.0,0.0002399999999999,0.003,6.900000000000001e-05,0.0116999999999999,2
bologna,"pork and turkey, lite",Sausages and Luncheon Meats,211.0,13.06,16.06,3.45,0.0,0.0,0.163,0.0,0.0,3.072,0.097,0.159,48.0,1.15,17.0,0.155,94.0,0.73,0.001,0.00029,0.018,8.2e-05,0.0056,2
bologna,"pork, turkey and beef",Sausages and Luncheon Meats,336.0,11.56,29.25,6.66,1.35,0.0,0.388,11.0,0.0,3.31,0.15,0.152,31.0,1.2,14.0,0.265,128.0,2.22,0.0,0.00108,0.004,9.3e-05,0.0124,2
ham,"honey, smoked, cooked",Sausages and Luncheon Meats,122.0,17.93,2.37,7.27,0.0,0.0,0.231,0.6,0.0,2.276,0.101,0.402,6.0,0.39,8.0,0.028,384.0,0.91,0.0,0.00038,0.002,4.1e-05,0.0104,2
frankfurter,pork,Sausages and Luncheon Meats,269.0,12.81,23.68,0.28,0.0,0.1,0.322,2.0,0.0,2.773,0.179,0.593,267.0,3.7,15.0,0.016,171.0,2.09,0.079,0.00049,0.003,7.4e-05,0.0278,2
macaroni and cheese loaf,"chicken, pork and beef",Sausages and Luncheon Meats,228.0,11.76,14.96,11.63,0.0,0.0,0.329,16.7,0.0,2.84,0.249,0.237,122.0,1.2,27.0,0.277,173.0,1.51,0.0,0.00068,0.033,0.00011,0.023,2
salami,"Italian, pork and beef, dry, sliced, 50% less sodium",Sausages and Luncheon Meats,350.0,21.8,26.4,6.4,0.0,0.0,0.5,0.0,0.0,4.867,0.285,0.6,8.0,1.51,17.0,0.038,142.0,3.23,0.0,0.0019,0.002,8e-05,0.0261,2
pate,truffle flavor,Sausages and Luncheon Meats,327.0,11.2,28.5,6.3,0.0,0.0,0.06,2.0,0.0,3.3,0.6,0.03,70.0,3.94,13.0,0.12,200.0,2.85,4.505,0.0032,0.06,0.0004,0.0416,2
turkey,"breast, smoked, lemon pepper flavor, 97% fat-free",Sausages and Luncheon Meats,95.0,20.9,0.69,1.31,0.0,0.0,0.0,0.0,0.0,0.0,0.0,0.0,0.0,0.0,0.0,0.0,0.0,0.0,0.0,0.0,0.0,0.0,0.0,2
turkey,"white, rotisserie, deli cut",Sausages and Luncheon Meats,112.0,13.5,3.0,7.7,4.0,0.4,0.294,10.0,0.0,5.159,0.114,0.033,16.0,2.2,20.0,0.02,158.0,2.1,0.002,0.00022,0.004,3.9e-05,0.0299,0
frankfurter,"beef, heated",Sausages and Luncheon Meats,322.0,11.69,29.36,2.66,1.27,0.0,0.193,0.0,0.2,1.827,0.05,0.017,11.0,1.22,9.0,0.017,139.0,2.17,0.0,0.0014399999999999,0.01,4.7e-05,0.0108,2
frankfurter,"meat, heated",Sausages and Luncheon Meats,278.0,9.77,24.31,4.9,0.0,0.0,0.165,0.0,0.18,2.654,0.12,0.055,99.0,1.22,15.0,0.051,211.0,1.08,0.0,0.00157,0.006,0.0001509999999999,0.0125,2
frankfurter,meat,Sausages and Luncheon Meats,290.0,10.26,25.76,4.17,0.0,0.0,0.166,0.0,0.19,2.665,0.121,0.055,99.0,1.09,15.0,0.045,206.0,1.2,0.0,0.00157,0.006,9.7e-05,0.0125,2
scrapple,pork,Sausages and Luncheon Meats,213.0,8.06,13.87,14.06,0.2,0.3,0.12,2.5,0.15,2.273,0.287,0.116,7.0,1.89,13.0,0.0,76.0,1.06,0.626,0.00031,0.005,0.000212,0.0174,0
bologna,"chicken, turkey, pork",Sausages and Luncheon Meats,298.0,9.88,26.18,5.65,0.0,0.0,0.18,19.7,0.41,3.32,0.132,0.042,82.0,1.16,15.0,0.044,185.0,1.28,0.013,0.00079,0.009,6e-05,0.0,2
pork sausage,"link/patty, fully cooked, microwaved",Sausages and Luncheon Meats,437.0,15.12,41.66,0.62,0.62,0.0,0.137,0.0,0.88,4.328,0.18,0.243,17.0,0.95,15.0,0.065,193.0,1.59,0.022,0.00076,0.001,8.5e-05,0.0225,2
beef sausage,pre-cooked,Sausages and Luncheon Meats,405.0,15.5,37.57,0.03,0.0,0.0,0.192,0.7,0.49,3.21,0.117,0.028,15.0,1.53,13.0,0.042,185.0,2.92,0.025,0.0020299999999999,0.005,6.6e-05,0.0,2
turkey sausage,"fresh, raw",Sausages and Luncheon Meats,155.0,18.79,8.08,0.47,0.0,0.0,0.431,2.3,0.13,4.6,0.234,0.077,19.0,1.17,19.0,0.021,177.0,3.06,0.013,0.0013,0.005,8.599999999999999e-05,0.0,2
beef sausage,"fresh, cooked",Sausages and Luncheon Meats,332.0,18.21,27.98,0.35,0.0,0.0,0.313,0.0,0.24,3.6,0.15,0.048,11.0,1.57,14.0,0.0,141.0,4.38,0.013,0.0020099999999999,0.003,6.900000000000001e-05,0.0,2
pork and turkey sausage,pre-cooked,Sausages and Luncheon Meats,342.0,12.05,30.64,3.63,0.0,0.0,0.124,0.7,0.52,2.73,0.099,0.089,74.0,1.3,25.0,0.239,136.0,1.34,0.021,0.00058,0.01,0.000113,0.0,2
turkey sausage,"fresh, cooked",Sausages and Luncheon Meats,196.0,23.89,10.44,0.0,0.0,0.0,0.322,0.7,0.18,5.72,0.255,0.084,22.0,1.49,21.0,0.024,202.0,3.88,0.013,0.00123,0.006,0.000145,0.0,2
bologna,"chicken, pork, beef",Sausages and Luncheon Meats,272.0,11.33,22.73,5.61,0.0,0.0,0.227,15.8,0.25,3.463,0.135,0.074,92.0,1.25,15.0,0.043,227.0,1.22,0.013,0.0005899999999999,0.007,6.4e-05,0.0,2
bologna,"chicken, pork",Sausages and Luncheon Meats,336.0,10.31,30.61,4.19,0.0,0.0,0.19,13.2,0.64,3.68,0.129,0.063,196.0,1.12,16.0,0.042,223.0,1.04,0.013,0.0005,0.013,3.9e-05,0.0,2
chicken breast,"deli, rotisserie seasoned, sliced, prepackaged",Sausages and Luncheon Meats,98.0,17.4,1.86,2.92,0.75,0.0,0.445,0.0,0.32,9.055,0.071,0.048,11.0,0.39,26.0,0.018,257.0,0.51,0.002,0.00014,0.007,2e-05,0.0132,2
frankfurter,"meat and poultry, unheated",Sausages and Luncheon Meats,277.0,9.72,24.18,5.02,2.75,0.0,0.063,22.5,0.44,2.813,0.145,0.047,106.0,1.04,11.0,0.017,175.0,1.14,0.031,0.0007099999999999,0.006,4.2e-05,0.0124,2
frankfurter,"meat and poultry, cooked, boiled",Sausages and Luncheon Meats,298.0,10.31,26.28,4.96,2.7,0.0,0.067,19.4,0.45,2.672,0.145,0.044,107.0,1.12,11.0,0.02,180.0,1.25,0.031,0.00069,0.009,4e-05,0.0133,2
frankfurter,"meat and poultry, cooked, grilled",Sausages and Luncheon Meats,302.0,10.67,26.43,5.24,2.85,0.0,0.057,19.2,0.45,3.058,0.154,0.049,118.0,1.15,12.0,0.02,192.0,1.27,0.032,0.00067,0.009,4.3e-05,0.0130999999999999,2
pork sausage,"link/patty, reduced fat, unprepared",Sausages and Luncheon Meats,217.0,16.75,16.55,0.2,0.0,0.0,0.27,0.0,0.99,6.187,0.17,0.31,15.0,1.46,18.0,0.042,153.0,2.42,0.027,0.00105,0.002,8.8e-05,0.0226999999999999,2
pork sausage,"link/patty, reduced fat, cooked, pan-fried",Sausages and Luncheon Meats,267.0,20.94,20.32,0.15,0.0,0.0,0.282,0.0,1.22,7.737,0.21,0.377,19.0,1.91,22.0,0.052,185.0,3.14,0.028,0.00116,0.001,8.8e-05,0.03,2
pork sausage,"link/patty, fully cooked, unheated",Sausages and Luncheon Meats,392.0,13.46,37.25,0.69,0.53,0.0,0.143,0.0,0.68,3.984,0.178,0.241,16.0,0.92,13.0,0.053,164.0,1.45,0.021,0.00076,0.0,6.900000000000001e-05,0.0203,2
kielbasa,"fully cooked, grilled",Sausages and Luncheon Meats,337.0,12.45,29.68,5.03,2.39,0.0,0.097,14.7,0.38,3.727,0.212,0.15,42.0,0.99,16.0,0.057,204.0,1.53,0.009,0.0007199999999999,0.0,5.6e-05,0.0198,2
kielbasa,"fully cooked, pan-fried",Sausages and Luncheon Meats,333.0,12.36,29.43,4.78,2.38,0.0,0.095,16.2,0.39,3.694,0.209,0.146,40.0,0.93,15.0,0.054,199.0,1.55,0.01,0.0007199999999999,0.0,5.9e-05,0.0186999999999999,2
kielbasa,"fully cooked, unheated",Sausages and Luncheon Meats,325.0,10.84,29.63,3.72,2.05,0.0,0.1,19.1,0.42,3.148,0.156,0.15,24.0,0.75,14.0,0.054,168.0,1.29,0.008,0.00068,0.001,6.6e-05,0.0176,2
bologna,meat and poultry,Sausages and Luncheon Meats,281.0,10.34,23.77,6.31,1.97,0.0,0.193,0.0,0.59,3.187,0.158,0.047,125.0,1.24,15.0,0.038,212.0,1.06,0.0,0.00047,0.007,3.5000000000000004e-05,0.0144,2
meatballs,"frozen, Italian style",Sausages and Luncheon Meats,286.0,14.4,22.21,8.06,3.47,2.3,0.202,0.0,0.42,3.108,0.23,0.136,80.0,1.77,31.0,0.282,239.0,1.66,0.022,0.001,0.0,0.000123,0.0153,2
turkey bacon,microwaved,Sausages and Luncheon Meats,368.0,29.5,25.87,4.24,4.24,0.0,0.374,0.0,0.14,8.102,0.398,0.049,163.0,2.63,30.0,0.034,416.0,4.71,0.019,0.00188,0.015,0.000118,0.0285,2
cereals ready-to-eat,"KELLOGG, KELLOGG'S ALL-BRAN Original",Breakfast Cereals,260.0,13.14,4.9,74.24,15.69,29.3,12.0,20.0,1.24,14.8,2.71,2.27,389.0,17.6,362.0,7.41,1150.0,12.4,0.522,0.0188,2.198,0.00104,0.0094,3
cereals ready-to-eat,"POST, ALPHA-BITS",Breakfast Cereals,389.0,10.0,4.6,80.3,21.0,7.1,1.7,20.0,0.31,16.7,1.4,1.3,35.0,30.0,99.0,0.0,309.0,5.0,0.741,0.005,1.12,0.0003,0.0209,3
cereals ready-to-eat,"KELLOGG, KELLOGG'S APPLE JACKS",Breakfast Cereals,375.0,5.1,3.4,88.2,43.7,9.3,1.79,54.0,0.12,17.9,1.52,1.34,12.0,16.1,29.0,0.499,70.0,5.4,0.527,0.0054,0.594,9.8e-05,0.0056,1
cereals ready-to-eat,"KELLOGG, KELLOGG'S ALL-BRAN BRAN BUDS",Breakfast Cereals,257.0,8.9,2.5,81.0,26.7,42.5,6.67,20.0,0.0,16.7,1.42,1.25,63.0,15.0,200.0,5.789,500.0,5.0,0.5,0.02,2.237,0.0005,0.0289,3
cereals ready-to-eat,"QUAKER, CAP'N CRUNCH",Breakfast Cereals,398.0,4.39,5.12,85.51,44.32,2.5,2.138,0.0,0.62,21.465,1.822,1.614,11.0,19.42,55.0,0.747,167.0,16.16,0.007,0.0,2.63,0.000111,0.0065,1
cereals ready-to-eat,"QUAKER, CAP'N CRUNCH with CRUNCHBERRIES",Breakfast Cereals,397.0,4.45,4.83,85.93,44.2,2.6,2.14,0.1,0.63,20.75,1.8,1.6,11.0,19.8,55.0,0.0,168.0,15.56,0.007,0.0,2.757,0.0001189999999999,0.0104,1
cereals ready-to-eat,"QUAKER, CAP'N CRUNCH'S PEANUT BUTTER CRUNCH",Breakfast Cereals,417.0,7.1,9.23,78.65,33.36,2.7,2.038,0.0,0.61,20.36,1.732,1.53,9.0,18.36,69.0,0.0,194.0,15.29,0.008,0.0,2.629,0.000111,0.0075,1
cereals ready-to-eat,"GENERAL MILLS, CHEERIOS",Breakfast Cereals,376.0,12.09,6.73,73.23,4.36,9.4,2.39,21.6,0.65,20.967,0.1,1.327,401.0,33.17,114.0,3.547,481.0,16.73,0.99,0.00677,1.201,0.000385,0.0249,3
cereals ready-to-eat,"KELLOGG, KELLOGG'S COCOA KRISPIES",Breakfast Cereals,389.0,4.6,2.7,87.9,38.6,1.4,1.61,48.0,10.8,16.1,1.37,1.21,127.0,14.5,38.0,1.1,102.0,5.0,1.21,0.0048,0.546,0.000332,0.0161,1
cereals ready-to-eat,"POST, COCOA PEBBLES",Breakfast Cereals,397.0,4.8,4.1,85.7,35.8,1.6,1.7,0.0,0.13,17.2,1.5,1.3,22.0,6.2,31.0,0.0,95.0,5.2,0.776,0.0052,0.583,0.0003,0.014,1
cereals ready-to-eat,"GENERAL MILLS, COOKIE CRISP",Breakfast Cereals,380.0,5.2,4.4,84.5,34.8,5.1,1.923,23.1,0.57,19.2,1.6,1.4,385.0,17.3,31.0,0.353,154.0,14.4,0.546,0.0058,0.641,0.000213,0.0073,1
cereals ready-to-eat,"QUAKER, QUAKER CRUNCHY BRAN",Breakfast Cereals,331.0,6.37,4.06,83.68,20.66,15.3,2.038,0.0,0.67,20.389,1.73,0.506,71.0,30.98,61.0,0.359,186.0,15.3,0.008,0.0,2.629,0.000117,0.0111,3
cereals ready-to-eat,GENERAL MILLS Corn CHEX,Breakfast Cereals,370.0,6.4,2.4,84.9,11.1,5.6,1.936,29.0,0.29,16.1,1.6,2.4,323.0,29.0,26.0,0.333,129.0,12.1,0.924,0.0077,1.083,0.000165,0.0096999999999999,3
cereals ready-to-eat,"KELLOGG, KELLOGG'S Corn Flakes",Breakfast Cereals,357.0,7.5,0.4,84.1,9.5,3.3,1.79,21.0,0.12,17.9,1.52,1.34,5.0,28.9,39.0,0.168,102.0,1.0,0.49,0.005,0.583,0.000198,0.0083,3
cereals ready-to-eat,"KELLOGG, KELLOGG'S CRACKLIN' OAT BRAN",Breakfast Cereals,395.0,9.2,14.1,70.3,28.0,12.7,1.02,31.0,0.0,10.2,0.87,0.77,59.0,3.7,153.0,0.0,278.0,3.1,0.244,0.0031,0.334,0.0004,0.0273,3
cereals ready-to-eat,RALSTON CRISP RICE,Breakfast Cereals,394.0,6.69,1.26,86.22,12.12,0.7,1.937,64.5,0.06,28.967,1.288,2.05,5.0,32.73,23.0,1.1,98.0,1.3,1.136,0.00545,1.027,0.000149,0.018,3
cereals ready-to-eat,"KELLOGG, KELLOGG'S ALL-BRAN COMPLETE Wheat Flakes",Breakfast Cereals,327.0,10.2,2.5,81.6,18.8,17.3,6.9,207.0,46.35,69.0,5.86,5.17,39.0,62.1,138.0,5.297,517.0,51.7,0.776,0.021,2.331,0.0005,0.0105,3
cereals ready-to-eat,POST Bran Flakes,Breakfast Cereals,328.0,9.9,2.1,80.5,18.6,18.3,1.7,0.0,0.77,16.7,1.4,1.3,44.0,28.0,229.0,0.0,449.0,5.0,0.749,0.005,1.12,0.0005,0.0525,3
cereals ready-to-eat,"KELLOGG, KELLOGG'S FROOT LOOPS",Breakfast Cereals,375.0,5.3,3.4,88.0,41.7,9.3,1.72,52.0,0.15,17.2,1.47,1.29,10.0,15.5,31.0,0.56,74.0,5.2,0.501,0.0052,0.573,8.9e-05,0.0059,1
cereals ready-to-eat,"KELLOGG'S FROSTED MINI-WHEATS, Big Bite",Breakfast Cereals,350.0,9.2,1.6,83.4,20.3,10.8,0.86,0.0,0.67,8.6,0.73,0.65,28.0,28.0,86.0,3.466,368.0,2.7,0.0,0.0026,0.573,0.00035,0.0040999999999999,3
cereals ready-to-eat,"KELLOGG, KELLOGG'S FROSTED RICE KRISPIES",Breakfast Cereals,384.0,4.3,0.4,91.3,40.2,0.5,1.67,50.0,11.25,16.7,1.42,1.25,6.0,18.0,23.0,0.687,81.0,0.8,1.25,0.005,0.677,0.000164,0.0154,1
cereals ready-to-eat,"POST, FRUITY PEBBLES",Breakfast Cereals,402.0,4.6,4.0,86.1,34.4,0.8,1.9,22.2,0.13,18.5,1.6,1.4,19.0,6.7,16.0,0.0,71.0,5.6,0.833,0.0056,0.627,0.0001,0.0101999999999999,1
cereals ready-to-eat,"GENERAL MILLS, GOLDEN GRAHAMS",Breakfast Cereals,374.0,5.3,3.2,85.1,35.0,5.6,1.613,19.4,0.64,16.1,1.4,1.2,323.0,14.5,26.0,1.848,129.0,12.1,0.472,0.0048,0.535,0.000206,0.0056,1
cereals ready-to-eat,"granola, homemade",Breakfast Cereals,489.0,14.85,24.06,53.25,20.0,9.0,0.294,1.2,11.11,2.143,0.292,0.735,78.0,4.23,175.0,4.053,456.0,4.03,0.001,0.0,0.082,0.000635,0.0278,3
cereals ready-to-eat,"POST, GRAPE-NUTS Cereal",Breakfast Cereals,365.0,10.9,2.1,80.49,8.9,12.1,0.86,0.0,0.62,8.6,0.12,0.65,39.0,28.0,137.0,3.236,342.0,2.07,0.0,0.0,0.573,0.000405,0.0091,3
cereals ready-to-eat,"POST, GRAPE-NUTS Flakes",Breakfast Cereals,376.0,9.4,3.7,82.0,15.2,10.2,1.7,0.0,0.81,17.2,1.5,1.3,36.0,27.9,101.0,0.0,280.0,7.8,0.775,0.0052,1.159,0.0003,0.0477999999999999,3
cereals ready-to-eat,"GENERAL MILLS, HONEY NUT CHEERIOS",Breakfast Cereals,376.0,8.85,5.0,79.69,32.89,7.1,2.267,21.4,0.48,21.4,1.867,1.917,425.0,20.58,90.0,2.19,328.0,17.17,0.834,0.0075,1.106,0.000234,0.016,1
cereals ready-to-eat,"POST, Honeycomb Cereal",Breakfast Cereals,396.0,6.0,2.9,87.1,32.3,3.1,1.6,0.0,0.17,15.6,1.3,1.2,11.0,8.4,45.0,0.0,131.0,4.7,0.678,0.0047,0.518,0.0001,0.0103,1
cereals ready-to-eat,"QUAKER, KING VITAMAN",Breakfast Cereals,381.0,6.41,3.44,83.85,20.27,3.4,1.672,40.0,4.55,16.842,1.425,1.268,10.0,29.0,82.0,0.412,250.0,12.71,0.968,0.005,2.255,9.1e-05,0.0065,3
cereals ready-to-eat,"GENERAL MILLS, KIX",Breakfast Cereals,357.0,7.69,3.46,82.82,9.76,8.8,2.3,25.4,0.3,24.25,2.0,1.955,570.0,32.0,51.0,1.13,189.0,17.42,0.879,0.0057,1.324,0.0001419999999999,0.0085,3
cereals ready-to-eat,"QUAKER, QUAKER OAT LIFE, plain",Breakfast Cereals,374.0,9.98,4.43,77.74,19.43,6.6,1.8,0.0,0.61,17.18,1.49,1.28,351.0,29.33,98.0,2.333,423.0,13.78,0.002,0.0,2.205,0.000277,0.023,3
cereals ready-to-eat,"GENERAL MILLS, LUCKY CHARMS",Breakfast Cereals,380.0,7.67,5.02,80.89,36.13,5.0,3.01,26.6,0.45,25.3,1.723,1.737,434.0,22.27,74.0,2.173,289.0,18.62,0.847,0.0068,1.246,0.000213,0.0146,1
cereals ready-to-eat,"QUAKER, 100% Natural Granola, Oats, Wheat and Honey",Breakfast Cereals,421.0,10.55,11.62,73.65,20.34,10.2,0.231,0.2,1.3,2.308,0.289,0.411,109.0,2.81,121.0,0.0,392.0,2.95,0.002,0.00017,0.037,0.000312,0.0173,3
cereals ready-to-eat,"GENERAL MILLS, Honey Nut CHEX",Breakfast Cereals,375.0,6.3,2.0,86.67,28.1,3.9,1.56,18.8,0.21,15.6,1.29,1.2,313.0,14.1,25.0,0.278,63.0,11.69,0.432,0.00469,0.518,0.00013,0.0105,1
cereals ready-to-eat,"KELLOGG, KELLOGG'S PRODUCT 19",Breakfast Cereals,374.0,8.5,1.3,84.3,12.5,2.8,6.67,200.0,45.0,66.7,5.67,5.0,16.0,60.0,38.0,1.506,87.0,50.0,0.748,0.02,2.253,0.0001,0.012,3
cereals ready-to-eat,"QUAKER, SWEET CRUNCH/QUISP",Breakfast Cereals,406.0,4.51,6.08,85.03,43.36,2.3,2.037,0.0,0.73,20.382,1.732,1.529,9.0,18.35,55.0,0.326,168.0,15.29,0.021,0.0,2.63,6.900000000000001e-05,0.0065,1
cereals ready-to-eat,"KELLOGG, KELLOGG'S RAISIN BRAN",Breakfast Cereals,318.0,7.72,2.72,77.29,31.3,11.4,1.843,0.0,0.66,13.8,1.08,0.753,43.0,12.33,122.0,2.678,347.0,3.39,0.386,0.002,0.328,0.000456,0.0046,3
cereals ready-to-eat,POST Raisin Bran Cereal,Breakfast Cereals,324.0,7.6,1.6,78.9,32.9,13.7,0.8,0.9,0.54,8.5,0.7,0.6,44.0,18.3,168.0,3.21,339.0,3.8,0.38,0.0025,0.563,0.0004,0.0059,3
cereals ready-to-eat,"GENERAL MILLS, Rice CHEX",Breakfast Cereals,375.0,6.9,1.4,84.5,8.1,4.4,1.852,22.2,1.12,18.5,1.6,1.4,370.0,33.3,30.0,3.58,148.0,13.9,0.556,0.0056,1.256,0.0002859999999999,0.0232,3
cereals ready-to-eat,"KELLOGG, KELLOGG'S RICE KRISPIES",Breakfast Cereals,381.0,6.75,2.05,85.05,9.87,0.4,2.35,63.3,26.64,17.967,1.29,1.77,5.0,30.42,27.0,1.3,125.0,1.39,1.136,0.00723,1.034,0.000186,0.0196,3
cereals ready-to-eat,"QUAKER, QUAKER Puffed Rice",Breakfast Cereals,383.0,7.01,0.9,87.78,0.0,1.4,0.0,0.0,0.1,3.525,0.265,0.441,9.0,2.86,30.0,0.0,118.0,1.1,0.0,0.0,0.259,0.0002389999999999,0.0105,3
cereals ready-to-eat,"KELLOGG, KELLOGG'S SPECIAL K",Breakfast Cereals,378.0,18.7,1.7,73.0,12.2,1.1,6.45,68.0,15.3,22.6,1.92,1.69,35.0,28.0,13.0,1.506,74.0,1.3,0.726,0.0193999999999999,2.18,0.000149,0.0549,3
cereals ready-to-eat,"KELLOGG, KELLOGG'S CORN POPS",Breakfast Cereals,387.0,4.8,1.3,89.7,31.3,8.4,1.67,20.0,0.12,16.7,1.42,1.25,7.0,6.0,28.0,0.166,52.0,5.0,0.467,0.005,0.553,8.3e-05,0.0065,1
cereals ready-to-eat,"KELLOGG, KELLOGG'S FROSTED FLAKES",Breakfast Cereals,369.0,3.96,1.68,89.2,35.43,2.2,3.573,24.2,0.07,27.667,1.73,1.903,3.0,26.7,8.0,0.055,47.0,0.15,0.45,0.0081,0.635,3.9e-05,0.0033,1
cereals ready-to-eat,"KELLOGG, KELLOGG'S HONEY SMACKS",Breakfast Cereals,380.0,5.7,2.2,88.5,56.2,5.0,1.85,22.0,0.41,18.5,1.57,1.39,14.0,1.5,59.0,1.895,213.0,1.7,0.556,0.0056,0.616,0.000195,0.0291,1
cereals ready-to-eat,"POST, GOLDEN CRISP",Breakfast Cereals,380.0,5.5,1.7,90.1,53.6,5.0,1.9,0.0,0.33,18.5,1.6,1.4,15.0,6.7,59.0,0.0,227.0,5.6,0.832,0.0056,0.616,0.0002,0.0486,1
cereals ready-to-eat,RALSTON TASTEEOS,Breakfast Cereals,357.0,10.71,5.36,75.5,3.57,10.7,1.786,21.4,0.43,17.857,1.518,1.339,357.0,32.14,143.0,2.7,536.0,13.39,1.071,0.00536,1.201,0.000429,0.047,3
cereals ready-to-eat,"GENERAL MILLS, Whole Grain TOTAL",Breakfast Cereals,320.0,8.4,2.1,74.7,16.4,9.1,6.667,200.0,45.0,66.7,5.7,5.0,3333.0,60.0,80.0,3.446,267.0,50.0,0.498,0.02,2.253,0.0003489999999999,0.0039,3
cereals ready-to-eat,"GENERAL MILLS, TRIX",Breakfast Cereals,383.0,5.0,4.1,85.6,32.0,4.5,1.563,18.8,0.55,15.6,1.3,1.2,313.0,14.1,25.0,0.281,188.0,11.7,0.437,0.0047,0.518,0.0001409999999999,0.0065,1
cereals ready-to-eat,"POST, Honey Nut Shredded Wheat",Breakfast Cereals,373.0,8.5,2.9,83.6,20.7,10.7,0.8,0.0,1.2,8.5,0.7,0.6,38.0,28.0,93.0,0.0,274.0,2.5,0.0,0.0025,0.259,0.0003,0.0409,3
cereals ready-to-eat,"GENERAL MILLS, Wheat CHEX",Breakfast Cereals,345.0,9.8,1.8,82.2,10.3,12.2,1.064,12.8,0.68,10.6,0.9,0.8,213.0,30.6,85.0,3.922,319.0,11.2,0.317,0.0032,1.433,0.000397,0.005,3
cereals ready-to-eat,"MALT-O-MEAL, CORN BURSTS",Breakfast Cereals,384.0,3.41,0.35,88.65,42.47,1.9,5.71,81.4,0.08,46.09,4.19,3.35,5.0,18.22,19.0,0.0,49.0,7.57,1.4,0.00736,0.525,8.1e-05,0.0063,1
cereals ready-to-eat,"wheat germ, toasted, plain",Breakfast Cereals,382.0,29.1,10.7,49.6,7.8,15.1,0.978,6.0,15.99,5.59,0.82,1.67,45.0,9.09,320.0,19.956,1146.0,16.67,0.005,0.0,0.352,0.00062,0.065,3
cereals ready-to-eat,"SUN COUNTRY, KRETSCHMER Honey Crunch Wheat Germ",Breakfast Cereals,372.0,26.55,7.78,58.11,21.43,10.2,0.5,5.5,19.29,4.73,0.69,1.34,50.0,8.05,272.0,15.88,1011.0,13.88,0.005,0.0,0.805,0.0007199999999999,0.0593,3
cereals ready-to-eat,"GENERAL MILLS, Multi-Grain Cheerios",Breakfast Cereals,370.0,8.3,4.09,81.4,21.2,8.7,1.72,20.7,0.62,17.2,1.5,1.29,345.0,27.89,55.0,2.04,276.0,12.89,0.502,0.00519,1.159,0.000265,0.0277,3
cereals ready-to-eat,"GENERAL MILLS, WHEATIES",Breakfast Cereals,353.0,8.3,2.3,83.3,15.2,10.1,3.704,22.2,0.64,37.0,3.1,2.8,74.0,33.3,89.0,3.657,296.0,27.8,0.554,0.0111,1.246,0.000267,0.0047,3
cereals,"corn grits, white, regular and quick, enriched, dry",Breakfast Cereals,370.0,7.65,1.75,79.09,0.57,4.6,0.233,0.0,0.21,4.465,0.339,1.271,4.0,3.05,36.0,0.145,111.0,0.72,0.0,0.0,0.263,3e-05,0.017,3
cereals,"corn grits, white, regular and quick, enriched, cooked with water, without salt",Breakfast Cereals,71.0,1.71,0.46,14.76,0.12,0.8,0.046,0.0,0.03,0.799,0.058,0.086,1.0,0.57,7.0,0.037,20.0,0.18,0.0,0.0,0.038,0.0,0.0031,0
cereals,"QUAKER, corn grits, instant, plain, dry",Breakfast Cereals,343.0,7.31,2.14,78.42,1.51,4.2,0.14,0.0,0.05,9.002,0.697,1.946,378.0,38.75,28.0,0.205,72.0,0.41,0.0,0.0,0.27,3e-05,0.0171,3
cereals,"QUAKER, corn grits, instant, plain, prepared (microwaved or boiling water added), without salt",Breakfast Cereals,74.0,1.58,0.49,15.95,0.1,1.1,0.028,0.0,0.01,1.672,0.135,0.143,64.0,6.71,6.0,0.049,14.0,0.09,0.0,0.0,0.037,0.0,0.0,0
cereals,"QUAKER, corn grits, instant, cheddar cheese flavor, dry",Breakfast Cereals,363.0,8.98,5.46,72.96,2.76,4.2,0.17,0.0,0.11,7.9,0.67,0.74,418.0,30.38,26.0,0.136,80.0,0.42,0.004,0.0005,0.276,3.1e-05,0.0166,3
cereals,"QUAKER, Instant Grits, Country Bacon flavor, dry",Breakfast Cereals,340.0,9.93,1.73,75.39,0.38,5.1,0.14,0.0,0.11,8.37,0.71,0.78,418.0,30.38,27.0,0.0,93.0,0.55,0.0,0.0,0.0,0.0,0.0,3
cereals,"CREAM OF RICE, dry",Breakfast Cereals,370.0,6.3,0.5,82.4,0.3,0.7,0.195,0.0,0.11,7.46,0.13,0.51,5.0,28.44,23.0,1.033,124.0,1.12,0.0,0.0,0.029,0.000244,0.019,3
cereals,"CREAM OF RICE, cooked with water, without salt",Breakfast Cereals,52.0,0.9,0.1,11.4,0.04,0.1,0.027,0.0,0.02,1.039,0.018,0.071,1.0,3.96,3.0,0.144,17.0,0.16,0.0,0.0,0.003,3.4e-05,0.003,0
cereals,"CREAM OF WHEAT, regular, 10 minute cooking, dry",Breakfast Cereals,370.0,10.5,1.5,76.5,0.2,3.8,0.108,0.0,0.11,4.2,0.2,0.5,606.0,28.6,27.0,0.0,115.0,0.88,0.0,0.0,0.182,0.000206,0.02,3
cereals,"CREAM OF WHEAT, regular (10 minute), cooked with water, without salt",Breakfast Cereals,50.0,1.44,0.21,10.52,0.03,0.5,0.013,0.0,0.02,0.52,0.025,0.055,87.0,3.74,5.0,0.0,15.0,0.13,0.0,0.0,0.018,4e-05,0.0028,0
cereals,"farina, enriched, assorted brands including CREAM OF WHEAT, quick (1-3 minutes), dry",Breakfast Cereals,360.0,11.6,1.41,73.19,0.56,4.2,0.463,0.0,0.33,13.7,0.563,1.009,711.0,33.39,45.0,1.298,252.0,1.32,0.0,0.0,0.182,0.000203,0.02,3
cereals,"farina, enriched, assorted brands including CREAM OF WHEAT, quick (1-3 minutes), cooked with water, without salt",Breakfast Cereals,55.0,1.82,0.34,10.92,0.76,0.8,0.096,0.0,0.04,1.493,0.065,0.126,97.0,5.33,7.0,0.196,37.0,0.23,0.0,0.0,0.119,4.1e-05,0.0128,0
cereals,"CREAM OF WHEAT, instant, dry",Breakfast Cereals,366.0,10.6,1.4,75.5,0.4,3.3,1.786,0.0,0.11,17.857,1.214,1.339,357.0,28.6,34.0,0.0,103.0,0.98,1.341,0.0,0.583,0.000216,0.02,3
cereals,"CREAM OF WHEAT, instant, prepared with water, without salt",Breakfast Cereals,62.0,1.84,0.24,13.08,0.07,0.6,0.309,0.0,0.02,3.093,0.21,0.232,64.0,4.96,6.0,0.0,18.0,0.17,0.232,0.0,0.101,4.3e-05,0.0035,0
cereals,"farina, enriched, cooked with water, without salt",Breakfast Cereals,53.0,1.82,0.34,10.92,0.76,0.8,0.096,0.0,0.04,1.493,0.065,0.126,97.0,5.33,7.0,0.196,37.0,0.23,0.0,0.0,0.119,4.1e-05,0.003,0
cereals,"MALT-O-MEAL, original, plain, dry",Breakfast Cereals,365.0,11.8,0.54,77.26,0.0,2.9,1.94,0.0,0.0,19.34,1.05,1.2,354.0,38.82,16.0,0.0,213.0,0.57,0.0,0.0,1.93,7.9e-05,0.0235,3
cereals,"oats, regular and quick, not fortified, dry",Breakfast Cereals,379.0,13.15,6.52,67.7,0.99,10.1,0.1,0.0,0.42,1.125,0.155,0.46,52.0,4.25,138.0,3.63,410.0,3.64,0.0,0.0,0.032,0.000391,0.0289,3
cereals,"oats, regular and quick, unenriched, cooked with water (includes boiling and microwaving), without salt",Breakfast Cereals,71.0,2.54,1.52,12.0,0.27,1.7,0.005,0.0,0.08,0.225,0.016,0.076,9.0,0.9,27.0,0.58,77.0,1.0,0.0,0.0,0.006,7.4e-05,0.0054,0
cereals,"oats, instant, fortified, plain, dry",Breakfast Cereals,362.0,11.92,6.9,69.52,1.5,10.0,0.08,0.0,0.51,1.035,0.05,0.445,351.0,24.72,128.0,3.385,423.0,2.51,0.772,0.0,0.032,0.0003599999999999,0.0232,3
cereals,"oats, instant, fortified, plain, prepared with water (boiling water added or microwaved)",Breakfast Cereals,68.0,2.37,1.36,11.67,0.46,1.7,0.29,0.0,0.07,3.025,0.215,0.26,80.0,5.96,26.0,0.558,77.0,0.62,0.13,0.0,0.071,6.6e-05,0.005,0
cereals,"QUAKER, Instant Oatmeal, apples and cinnamon, dry",Breakfast Cereals,366.0,8.62,4.61,76.74,28.87,8.3,0.98,1.2,0.42,12.21,1.04,0.73,243.0,8.78,87.0,0.0,294.0,1.97,0.0,0.0,0.0,0.0,0.0,3
cereals,"oats, instant, fortified, with cinnamon and spice, dry",Breakfast Cereals,369.0,9.53,4.84,76.08,25.33,8.0,0.882,0.0,0.5,9.107,0.749,0.748,234.0,8.46,92.0,2.58,322.0,2.29,0.44,0.0,0.314,0.0003019999999999,0.0064,3
cereals,"oats, instant, fortified, with cinnamon and spice, prepared with water",Breakfast Cereals,96.0,2.37,1.21,18.95,6.31,2.0,0.22,0.0,0.12,2.155,0.177,0.168,61.0,2.11,24.0,0.643,80.0,0.57,0.11,0.0,0.078,8.2e-05,0.0016,0
cereals,"QUAKER, Instant Oatmeal, maple and brown sugar, dry",Breakfast Cereals,368.0,9.2,4.63,76.91,30.02,7.2,1.2,0.0,0.44,10.667,0.907,0.917,226.0,8.22,88.0,2.247,297.0,1.7,0.52,0.0,0.208,0.000235,0.0158,1
cereals,"oats, instant, fortified, with raisins and spice, dry",Breakfast Cereals,360.0,8.45,4.03,76.33,37.14,5.7,1.079,0.7,0.4,10.513,0.684,0.846,228.0,9.43,79.0,1.985,273.0,1.76,0.589,0.0,0.348,0.000285,0.0069,1
cereals,"oats, instant, fortified, with raisins and spice, prepared with water",Breakfast Cereals,88.0,1.98,0.95,17.91,8.71,1.3,0.253,0.1,0.09,2.343,0.152,0.179,56.0,2.21,19.0,0.466,64.0,0.42,0.138,0.0,0.082,7.4e-05,0.0016,0
cereals ready-to-eat,"MALT-O-MEAL, MARSHMALLOW MATEYS",Breakfast Cereals,394.0,7.2,3.6,83.3,42.8,4.6,2.64,29.7,0.29,20.1,1.87,1.66,457.0,19.3,60.0,1.693,251.0,14.5,0.892,0.00729,1.253,0.00025,0.0150999999999999,1
cereals,"WHEATENA, dry",Breakfast Cereals,357.0,13.1,2.9,75.6,1.6,12.8,0.12,0.0,3.44,3.52,0.14,0.07,500.0,3.57,130.0,5.262,384.0,4.41,0.001,0.0,0.059,0.00033,0.0707,3
cereals,"WHEATENA, cooked with water",Breakfast Cereals,56.0,2.0,0.5,11.8,0.0,2.7,0.019,0.0,0.0,0.55,0.02,0.01,80.0,0.56,20.0,0.822,60.0,0.69,0.0,0.0,0.007,5.2e-05,0.0,0
cereals,"whole wheat hot natural cereal, dry",Breakfast Cereals,342.0,11.2,2.0,75.2,0.42,9.5,0.391,0.0,1.31,4.9,0.3,0.4,40.0,3.39,122.0,3.2,379.0,2.66,0.0,0.0,0.078,0.000458,0.0707,3
cereals,"whole wheat hot natural cereal, cooked with water, without salt",Breakfast Cereals,62.0,2.0,0.4,13.7,0.08,1.6,0.073,0.0,0.24,0.89,0.05,0.07,7.0,0.62,22.0,0.0,69.0,0.48,0.0,0.0,0.014,8.3e-05,0.0128,0
cereals ready-to-eat,"QUAKER, QUAKER Puffed Wheat",Breakfast Cereals,366.0,16.26,2.15,76.39,1.37,9.4,0.13,0.0,0.0,5.286,0.397,0.639,24.0,4.41,133.0,0.0,331.0,3.07,0.0,0.0004199999999999,0.24,0.000453,0.1231,3
cereals ready-to-eat,"POST, Shredded Wheat, original big biscuit",Breakfast Cereals,337.0,11.37,2.21,78.76,0.94,12.0,1.155,10.1,0.0,5.246,0.128,0.255,50.0,2.95,133.0,2.52,370.0,3.0,0.0,0.0,0.043,0.0003619999999999,0.0028,3
cereals ready-to-eat,"POST, Shredded Wheat, original spoon-size",Breakfast Cereals,351.0,11.8,2.1,81.4,0.9,12.4,0.14,0.0,0.65,5.64,0.09,0.29,58.0,2.5,133.0,0.0,384.0,3.05,0.0,0.0,0.04,0.000334,0.0059,3
cereals ready-to-eat,"rice, puffed, fortified",Breakfast Cereals,402.0,6.3,0.5,89.8,0.0,1.7,0.075,0.0,0.0,35.3,1.8,2.6,6.0,31.7,25.0,1.5,98.0,1.03,0.0,0.0,0.019,0.000169,0.0105,3
cereals ready-to-eat,"wheat, puffed, fortified",Breakfast Cereals,364.0,14.7,1.2,79.6,0.0,4.4,0.17,0.0,0.0,35.3,1.8,2.6,28.0,31.7,145.0,1.755,355.0,2.36,0.0,0.0,0.032,0.0004089999999999,0.1231,3
cereals,"corn grits, yellow, regular and quick, enriched, dry",Breakfast Cereals,368.0,6.72,1.49,79.91,0.55,3.9,0.131,0.0,0.16,4.255,0.324,0.675,4.0,2.9,28.0,0.132,76.0,0.6,0.006,0.0,0.219,3e-05,0.017,3
cereals,"corn grits, yellow, regular and quick, unenriched, dry",Breakfast Cereals,371.0,8.8,1.2,79.6,0.64,1.6,0.147,0.0,0.0,1.2,0.04,0.13,2.0,1.0,27.0,0.106,73.0,0.41,0.011,0.0,0.005,7.5e-05,0.017,3
cereals,"corn grits, white, regular and quick, enriched, cooked with water, with salt",Breakfast Cereals,71.0,1.71,0.46,14.76,0.12,0.8,0.046,0.0,0.03,0.799,0.058,0.086,1.0,0.57,7.0,0.037,20.0,0.18,0.0,0.0,0.038,0.0,0.0031,0
cereals,"corn grits, yellow, regular and quick, enriched, cooked with water, without salt",Breakfast Cereals,65.0,1.23,0.39,13.86,0.09,0.7,0.035,0.0,0.02,0.762,0.058,0.103,1.0,0.57,5.0,0.037,14.0,0.14,0.0,0.0,0.037,0.0,0.0027,0
cereals,"corn grits, yellow, regular, quick, enriched, cooked with water, with salt",Breakfast Cereals,65.0,1.23,0.39,13.86,0.09,0.7,0.035,0.0,0.02,0.762,0.058,0.103,1.0,0.57,5.0,0.037,14.0,0.14,0.0,0.0,0.037,0.0,0.0027,0
cereals,"CREAM OF RICE, cooked with water, with salt",Breakfast Cereals,52.0,0.9,0.1,11.5,0.04,0.1,0.027,0.0,0.02,1.039,0.018,0.071,1.0,3.96,3.0,0.144,17.0,0.16,0.0,0.0,0.003,3.4e-05,0.003,0
cereals,"CREAM OF WHEAT, regular (10 minute), cooked with water, with salt",Breakfast Cereals,50.0,1.46,0.21,10.66,0.03,0.5,0.015,0.0,0.02,0.585,0.028,0.07,89.0,3.99,5.0,0.001,16.0,0.13,0.0,0.0,0.025,4.1e-05,0.0028,0
cereals,"farina, unenriched, dry",Breakfast Cereals,369.0,10.6,0.5,78.0,0.0,1.9,0.058,0.0,0.11,0.7,0.1,0.06,14.0,1.5,13.0,0.693,88.0,0.53,0.0,0.0,0.024,7.9e-05,0.0235,3
cereals,"farina, enriched, cooked with water, with salt",Breakfast Cereals,53.0,1.82,0.34,10.92,0.76,0.8,0.096,0.0,0.04,1.493,0.065,0.126,97.0,5.33,7.0,0.196,37.0,0.23,0.0,0.0,0.119,4.1e-05,0.003,0
cereals,"MALT-O-MEAL, chocolate, dry",Breakfast Cereals,363.0,10.6,0.82,79.55,16.63,2.8,2.05,0.0,2.07,20.31,1.12,1.25,375.0,42.88,33.0,0.0,124.0,0.87,0.0,0.0,1.924,7.9e-05,0.0,3
cereals,"oats, regular and quick and instant, unenriched, cooked with water (includes boiling and microwaving), with salt",Breakfast Cereals,71.0,2.54,1.52,12.0,0.27,1.7,0.005,0.0,0.08,0.225,0.016,0.076,9.0,0.9,27.0,0.58,77.0,1.0,0.0,0.0,0.006,7.4e-05,0.0054,0
cereals,"WHEATENA, cooked with water, with salt",Breakfast Cereals,59.0,2.03,0.45,11.74,0.25,2.0,0.019,0.0,0.53,0.546,0.022,0.011,80.0,0.56,21.0,0.817,60.0,0.69,0.0,0.0,0.009,5.7e-05,0.011,0
cereals,"whole wheat hot natural cereal, cooked with water, with salt",Breakfast Cereals,62.0,2.0,0.4,13.7,0.08,1.6,0.073,0.0,0.24,0.89,0.05,0.07,7.0,0.62,22.0,0.583,69.0,0.48,0.0,0.0,0.014,8.3e-05,0.0128,0
cereals ready-to-eat,"KELLOGG, KELLOGG'S Low Fat Granola without Raisins",Breakfast Cereals,389.0,8.7,5.7,80.9,28.3,7.0,4.08,6.0,2.43,10.2,0.87,0.76,33.0,3.7,68.0,0.0,228.0,7.7,0.459,0.012,1.374,0.0006,0.0173,1
cereals ready-to-eat,"POST, Shredded Wheat, lightly frosted, spoon-size",Breakfast Cereals,352.0,7.8,1.9,83.8,22.3,9.6,0.96,0.0,0.32,9.62,0.82,0.72,13.0,3.46,93.0,4.198,276.0,2.88,0.0,0.0028799999999999,0.313,0.0001729999999999,0.0040999999999999,3
cereals ready-to-eat,POST SELECTS Blueberry Morning,Breakfast Cereals,395.0,6.5,5.3,81.6,29.2,4.7,0.9,0.9,1.56,9.1,0.8,0.7,41.0,3.3,57.0,0.0,162.0,1.6,0.4,0.0027,0.296,0.0002,0.0167,1
cereals ready-to-eat,"GENERAL MILLS, REESE'S PUFFS",Breakfast Cereals,413.0,6.8,11.1,75.6,35.3,4.7,1.724,20.7,23.64,17.2,1.5,1.3,345.0,15.5,55.0,0.473,207.0,12.9,0.495,0.0052,0.573,0.000229,0.0065,1
cereals,"QUAKER, QUAKER MultiGrain Oatmeal, dry",Breakfast Cereals,334.0,12.64,2.73,72.62,2.46,11.9,0.28,0.0,0.66,3.98,0.18,0.34,36.0,2.88,115.0,0.0,346.0,3.21,0.0,0.0,0.029,0.000361,0.0313,3
cereals ready-to-eat,"GENERAL MILLS, OATMEAL CRISP, Crunchy Almond",Breakfast Cereals,390.0,9.89,6.69,78.09,22.89,8.2,0.66,0.0,1.46,6.69,0.1,0.2,33.0,15.0,67.0,0.0,167.0,1.5,0.0,0.0,0.1,0.000345,0.0173,3
cereals ready-to-eat,chocolate-flavored frosted puffed corn,Breakfast Cereals,405.0,3.34,3.5,87.2,43.7,3.8,1.764,52.9,0.11,17.637,1.499,1.323,70.0,15.87,36.0,0.246,141.0,0.56,1.324,0.00529,0.587,0.0002399999999999,0.0065,1
cereals ready-to-eat,"MALT-O-MEAL, COCO-ROOS",Breakfast Cereals,397.0,4.17,4.67,85.93,48.97,3.1,1.79,23.4,0.08,18.17,1.39,1.33,366.0,30.0,50.0,0.0,83.0,13.32,0.478,0.005,1.121,8.999999999999999e-05,0.005,1
cereals ready-to-eat,"QUAKER, QUAKER OAT CINNAMON LIFE",Breakfast Cereals,374.0,9.14,4.1,79.02,25.18,6.3,1.83,0.1,0.55,18.22,1.55,1.37,387.0,23.22,90.0,0.0,390.0,13.78,0.002,0.0,2.227,0.0,0.0,3
cereals ready-to-eat,"QUAKER, HONEY GRAHAM OH!S",Breakfast Cereals,412.0,3.92,7.63,83.65,43.23,2.1,0.321,36.4,5.39,4.334,0.572,1.049,11.0,19.52,43.0,0.0,133.0,5.99,0.436,0.0,0.945,8.999999999999999e-05,0.0078,1
cereals ready-to-eat,"QUAKER, Oatmeal Squares",Breakfast Cereals,379.0,11.38,4.83,77.77,16.69,8.3,0.88,11.5,4.86,9.57,0.85,0.683,201.0,29.3,115.0,3.041,371.0,7.18,0.356,0.0,1.214,0.000474,0.0069,3
cereals ready-to-eat,"QUAKER, Oatmeal Squares, cinnamon",Breakfast Cereals,379.0,11.23,4.88,78.09,16.67,8.7,0.88,12.0,3.24,9.51,0.84,0.75,210.0,29.5,114.0,0.0,369.0,7.14,0.354,0.0,1.221,0.000459,0.0063,3
cereals ready-to-eat,"QUAKER, Toasted Multigrain Crisps",Breakfast Cereals,372.0,12.38,5.11,74.9,16.34,10.2,0.89,11.5,3.11,9.78,0.82,0.72,242.0,29.9,168.0,3.85,518.0,7.72,0.359,0.0,1.24,0.000317,0.007,3
cereals ready-to-eat,"QUAKER, QUAKER 100% Natural Granola with Oats, Wheat, Honey, and Raisins",Breakfast Cereals,412.0,9.66,10.38,74.67,24.63,9.4,0.229,0.5,1.15,2.12,0.26,0.379,101.0,2.69,110.0,2.521,357.0,2.64,0.0,0.00015,0.033,0.000318,0.0138,3
cereals ready-to-eat,"QUAKER, Low Fat 100% Natural Granola with Raisins",Breakfast Cereals,388.0,8.42,5.52,80.57,25.65,9.6,0.248,0.4,1.07,2.371,0.201,0.368,65.0,2.58,100.0,1.554,316.0,1.59,0.001,6e-05,0.029,0.000265,0.0173,3
cereals,"QUAKER, Instant Grits, Butter flavor, dry",Breakfast Cereals,369.0,8.12,5.64,74.83,0.88,4.7,0.13,0.0,0.19,8.45,0.69,0.8,413.0,30.0,23.0,0.0,115.0,0.66,0.0,0.0,0.0,0.0,0.0,3
cereals,"QUAKER, Instant Oatmeal, fruit and cream variety, dry",Breakfast Cereals,379.0,8.3,6.37,75.42,31.27,6.0,1.257,0.3,0.46,12.568,1.068,0.943,307.0,11.3,84.0,2.38,300.0,1.85,0.943,3e-05,0.411,0.000279,0.016,1
cereals,"QUAKER, Instant Oatmeal, raisins, dates and walnuts, dry",Breakfast Cereals,371.0,8.82,6.98,72.41,30.85,6.9,1.197,0.8,0.55,11.968,1.017,0.892,297.0,10.7,92.0,2.224,296.0,1.94,0.0,0.0,0.381,0.000364,0.0163999999999999,1
cereals,"QUAKER, Oat Bran, QUAKER/MOTHER'S Oat Bran, dry",Breakfast Cereals,364.0,17.03,7.97,62.94,1.43,14.3,0.11,0.0,0.0,0.8,0.3,0.97,79.0,8.07,241.0,5.7,694.0,4.2,0.0,0.0,0.038,0.0003,0.0,3
cereals,"QUAKER, Oat Bran, QUAKER/MOTHER'S Oat Bran, prepared with water, no salt",Breakfast Cereals,43.0,2.03,0.95,7.49,0.0,1.7,0.013,0.0,0.0,0.096,0.036,0.115,11.0,0.97,30.0,0.679,83.0,0.53,0.001,0.0,0.005,4.1e-05,0.0,0
cereals ready-to-eat,"GENERAL MILLS, Berry Burst CHEERIOS, Triple Berry",Breakfast Cereals,378.0,8.8,4.5,80.5,27.0,7.6,1.852,22.2,0.44,18.5,1.6,1.4,370.0,16.7,89.0,2.32,222.0,13.9,0.549,0.0056,1.246,0.000253,0.0185,3
cereals,"Oat Bran, QUAKER, QUAKER/MOTHER'S Oat Bran, prepared with water, salt",Breakfast Cereals,43.0,2.03,0.95,7.49,0.0,1.7,0.013,0.0,0.0,0.095,0.036,0.115,11.0,0.97,30.0,0.678,82.0,0.53,0.001,0.0,0.005,4.1e-05,0.0,0
cereals ready-to-eat,"GENERAL MILLS, HONEY NUT CLUSTERS",Breakfast Cereals,374.0,7.7,2.0,85.2,24.8,6.3,0.877,10.5,0.39,8.8,0.7,0.7,34.0,7.9,42.0,2.447,140.0,6.6,0.0,0.0026,0.285,0.000263,0.0337,3
cereals ready-to-eat,"GENERAL MILLS, FIBER ONE Bran Cereal",Breakfast Cereals,200.0,6.69,2.2,84.59,0.19,47.5,1.66,20.0,0.6,16.7,1.39,1.29,333.0,15.0,53.0,0.0,200.0,12.5,0.002,0.005,0.553,0.00031,0.009,3
cereals ready-to-eat,"GENERAL MILLS, OATMEAL CRISP, Hearty Raisin",Breakfast Cereals,372.0,8.5,3.79,80.8,27.29,7.5,0.64,0.4,0.39,6.5,0.1,0.1,32.0,14.5,65.0,0.0,161.0,1.5,0.0,0.0,0.096,0.000328,0.0173,3
cereals ready-to-eat,"GENERAL MILLS, TOTAL Raisin Bran",Breakfast Cereals,312.0,5.6,1.6,76.8,32.3,9.1,3.774,0.0,25.47,37.7,3.2,2.8,1887.0,34.0,60.0,1.483,189.0,28.3,0.281,0.0113,1.27,0.0002179999999999,0.007,1
cereals,"QUAKER, QUAKER MultiGrain Oatmeal, prepared with water, no salt",Breakfast Cereals,61.0,2.08,0.47,13.49,0.0,2.2,0.044,0.0,0.0,0.656,0.024,0.053,8.0,0.56,22.0,0.482,64.0,0.61,0.0,0.0,0.008,8.599999999999999e-05,0.0,0
cereals,"QUAKER, QUAKER MultiGrain Oatmeal, prepared with water, salt",Breakfast Cereals,61.0,2.07,0.47,13.47,0.0,2.2,0.044,0.0,0.0,0.655,0.024,0.053,8.0,0.56,22.0,0.481,63.0,0.61,0.0,0.0,0.008,8.599999999999999e-05,0.0,0
cereals ready-to-eat,"KELLOGG, KELLOGG'S CRISPIX",Breakfast Cereals,369.0,5.7,1.1,86.9,11.6,2.8,2.41,21.0,0.14,24.1,2.05,1.81,12.0,29.2,24.0,0.996,87.0,5.2,0.494,0.0062,1.629,0.000145,0.0124,3
cereals ready-to-eat,"GENERAL MILLS, RAISIN NUT BRAN",Breakfast Cereals,368.0,7.0,5.3,81.09,28.6,9.9,1.02,0.3,1.44,10.19,0.89,0.8,41.0,9.19,65.0,2.564,204.0,7.69,0.0,0.00309,0.334,0.00034,0.007,3
cereals ready-to-eat,"GENERAL MILLS, BASIC 4",Breakfast Cereals,358.0,6.7,3.9,79.2,22.6,6.8,0.909,0.0,1.04,9.1,0.8,0.7,455.0,8.2,58.0,2.031,182.0,6.8,0.257,0.0027,0.296,0.000145,0.017,3
cereals ready-to-eat,"GENERAL MILLS, APPLE CINNAMON CHEERIOS",Breakfast Cereals,387.0,7.6,5.7,81.3,34.2,6.5,1.667,20.0,0.62,16.7,1.4,1.3,333.0,15.0,80.0,2.25,200.0,12.5,0.497,0.005,1.12,0.000241,0.0375,1
cereals ready-to-eat,"GENERAL MILLS, FROSTED CHEERIOS",Breakfast Cereals,378.0,8.1,4.2,81.7,32.1,6.4,1.852,22.2,0.27,18.5,1.6,1.4,370.0,16.7,90.0,2.311,222.0,13.9,0.554,0.0056,1.246,0.000255,0.0189,1
cereals ready-to-eat,"GENERAL MILLS, FRANKENBERRY",Breakfast Cereals,386.0,5.5,4.3,85.4,27.29,4.2,1.51,18.2,0.77,15.19,1.29,1.1,303.0,13.6,24.0,0.0,182.0,11.39,0.42,0.0045,0.502,0.000129,0.0198,1
cereals ready-to-eat,"GENERAL MILLS, COUNT CHOCULA",Breakfast Cereals,383.0,5.4,4.69,84.5,33.09,5.0,1.85,22.2,0.62,18.5,1.6,1.39,370.0,16.7,30.0,0.0,222.0,13.89,0.526,0.0055899999999999,0.616,0.000148,0.0065,1
cereals ready-to-eat,"GENERAL MILLS, COCOA PUFFS",Breakfast Cereals,383.0,5.6,5.2,83.7,37.2,5.7,1.852,22.2,0.7,18.5,1.6,1.4,370.0,16.7,59.0,0.369,222.0,13.9,0.527,0.0056,0.616,0.000148,0.0065,1
cereals ready-to-eat,"GENERAL MILLS, CINNAMON TOAST CRUNCH",Breakfast Cereals,411.0,5.45,10.25,77.99,30.3,6.8,2.7,19.4,2.14,24.533,2.067,2.467,444.0,20.48,54.0,1.545,199.0,18.12,0.918,0.00665,0.613,0.000192,0.0047,1
cereals ready-to-eat,"GENERAL MILLS, BOO BERRY",Breakfast Cereals,386.0,5.5,4.3,85.4,27.29,4.2,1.51,18.2,0.58,15.19,1.29,1.1,303.0,13.6,48.0,0.0,182.0,11.39,0.421,0.0045,0.502,0.000129,0.0065,1
cereals ready-to-eat,"GENERAL MILLS, BERRY BERRY KIX",Breakfast Cereals,376.0,6.19,4.19,83.9,21.0,5.8,1.05,18.9,0.4,10.5,0.89,0.8,421.0,23.7,42.0,0.332,211.0,7.9,0.433,0.0032,0.881,0.000165,0.0121999999999999,3
cereals ready-to-eat,"GENERAL MILLS, NATURE VALLEY LOW FAT FRUIT GRANOLA",Breakfast Cereals,381.0,7.9,4.69,79.4,31.89,5.0,0.111,0.8,1.02,0.69,0.1,0.1,36.0,2.0,44.0,0.0,146.0,1.1,0.0,0.0,0.01,0.000199,0.013,1
cereals ready-to-eat,"KELLOGG, KELLOGG'S Low Fat Granola with Raisins",Breakfast Cereals,381.0,9.0,5.2,80.1,27.9,7.4,3.33,4.0,5.85,8.3,0.71,0.63,36.0,3.3,68.0,0.0,226.0,6.3,0.375,0.01,1.121,0.00032,0.0173,3
cereals ready-to-eat,"KELLOGG, KELLOGG'S MUESLIX",Breakfast Cereals,355.0,9.0,5.4,75.19,25.5,8.3,3.56,0.4,7.2,8.69,0.79,0.68,51.0,7.69,60.0,0.0,173.0,2.4,0.167,0.011,1.226,0.0002,0.0173,3
cereals ready-to-eat,"KELLOGG, KELLOGG'S RICE KRISPIES TREATS Cereal",Breakfast Cereals,395.0,4.3,4.19,85.59,29.6,0.4,1.66,20.0,0.36,16.7,1.41,1.25,10.0,6.0,21.0,0.0,62.0,0.69,0.5,0.005,0.563,0.000107,0.0057,1
cereals ready-to-eat,"HEALTH VALLEY, FIBER 7 Flakes",Breakfast Cereals,353.0,14.44,1.41,78.15,20.0,14.1,0.705,4.2,0.99,7.055,0.6,0.529,71.0,2.54,144.0,3.229,327.0,2.89,0.106,0.00212,0.226,0.0004779999999999,0.019,3
cereals ready-to-eat,"Post, Waffle Crisp",Breakfast Cereals,390.0,6.6,5.0,83.0,34.7,4.4,1.7,0.0,0.4,16.7,1.4,1.25,24.0,9.0,72.0,0.0,237.0,7.5,0.74,0.005,0.553,0.0002,0.0198999999999999,1
cereals ready-to-eat,"KELLOGG, KELLOGG'S HONEY CRUNCH CORN FLAKES",Breakfast Cereals,385.0,6.8,1.9,87.0,33.0,3.4,1.7,20.0,0.57,16.6,1.5,1.25,22.0,6.2,22.0,0.15,60.0,0.3,0.502,0.005,0.553,0.0001,0.0050999999999999,1
cereals,"QUAKER, hominy grits, white, quick, dry",Breakfast Cereals,348.0,8.8,1.2,79.6,0.3,4.8,0.15,0.0,0.12,5.32,0.36,0.61,2.0,4.42,27.0,0.0,73.0,0.41,0.0,0.0,0.0,0.0,0.0,3
cereals,"QUAKER, hominy grits, white, regular, dry",Breakfast Cereals,361.0,8.8,1.6,79.2,0.64,1.6,0.15,0.0,0.12,5.32,0.36,0.61,2.0,4.42,27.0,0.0,73.0,0.41,0.0,0.0,0.0,0.0,0.0,3
cereals ready-to-eat,"KELLOGG, KELLOGG'S SMART START Strong Heart Antioxidants Cereal",Breakfast Cereals,371.0,7.1,1.6,87.3,28.7,5.8,4.0,30.0,27.0,40.0,3.4,3.0,25.0,36.0,29.0,2.282,131.0,30.0,0.75,0.012,1.347,0.000257,0.0337,1
cereals ready-to-eat,"KELLOGG, KELLOGG'S FROSTED MINI-WHEATS, bite size",Breakfast Cereals,350.0,9.19,1.6,83.4,20.29,10.8,0.93,0.0,0.0,9.3,0.79,0.68,28.0,30.0,86.0,0.0,368.0,2.79,0.0,0.003,0.616,0.0,0.0,3
cereals ready-to-eat,"MALT-O-MEAL, COLOSSAL CRUNCH",Breakfast Cereals,376.0,3.95,4.07,81.59,42.09,2.3,1.66,20.0,0.0,16.67,1.42,1.26,0.0,30.0,16.0,0.0,82.0,12.5,0.0,0.005,1.121,0.0,0.0,1
cereals ready-to-eat,"MALT-O-MEAL, BERRY COLOSSAL CRUNCH",Breakfast Cereals,406.0,4.57,4.67,87.09,43.86,1.6,1.66,20.0,0.5,16.67,1.42,1.26,33.0,30.0,16.0,0.0,50.0,12.5,0.481,0.005,1.121,0.0001199999999999,0.008,1
cereals ready-to-eat,"MALT-O-MEAL, Crispy Rice",Breakfast Cereals,381.0,6.3,1.12,86.4,9.0,1.0,2.89,62.1,0.0,19.79,1.29,1.71,7.0,35.09,24.0,0.0,121.0,1.08,0.637,0.00613,2.058,0.000203,0.0,3
cereals ready-to-eat,"MALT-O-MEAL, TOOTIE FRUITIES",Breakfast Cereals,401.0,5.0,3.29,87.9,45.7,2.5,2.57,70.3,0.26,17.8,2.26,1.58,407.0,15.5,35.0,0.839,113.0,12.5,1.245,0.00578,1.049,0.0001,0.0126,1
cereals ready-to-eat,"QUAKER, MOTHER'S PEANUT BUTTER BUMPERS Cereal",Breakfast Cereals,407.0,7.62,7.33,79.68,29.29,2.5,0.12,0.0,3.71,2.7,0.07,0.18,23.0,1.97,74.0,0.0,213.0,1.42,0.008,0.0,0.024,0.0,0.0,1
cereals ready-to-eat,"QUAKER, MOTHER'S Toasted Oat Bran cereal",Breakfast Cereals,372.0,11.45,5.04,75.41,15.57,8.6,0.13,0.0,4.49,1.8,0.32,0.55,58.0,4.07,136.0,0.0,429.0,2.89,0.003,0.0,0.036,0.0,0.0,3
cereals ready-to-eat,"QUAKER, MOTHER'S Cinnamon Oat Crunch",Breakfast Cereals,382.0,10.6,4.56,79.79,25.37,8.1,0.13,0.8,4.53,1.89,0.11,0.42,50.0,3.24,106.0,0.0,347.0,2.63,0.001,0.0,0.037,0.0,0.0,3
cereals ready-to-eat,"QUAKER, MOTHER'S GRAHAM BUMPERS",Breakfast Cereals,379.0,4.55,1.45,88.89,44.33,2.6,0.06,0.3,2.51,1.12,0.05,0.16,18.0,1.87,57.0,0.0,156.0,1.04,0.008,0.0,0.015,0.0,0.0,1
cereals ready-to-eat,"QUAKER, MOTHER'S COCOA BUMPERS",Breakfast Cereals,382.0,4.21,1.61,89.91,43.12,2.7,0.04,0.2,2.6,1.06,0.05,0.15,16.0,2.06,61.0,0.0,166.0,1.11,0.009,0.0,0.015,0.0,0.0,1
cereals ready-to-eat,"SUN COUNTRY, KRETSCHMER Toasted Wheat Bran",Breakfast Cereals,200.0,17.56,5.16,59.51,0.0,41.3,0.68,0.0,0.0,20.62,0.45,1.1,66.0,13.88,606.0,17.38,1314.0,11.23,0.0,0.00023,0.299,0.00109,0.0,3
cereals ready-to-eat,"QUAKER, Shredded Wheat, bagged cereal",Breakfast Cereals,348.0,11.24,2.01,81.01,0.81,11.8,0.256,0.0,0.0,5.24,0.105,0.226,45.0,3.33,172.0,0.0,362.0,2.54,0.0,0.0,0.051,0.0,0.0,3
cereals ready-to-eat,"SUN COUNTRY, KRETSCHMER Wheat Germ, Regular",Breakfast Cereals,366.0,31.43,9.56,49.38,7.14,11.9,0.6,6.0,19.29,5.58,0.78,1.97,50.0,8.34,313.0,19.08,1130.0,16.01,0.006,0.0002099999999999,0.892,0.00062,0.0,3
cereals ready-to-eat,"GENERAL MILLS, RICE CRUNCHINS",Breakfast Cereals,381.0,4.76,2.38,80.95,9.52,4.8,1.429,42.9,0.0,14.286,1.214,1.071,0.0,5.14,0.0,0.0,0.0,0.0,0.0,0.00429,0.0,0.0,0.0,3
cereals ready-to-eat,"KELLOGG, KELLOGG'S MARSHMALLOW FROOT LOOPS",Breakfast Cereals,376.0,4.6,2.8,89.3,49.9,7.4,1.72,52.0,0.31,17.2,1.47,1.29,9.0,15.5,25.0,0.376,65.0,5.2,0.511,0.005,0.573,9.2e-05,0.009,1
cereals ready-to-eat,"KELLOGG, KELLOGG'S, RAISIN BRAN CRUNCH",Breakfast Cereals,355.0,6.6,1.7,85.3,35.9,8.0,0.94,3.0,0.36,9.4,0.8,0.71,33.0,8.5,88.0,2.497,224.0,2.8,0.283,0.0028,0.308,0.0003,0.0046,1
cereals ready-to-eat,"KELLOGG, KELLOGG'S SPECIAL K Red Berries",Breakfast Cereals,357.0,6.2,1.2,86.2,30.2,8.5,2.26,68.0,15.3,22.6,1.92,1.69,18.0,26.1,54.0,1.921,164.0,1.2,0.726,0.0068,0.755,0.00017,0.013,1
cereals ready-to-eat,"KELLOGG, KELLOGG'S MINI-WHEATS, unfrosted bite size",Breakfast Cereals,342.0,11.6,2.0,81.0,0.4,13.8,0.91,0.0,0.67,9.1,0.77,0.68,35.0,29.5,110.0,0.0,469.0,2.7,0.0,0.0027,0.599,0.0,0.0,3
cereals ready-to-eat,KASHI GOLEAN CRUNCH!,Breakfast Cereals,367.0,16.7,5.9,71.4,24.0,14.5,0.02,1.0,1.33,0.5,0.02,0.07,59.0,2.79,82.0,0.0,251.0,0.4,0.001,0.0,0.057,0.001111,0.0171,3
cereals ready-to-eat,"KASHI HEART TO HEART, Honey Toasted Oat",Breakfast Cereals,364.0,11.39,5.0,78.69,15.5,13.7,6.05,91.0,60.97,1.0,0.07,0.31,41.0,2.4,7.0,0.0,38.0,0.1,0.189,0.018,2.03,0.000251,0.0214,3
cereals ready-to-eat,KASHI 7 Whole Grain Puffs,Breakfast Cereals,336.0,13.0,2.3,78.6,0.93,8.0,0.373,0.0,1.06,3.2,0.14,0.12,38.0,3.0,153.0,3.962,240.0,3.11,0.0,0.0,0.027,0.000428,0.0372,3
cereals ready-to-eat,KASHI 7 Whole Grain Honey Puffs,Breakfast Cereals,349.0,10.0,1.8,79.0,21.8,6.0,0.236,0.0,0.84,2.6,0.121,0.1,43.0,2.5,114.0,3.151,264.0,2.51,0.0,0.0,0.026,0.000374,0.0316,3
cereals ready-to-eat,KASHI GOOD FRIENDS,Breakfast Cereals,299.0,9.4,3.2,79.3,18.8,21.7,0.317,0.0,2.39,3.257,0.181,0.264,26.0,4.1,18.0,0.0,236.0,2.59,0.006,0.0,0.047,0.000398,0.0245,3
cereals ready-to-eat,KASHI GOLEAN,Breakfast Cereals,311.0,24.89,2.2,67.19,16.5,20.1,0.14,0.0,0.38,1.7,0.1,0.23,119.0,6.09,101.0,2.788,301.0,1.7,0.005,0.0,0.107,0.001449,0.0171,3
cereals,"QUAKER, Quick Oats, Dry",Breakfast Cereals,371.0,13.7,6.87,68.18,1.42,9.4,0.1,0.0,0.42,0.82,0.12,0.54,47.0,4.64,270.0,4.3,458.0,3.2,0.0,0.0,0.032,0.00037,0.0289,3
cereals ready-to-eat,"MALT-O-MEAL, Frosted Flakes",Breakfast Cereals,387.0,3.23,1.1,90.32,38.04,2.3,1.613,19.4,0.08,16.129,1.371,1.21,3.0,11.61,19.0,0.0,61.0,0.38,0.454,0.00484,0.536,8.7e-05,0.0072,1
cereals,"QUAKER, Instant Oatmeal, Cinnamon-Spice, dry",Breakfast Cereals,369.0,10.39,5.1,74.52,21.14,8.2,0.862,0.1,0.5,9.2,0.813,0.717,229.0,8.31,99.0,2.79,353.0,2.6,0.44,0.0,0.314,0.000345,0.0029,3
cereals,"QUAKER, Instant Oatmeal, DINOSAUR EGGS, Brown Sugar, dry",Breakfast Cereals,384.0,8.69,7.59,73.68,28.91,6.4,0.88,0.0,0.43,8.79,0.75,0.66,220.0,7.91,89.0,0.0,302.0,2.01,0.0,0.0,0.0,0.0,0.0,1
cereals,"QUAKER, Instant Oatmeal, Banana Bread, dry",Breakfast Cereals,368.0,8.97,4.85,75.7,29.45,6.7,1.14,0.9,0.44,11.31,1.0,0.98,277.0,10.07,92.0,0.0,315.0,2.07,0.0,0.0,0.0,0.0,0.0,1
cereals ready-to-eat,UNCLE SAM CEREAL,Breakfast Cereals,346.0,15.98,11.6,65.78,1.56,20.3,0.956,2.4,0.9,4.803,0.127,0.679,95.0,4.03,206.0,3.61,374.0,3.87,0.0,0.0,0.053,0.000752,0.0883,3
cereals,"QUAKER, Instant Oatmeal, Raisin and Spice, dry",Breakfast Cereals,360.0,9.11,4.0,75.68,35.65,5.8,1.11,0.7,0.4,10.47,0.67,0.79,235.0,9.1,82.0,2.043,292.0,1.98,0.494,0.0,0.348,0.000318,0.0029,1
cereals,"QUAKER, Instant Grits, Redeye Gravy & Country Ham flavor, dry",Breakfast Cereals,342.0,9.83,1.58,75.86,0.71,4.6,0.15,0.0,0.11,8.97,0.74,0.85,441.0,42.03,32.0,0.0,79.0,0.48,0.0,0.0,0.0,0.0,0.0,3
cereals,"QUAKER, Instant Grits Product with American Cheese Flavor, dry",Breakfast Cereals,360.0,8.8,4.67,74.18,2.02,4.3,0.16,0.0,0.11,8.14,0.69,0.76,418.0,30.38,27.0,0.0,76.0,0.42,0.001,0.00033,0.0,0.0,0.0,3
cereals,"QUAKER, Instant Grits, Ham 'n' Cheese flavor, dry",Breakfast Cereals,355.0,10.73,4.68,71.08,2.69,4.2,0.18,0.0,0.1,8.27,0.68,0.8,409.0,38.2,35.0,0.0,95.0,0.58,0.001,0.0004199999999999,0.0,0.0,0.0,3
cereals,"QUAKER, Quick Oats with Iron, Dry",Breakfast Cereals,371.0,13.7,6.87,68.18,1.42,9.4,0.1,0.0,0.66,0.823,0.123,0.54,47.0,49.45,270.0,0.0,458.0,3.2,0.0,0.0,0.0,0.0,0.0,3
cereals,"QUAKER, Whole Wheat Natural Cereal, dry",Breakfast Cereals,333.0,11.8,2.0,74.8,2.0,9.9,0.44,0.0,0.94,5.1,0.14,0.48,44.0,3.3,147.0,0.0,406.0,4.1,0.0,0.0,0.049,0.0,0.0,3
cereals ready-to-eat,"KELLOGG, KELLOGG'S SPECIAL K Chocolatey Strawberry",Breakfast Cereals,368.0,6.9,3.9,83.3,28.6,9.5,2.41,72.0,0.0,24.1,2.04,1.8,25.0,27.89,59.0,0.0,180.0,1.5,0.0,0.007,0.0,0.0,0.0,3
cereals ready-to-eat,"KELLOGG'S, FROSTED MINI-WHEATS, Maple & Brown Sugar, Bite Size",Breakfast Cereals,351.0,8.7,1.5,84.7,22.7,10.3,0.91,0.0,0.67,9.1,0.77,0.68,30.0,29.5,82.0,0.0,349.0,2.7,0.002,0.0027,0.599,0.0,0.0,3
cereals ready-to-eat,"KASHI, ORGANIC PROMISE Autumn Wheat",Breakfast Cereals,338.0,12.0,1.4,79.0,12.4,11.2,0.285,0.0,0.96,5.2,0.109,0.364,29.0,3.1,81.0,0.0,225.0,1.5,0.0,0.0,0.036,0.0004129999999999,0.0673,3
cereals ready-to-eat,"KASHI ORGANIC PROMISE, STRAWBERRY FIELDS",Breakfast Cereals,358.0,9.4,0.7,83.5,20.5,5.0,0.1,19.0,0.0,3.4,0.04,0.23,14.0,1.8,43.0,0.0,98.0,0.9,0.0,0.0,0.0,0.0,0.0,3
cereals ready-to-eat,"KELLOGG'S, Reduced Sugar Frosted Flakes Cereal",Breakfast Cereals,357.0,5.59,0.4,87.3,23.89,10.1,1.66,20.0,0.08,16.7,1.41,1.25,5.0,15.0,29.0,0.116,72.0,0.69,0.481,0.005,0.553,0.000244,0.0089,3
cereals ready-to-eat,"KELLOGG'S, SPECIAL K Protein Plus",Breakfast Cereals,359.0,31.2,2.6,60.6,20.3,8.3,2.19,66.0,22.11,21.9,1.86,1.64,79.0,25.3,95.0,0.0,359.0,3.3,0.0,0.0066,0.731,0.0,0.0,3
cereals ready-to-eat,"MALT-O-MEAL, Honey BUZZERS",Breakfast Cereals,395.0,6.3,2.14,87.6,37.4,2.9,2.15,1.9,0.21,21.7,2.04,1.87,14.0,7.86,31.0,0.603,101.0,7.43,1.081,0.0073,1.787,0.000167,0.0108,1
cereals ready-to-eat,"MALT-O-MEAL, GOLDEN PUFFS",Breakfast Cereals,397.0,5.77,0.89,89.72,51.34,2.6,2.067,27.6,0.43,25.167,2.167,1.74,11.0,7.92,46.0,0.852,140.0,7.3,1.206,0.00667,1.25,0.000168,0.0272,1
cereals ready-to-eat,"MALT-O-MEAL, HONEY GRAHAM SQUARES",Breakfast Cereals,398.0,4.46,9.97,74.68,32.7,4.4,2.05,29.9,0.31,18.97,1.65,1.58,367.0,33.81,31.0,0.0,137.0,13.94,0.0,0.0057599999999999,1.121,0.0,0.0,1
cereals ready-to-eat,"MALT-O-MEAL, Raisin Bran Cereal",Breakfast Cereals,320.0,8.0,2.53,78.09,32.09,13.7,0.85,0.7,0.58,8.475,0.72,0.636,34.0,9.81,165.0,0.0,396.0,3.8,0.377,0.00254,0.563,0.000489,0.0376,3
cereals ready-to-eat,"MALT-O-MEAL, Blueberry MUFFIN TOPS Cereal",Breakfast Cereals,443.0,4.9,11.48,79.91,35.36,4.7,1.96,25.0,0.97,19.64,1.6,1.5,338.0,34.29,38.0,0.0,176.0,14.68,0.5,0.005,1.121,0.0,0.0,1
cereals,"MALT-O-MEAL, Farina Hot Wheat Cereal, dry",Breakfast Cereals,365.0,10.48,0.49,77.2,0.7,2.9,2.0,0.0,0.0,19.77,1.07,1.22,377.0,40.93,13.0,0.0,109.0,0.51,0.0,0.0,0.0,0.0,0.0,3
cereals,"MALT-O-MEAL, Maple & Brown Sugar Hot Wheat Cereal, dry",Breakfast Cereals,368.0,8.82,0.47,80.52,28.0,1.8,1.74,1.0,0.03,17.12,0.93,1.05,318.0,31.29,15.0,0.0,125.0,0.5,0.0,0.0,1.498,0.0,0.0,1
cereals ready-to-eat,"MALT-O-MEAL, Honey Nut TOASTY O'S Cereal",Breakfast Cereals,390.0,9.63,2.16,82.21,38.73,5.6,2.67,30.6,1.83,23.37,2.36,1.49,397.0,17.07,102.0,4.106,358.0,16.25,0.0,0.00232,0.0,0.00027,0.0254,1
cereals ready-to-eat,"MALT-O-MEAL, Apple ZINGS",Breakfast Cereals,393.0,4.63,2.57,83.51,47.18,2.2,1.75,28.8,0.0,16.87,1.51,1.41,367.0,30.42,23.0,0.0,90.0,12.3,0.0,0.00523,1.014,0.0,0.0,1
cereals ready-to-eat,"MALT-O-MEAL, CINNAMON TOASTERS",Breakfast Cereals,431.0,5.8,10.1,79.09,34.79,4.7,2.0,21.0,1.74,17.0,1.88,1.41,388.0,32.06,27.0,0.0,174.0,12.0,0.467,0.00492,1.121,0.000175,0.0238999999999999,1
cereals ready-to-eat,"MALT-O-MEAL, Cocoa DYNO-BITES",Breakfast Cereals,402.0,4.09,3.05,89.4,45.2,1.1,3.31,0.0,0.06,25.62,2.29,1.6,17.0,6.8,30.0,0.0,70.0,5.44,0.942,0.00818,0.584,0.000162,0.0086,1
cereals ready-to-eat,"MALT-O-MEAL, Frosted Mini SPOONERS",Breakfast Cereals,388.0,9.39,2.07,82.9,17.89,10.5,1.47,0.0,0.52,16.1,1.02,0.75,25.0,29.0,106.0,0.0,311.0,6.09,0.0,0.00265,1.216,0.000304,0.0456,3
cereals ready-to-eat,"MALT-O-MEAL, Fruity DYNO-BITES",Breakfast Cereals,404.0,3.9,3.15,90.1,42.6,1.0,2.74,1.0,1.27,26.5,2.51,1.46,3.0,7.62,15.0,0.631,67.0,5.99,1.09,0.0069,0.84,0.000128,0.009,1
cereals ready-to-eat,RALSTON Enriched Wheat Bran flakes,Breakfast Cereals,310.0,10.21,3.36,79.77,17.17,16.9,6.8,239.7,80.46,90.567,7.29,4.713,45.0,67.67,190.0,3.467,533.0,64.33,0.531,0.02069,0.0,0.000345,0.0092,3
cereals ready-to-eat,RALSTON Corn Biscuits,Breakfast Cereals,367.0,5.83,1.05,85.79,9.51,2.6,2.23,18.5,0.1,21.833,1.697,1.52,378.0,38.37,15.0,0.223,38.0,17.13,1.092,0.005,0.0,7.3e-05,0.0022,3
cereals ready-to-eat,RALSTON Corn Flakes,Breakfast Cereals,357.0,5.9,0.91,88.01,7.84,2.7,1.907,65.0,0.02,21.033,1.74,4.483,2.0,19.4,7.0,0.095,33.0,0.2,0.981,0.00536,0.0,7.5e-05,0.0022,3
cereals ready-to-eat,RALSTON Crispy Hexagons,Breakfast Cereals,379.0,5.94,0.95,86.78,13.79,1.5,2.414,20.7,0.05,24.138,2.052,1.81,8.0,27.93,16.0,0.653,63.0,7.43,1.256,0.00724,0.0,0.000131,0.0022,3
cereals ready-to-eat,USDA Commodity Corn and Rice (includes all commodity brands),Breakfast Cereals,378.0,6.06,1.08,86.85,10.35,1.4,5.986,38.5,0.08,29.62,3.87,6.288,10.0,34.06,19.0,0.79,77.0,7.6,0.814,0.0,0.0,0.000137,0.0063,3
cereals ready-to-eat,USDA Commodity Rice Crisps (includes all commodity brands),Breakfast Cereals,381.0,6.45,1.27,86.04,8.35,0.7,2.683,46.0,0.08,26.217,2.518,2.052,5.0,10.53,24.0,1.057,96.0,1.19,0.608,0.0,0.0,0.000158,0.0136,3
milk and cereal bar,No_descr,Snacks,413.0,6.47,10.98,72.05,45.97,0.4,0.819,15.4,0.42,8.194,0.696,0.615,410.0,5.99,21.0,0.206,155.0,0.84,0.188,0.002,0.159,4.9000000000000005e-05,0.0077,1
cereals,"MALT-O-MEAL, original, plain, prepared with water, without salt",Breakfast Cereals,48.0,1.53,0.07,9.2,0.13,0.4,0.25,0.1,0.0,2.52,0.14,0.15,46.0,5.19,2.0,0.0,28.0,0.07,0.0,0.0,0.0,1.5e-05,0.0027,0
cereals,"MALT-O-MEAL, chocolate, prepared with water, without salt",Breakfast Cereals,47.0,1.37,0.1,9.22,2.17,0.4,0.27,0.0,0.27,2.65,0.15,0.15,49.0,5.59,4.0,0.0,16.0,0.2,0.0,0.0,0.0,0.0,0.0,0
cereals ready-to-eat,"GENERAL MILLS, CHOCOLATE LUCKY CHARMS",Breakfast Cereals,381.0,5.59,4.4,84.4,36.79,5.3,1.78,21.4,0.57,17.89,1.5,1.29,357.0,16.1,57.0,0.0,214.0,13.39,0.505,0.0054,0.594,0.000212,0.0099,1
cereals ready-to-eat,"KELLOGG, SPECIAL K, Fruit & Yogurt",Breakfast Cereals,367.0,7.1,2.9,85.3,32.1,8.1,2.19,66.0,0.0,21.9,1.86,1.64,27.0,25.3,51.0,2.469,157.0,1.2,0.702,0.0066,0.731,0.000313,0.0295,1
cereals ready-to-eat,KASHI 7 Whole Grain Flakes,Breakfast Cereals,337.0,11.0,1.5,81.4,11.3,11.8,0.2,0.0,0.67,4.2,0.1,0.29,29.0,2.9,75.0,0.0,174.0,1.5,0.0,0.0,0.0,0.0,0.0,3
cereals ready-to-eat,"KASHI, HEART TO HEART, Oat Flakes & Blueberry Clusters",Breakfast Cereals,369.0,10.39,3.29,80.0,22.5,8.1,3.64,55.0,24.75,1.29,0.01,0.15,43.0,3.59,9.0,3.318,189.0,2.7,0.114,0.011,1.206,0.000408,0.0233999999999999,3
cereals ready-to-eat,"KASHI ORGANIC PROMISE, CINNAMON HARVEST",Breakfast Cereals,336.0,11.0,1.4,79.0,16.5,10.7,0.0,0.0,0.0,0.0,0.0,0.0,25.0,2.8,0.0,0.0,0.0,0.0,0.0,0.0,0.0,0.0,0.0,3
cereals ready-to-eat,"KELLOGG'S, FROSTED MINI-WHEATS Bite Size Strawberry Delight",Breakfast Cereals,352.0,8.7,1.6,84.6,22.7,10.2,0.91,0.0,0.67,9.1,0.77,0.68,26.0,29.5,81.0,0.0,346.0,2.7,0.0,0.0027,0.606,0.0003,0.0,3
cereals ready-to-eat,"KELLOGG'S, SPECIAL K Vanilla Almond",Breakfast Cereals,378.0,7.7,4.2,83.2,30.4,9.3,2.33,70.0,1.34,23.3,1.98,1.75,32.0,27.0,73.0,2.396,202.0,1.5,0.749,0.007,0.781,0.000306,0.0281,3
cereals ready-to-eat,POST GREAT GRAINS Cranberry Almond Crunch,Breakfast Cereals,384.0,8.9,5.9,76.6,25.5,11.1,1.0,25.0,5.63,10.4,0.9,0.8,40.0,3.8,89.0,0.0,255.0,3.1,0.467,0.0031,0.341,0.0003,0.037,3
rice and wheat cereal bar,No_descr,Snacks,409.0,9.09,9.09,72.73,31.8,1.8,0.909,0.0,2.94,9.091,0.773,0.682,31.0,2.56,46.0,1.407,136.0,1.78,0.0,0.0,0.015,0.000185,0.0249,1
cereals ready-to-eat,"QUAKER, QUAKER Honey Graham LIFE Cereal",Breakfast Cereals,373.0,9.33,4.14,78.56,23.12,6.3,1.842,0.0,0.57,18.416,1.565,1.381,366.0,29.73,90.0,0.0,391.0,13.82,0.0,0.0,0.0,0.0,0.0,3
cereals ready-to-eat,"QUAKER, Christmas Crunch",Breakfast Cereals,397.0,4.44,4.83,85.92,44.31,2.6,2.179,0.1,0.42,21.736,1.846,1.635,11.0,19.78,55.0,0.0,168.0,16.36,0.027,0.0,2.6,0.0001509999999999,0.0065,1
cereals ready-to-eat,"GENERAL MILLS, CHEERIOS, Yogurt Burst, strawberry",Breakfast Cereals,400.0,6.67,5.23,81.75,30.0,6.7,1.667,20.0,0.33,16.667,1.417,1.25,333.0,15.0,80.0,0.0,200.0,12.5,0.75,0.005,1.123,0.000227,0.0178,1
cereals ready-to-eat,POST SELECTS Maple Pecan Crunch,Breakfast Cereals,413.0,8.5,8.7,77.4,22.5,7.4,1.0,0.1,0.99,9.6,0.8,0.7,39.0,3.5,85.0,0.0,259.0,2.9,0.431,0.0029,0.314,0.0003,0.0321,3
cereals ready-to-eat,"KASHI GO LEAN CRUNCH!, Honey Almond Flax",Breakfast Cereals,379.0,16.79,9.9,66.9,22.2,15.0,0.03,1.0,2.68,0.8,0.07,0.07,75.0,2.8,105.0,3.404,270.0,0.6,0.001,0.0,0.043,0.000611,0.0175,3
cereals,"KASHI GO LEAN Hot Cereal, Hearty Honey & Cinnamon, dry",Breakfast Cereals,367.0,18.39,5.3,68.0,17.7,12.0,0.05,1.0,0.0,1.1,0.07,0.23,66.0,3.7,68.0,0.0,241.0,0.89,0.0,0.0,0.011,0.0,0.0,3
cereals,"KASHI GO LEAN Hot Cereal, Creamy TRULY VANILLA, dry",Breakfast Cereals,360.0,22.29,5.3,61.09,14.8,18.5,0.02,0.0,0.0,0.8,0.07,0.2,95.0,2.7,21.0,0.0,117.0,0.6,0.0,0.0,0.0,0.0,0.0,3
cereals ready-to-eat,KASHI 7 Whole Grain Nuggets,Breakfast Cereals,356.0,11.8,2.8,81.0,5.0,11.7,0.0,0.0,0.0,0.0,0.0,0.0,41.0,24.0,84.0,0.0,271.0,0.0,0.0,0.0,0.0,0.0,0.0,3
cereals,"KASHI HEART TO HEART, Instant Oatmeal, Apple Cinnamon, dry",Breakfast Cereals,353.0,11.1,5.0,73.8,25.0,12.5,0.0,2.0,0.0,0.0,0.0,0.0,47.0,2.4,0.0,0.0,0.0,0.0,0.0,0.0,0.0,0.0,0.0,3
cereals,"KASHI HEART TO HEART, Instant Oatmeal, golden brown maple, dry",Breakfast Cereals,356.0,11.39,5.09,73.59,23.79,12.7,0.0,1.0,0.0,0.0,0.0,0.0,25.0,1.79,0.0,0.0,0.0,0.0,0.0,0.0,0.0,0.0,0.0,3
cereals,"CREAM OF WHEAT, 2 1/2 minute cook time, dry",Breakfast Cereals,355.0,11.61,1.41,71.79,0.47,4.4,0.09,0.0,0.37,8.475,0.417,0.76,882.0,32.02,46.0,1.367,398.0,1.35,0.0,0.0,0.0,0.000206,0.0,3
cereals,"CREAM OF WHEAT, 2 1/2 minute cook time, cooked with water, stove-top, without salt",Breakfast Cereals,56.0,1.44,0.2,11.74,0.07,0.7,0.031,0.0,0.04,0.803,0.067,0.093,104.0,4.09,7.0,0.188,47.0,0.22,0.0,0.0,0.04,3.5999999999999994e-05,0.0,0
cereals,"CREAM OF WHEAT, 2 1/2 minute cook time, cooked with water, microwaved, without salt",Breakfast Cereals,52.0,1.88,0.37,10.1,0.34,0.7,0.033,0.0,0.06,0.715,0.045,0.087,131.0,4.98,8.0,0.226,57.0,0.26,0.0,0.0,0.046,5.2e-05,0.0,0
cereals,"CREAM OF WHEAT, 1 minute cook time, dry",Breakfast Cereals,359.0,11.77,1.47,72.63,0.51,4.4,0.092,0.0,0.31,6.075,0.375,0.74,801.0,29.75,45.0,1.347,167.0,1.35,0.0,0.0,0.0,0.000211,0.0,3
cereals,"CREAM OF WHEAT, 1 minute cook time, cooked with water, stove-top, without salt",Breakfast Cereals,56.0,1.65,0.42,11.16,0.07,0.4,0.033,0.0,0.03,0.842,0.022,0.055,125.0,4.7,8.0,0.227,27.0,0.26,0.0,0.0,0.036,4.2e-05,0.0,0
cereals,"CREAM OF WHEAT, 1 minute cook time, cooked with water, microwaved, without salt",Breakfast Cereals,55.0,1.95,0.37,10.67,2.98,1.5,0.02,0.0,0.04,0.82,0.037,0.097,126.0,4.88,8.0,0.236,28.0,0.25,0.0,0.0,0.041,4.4e-05,0.0,0
cereals ready-to-eat,"GENERAL MILLS, 25% Less Sugar CINNAMON TOAST CRUNCH",Breakfast Cereals,386.0,5.09,9.89,78.19,21.39,11.2,1.42,17.1,1.74,14.3,1.2,1.1,714.0,12.89,57.0,0.0,357.0,10.69,0.426,0.0043,0.472,0.000154,0.0069,3
incaparina,"dry mix (corn and soy flours), unprepared",Breakfast Cereals,379.0,21.75,5.58,60.53,0.0,9.9,0.69,0.0,0.36,27.0,0.61,1.93,600.0,22.0,220.0,1.6,530.0,23.0,1.77,0.0015,0.0,0.00061,0.0145,3
cereals ready-to-eat,"GENERAL MILLS, DORA THE EXPLORER",Breakfast Cereals,366.0,5.6,5.7,82.8,21.2,10.2,1.852,22.2,0.93,18.5,1.6,1.4,370.0,30.0,30.0,0.0,74.0,13.9,0.522,0.0056,1.246,0.000126,0.0085,3
cereals ready-to-eat,"GENERAL MILLS, Fruity CHEERIOS",Breakfast Cereals,381.0,5.8,4.59,84.19,32.2,5.9,1.85,55.6,0.79,18.5,1.6,1.39,370.0,16.7,30.0,0.0,222.0,13.89,0.534,0.0055899999999999,1.246,0.000194,0.0130999999999999,1
cereals ready-to-eat,KELLOGG'S SPECIAL K Chocolatey Delight,Breakfast Cereals,381.0,6.5,7.3,81.2,29.9,10.6,2.26,68.0,0.53,22.6,1.92,1.69,18.0,26.1,61.0,3.171,175.0,1.4,0.725,0.0068,0.755,0.00038,0.0316,3
cereals ready-to-eat,"GENERAL MILLS, 25% Less Sugar TRIX",Breakfast Cereals,383.0,5.4,4.0,85.5,25.0,4.3,1.78,17.1,0.52,17.89,1.5,1.29,357.0,19.29,29.0,0.0,214.0,13.39,0.498,0.0043,0.594,0.000122,0.0105,1
cereals ready-to-eat,"KELLOGG, KELLOGG'S SPECIAL K Low Fat Granola",Breakfast Cereals,375.0,13.1,5.4,74.8,18.0,11.3,1.35,1.0,0.0,13.5,1.13,1.0,40.0,0.0,75.0,0.0,237.0,1.6,0.0,0.004,0.444,0.0,0.0,3
cereals ready-to-eat,"KELLOGG, KELLOGG'S CINNABON cereal",Breakfast Cereals,410.0,5.7,7.3,83.3,41.6,3.9,1.83,65.0,0.0,18.4,1.59,1.46,26.0,15.7,13.0,0.0,57.0,5.6,0.0,0.0054,0.595,0.0,0.0,1
cereals ready-to-eat,KASHI GOLEAN CRISP Toasted Berry Crumble,Breakfast Cereals,368.0,18.0,8.19,66.69,21.7,15.8,0.0,1.0,0.0,0.3,0.05,0.14,111.0,3.59,64.0,0.0,203.0,0.6,0.0,0.0,0.0,0.0,0.0,3
cereals ready-to-eat,"KASHI HEART TO HEART, Warm Cinnamon",Breakfast Cereals,365.0,11.6,4.9,78.5,15.69,13.2,6.05,91.0,61.0,1.2,0.14,0.38,55.0,3.09,26.0,0.0,97.0,0.89,0.0,0.018,0.0,0.0,0.0,3
cereals ready-to-eat,"KASHI ORGANIC PROMISE, ISLAND VANILLA",Breakfast Cereals,350.0,10.7,1.9,80.8,16.9,10.7,0.3,0.0,0.0,4.8,0.1,0.34,37.0,2.8,108.0,3.2,275.0,2.6,0.0,0.0,0.0,0.0002,0.0,3
cereals ready-to-eat,"GENERAL MILLS, CHEERIOS, Banana Nut",Breakfast Cereals,375.0,5.5,4.0,84.69,33.09,6.1,1.78,53.6,0.53,17.89,1.5,1.29,357.0,16.1,57.0,0.0,214.0,13.39,0.506,0.0054,1.201,0.000166,0.011,1
cereals ready-to-eat,"GENERAL MILLS, CHEERIOS, Chocolate",Breakfast Cereals,380.0,5.8,5.09,83.5,34.09,6.2,1.85,55.6,0.59,18.5,1.6,1.39,370.0,16.7,59.0,0.0,222.0,13.89,0.533,0.0055899999999999,1.246,0.000245,0.0132,1
cereals ready-to-eat,"GENERAL MILLS, Chocolate CHEX",Breakfast Cereals,412.0,4.8,8.4,81.1,26.2,2.0,1.667,20.0,0.0,16.7,1.4,1.3,333.0,27.0,27.0,0.0,133.0,12.5,0.0,0.005,0.0,0.0,0.0,1
cereals ready-to-eat,GENERAL MILLS Cinnamon CHEX,Breakfast Cereals,403.0,5.0,6.59,82.4,26.1,2.4,1.66,20.0,1.51,16.7,1.39,1.29,333.0,27.0,27.0,0.0,67.0,12.5,0.749,0.005,1.131,0.000211,0.0138,1
cereals ready-to-eat,"GENERAL MILLS, FIBER ONE, Caramel Delight",Breakfast Cereals,344.0,5.8,5.8,82.69,20.79,19.1,1.0,12.0,1.17,10.0,0.89,0.8,200.0,28.79,64.0,0.0,200.0,7.5,0.298,0.003,1.347,0.000252,0.0238,3
cereals ready-to-eat,"GENERAL MILLS, FIBER ONE, Frosted Shredded Wheat",Breakfast Cereals,321.0,8.4,1.7,81.7,20.3,15.0,1.0,0.0,0.0,13.3,0.9,0.6,0.0,29.8,67.0,0.0,250.0,2.5,0.0,0.0025,0.0,0.0,0.0,3
cereals ready-to-eat,"GENERAL MILLS, FIBER ONE, HONEY CLUSTERS",Breakfast Cereals,323.0,7.69,2.59,83.8,17.79,19.2,1.92,11.5,0.62,19.2,1.6,0.69,192.0,31.2,77.0,0.0,192.0,14.39,0.0,0.0029,1.294,0.00035,0.035,3
cereals ready-to-eat,"GENERAL MILLS, FIBER ONE, RAISIN BRAN CLUSTERS",Breakfast Cereals,317.0,6.19,2.29,83.3,25.7,18.2,0.9,0.4,0.58,9.1,0.8,0.69,182.0,8.19,58.0,0.0,182.0,6.8,0.0,0.0027,0.296,0.000364,0.0305,3
cereals ready-to-eat,"KELLOGG, KELLOGG'S SPECIAL K, Cinnamon Pecan",Breakfast Cereals,375.0,7.5,6.0,81.2,24.0,10.3,2.33,70.0,0.44,23.3,1.98,1.75,30.0,27.0,67.0,2.675,191.0,1.5,0.75,0.007,0.781,0.000312,0.0292,3
cereals ready-to-eat,"KELLOGG, KELLOGG'S SPECIAL K Blueberry",Breakfast Cereals,363.0,6.9,1.5,86.3,26.7,8.6,2.33,70.0,0.0,23.3,1.98,1.75,18.0,27.0,55.0,0.0,164.0,1.3,0.745,0.007,0.781,0.000338,0.0259,3
cereals ready-to-eat,"KASHI, KASHI U",Breakfast Cereals,376.0,10.2,6.5,78.0,19.2,12.2,0.11,26.0,0.0,1.4,0.06,0.11,343.0,2.8,37.0,0.0,75.0,0.5,0.0,0.0,0.003,0.0,0.0,3
cereals ready-to-eat,KASHI Berry Blossom,Breakfast Cereals,322.0,7.5,3.0,83.09,23.39,18.9,0.07,6.0,0.0,3.2,0.15,0.28,35.0,3.2,87.0,0.0,188.0,1.6,0.0,0.0,0.011,0.0,0.0,3
cereals ready-to-eat,KASHI Golden Goodness,Breakfast Cereals,355.0,10.8,2.2,82.5,14.8,9.5,0.23,0.0,6.03,3.7,0.13,0.31,42.0,2.9,112.0,0.0,260.0,2.1,0.0,0.0,0.028,0.0,0.0,3
cereals ready-to-eat,KASHI Honey Sunshine,Breakfast Cereals,332.0,7.8,4.09,82.0,20.29,17.9,0.03,0.0,44.22,3.2,0.15,0.31,29.0,3.0,79.0,0.0,171.0,1.39,0.006,0.0,0.015,0.000201,0.0192,3
cereals ready-to-eat,KELLOGG's FIBERPLUS Cinnamon Oat Crunch,Breakfast Cereals,354.0,9.4,4.3,81.9,21.8,28.0,2.2,47.0,42.3,21.9,1.86,1.64,45.0,25.3,11.0,0.0,12.0,4.7,0.0,0.0066,0.731,0.0,0.0,3
cereals ready-to-eat,KELLOGG'S SPECIAL K Multigrain Oats and Honey,Breakfast Cereals,362.0,7.8,1.8,85.0,26.4,8.6,2.4,72.0,0.0,24.1,2.05,1.81,18.0,27.9,78.0,0.0,230.0,1.9,0.0,0.0072,0.808,0.0,0.0,3
cereals ready-to-eat,KELLOGG's CRUNCHY NUT Roasted Nut and Honey O's,Breakfast Cereals,374.0,5.9,4.3,84.6,37.1,7.1,1.9,22.0,0.0,18.5,1.57,1.39,31.0,16.7,7.0,0.0,41.0,5.6,0.0,0.0056,0.616,0.0,0.0,1
cereals ready-to-eat,KELLOGG'S CRUNCHY NUT Golden Honey Nut flakes,Breakfast Cereals,385.0,6.7,3.9,83.3,33.5,2.4,1.61,20.0,0.0,16.1,1.37,1.21,20.0,14.5,24.0,0.0,62.0,0.6,0.0,0.0048,0.53,0.0,0.0,1
cereals ready-to-eat,KELLOGG's FROSTED MINI-WHEATS Bite Size Cinnamon Streusel,Breakfast Cereals,349.0,8.8,1.6,84.6,22.5,10.8,0.93,0.0,0.67,9.3,0.79,0.69,36.0,30.0,83.0,0.0,354.0,2.8,0.0,0.0028,0.616,0.0,0.0,3
cereals ready-to-eat,KELLOGG's FROSTED MINI-WHEATS Bite Size Blueberry Muffin,Breakfast Cereals,352.0,8.6,1.6,84.8,22.7,10.2,0.91,0.0,0.67,9.1,0.77,0.68,26.0,29.5,81.0,0.0,346.0,2.7,0.0,0.0027,0.606,0.0,0.0,3
cereals ready-to-eat,KELLOGG's FROSTED MINI-WHEATS Touch of Fruit in the Middle Mixed Berry,Breakfast Cereals,342.0,8.8,1.8,82.1,17.8,10.6,0.91,0.0,0.67,9.1,0.77,0.68,34.0,29.5,83.0,0.0,359.0,2.7,0.0,0.0027,0.606,0.0,0.0,3
cereals ready-to-eat,"QUAKER, CAP'N CRUNCH'S Halloween Crunch",Breakfast Cereals,402.0,4.41,5.66,85.14,43.82,2.5,2.12,0.1,0.42,20.56,1.8,1.6,11.0,19.6,54.0,0.0,167.0,15.42,0.0,0.0,0.0,0.0,0.0,1
cereals ready-to-eat,"QUAKER, Natural Granola Apple Cranberry Almond",Breakfast Cereals,418.0,9.21,11.06,74.73,27.43,9.9,0.193,3.1,1.63,1.98,0.26,0.34,98.0,2.47,106.0,0.0,334.0,2.44,0.0,0.00014,0.0,0.0,0.0,3
cereals ready-to-eat,"QUAKER, Maple Brown Sugar LIFE Cereal",Breakfast Cereals,373.0,9.17,4.06,78.86,24.9,6.3,1.795,0.0,0.56,17.871,1.526,1.346,349.0,28.69,91.0,0.0,389.0,13.47,0.0,0.0,0.0,0.0,0.0,3
cereals ready-to-eat,"QUAKER, Cap'n Crunch's OOPS! All Berries Cereal",Breakfast Cereals,395.0,4.6,3.99,87.1,44.18,2.6,2.395,0.4,0.63,23.961,2.036,1.798,11.0,21.57,56.0,0.0,170.0,17.98,0.0,0.0,0.0,0.0,0.0,1
cereals ready-to-eat,"KELLOGG'S FROSTED MINI-WHEATS LITTLE BITES, chocolate",Breakfast Cereals,354.0,8.5,3.4,81.4,22.29,10.9,0.88,0.0,0.0,8.89,0.75,0.67,33.0,28.89,90.0,0.0,335.0,2.7,0.0,0.003,0.594,0.0,0.0,3
cereals ready-to-eat,"QUAKER Oatmeal Squares, Golden Maple",Breakfast Cereals,380.0,11.3,4.83,78.04,16.82,8.3,0.88,11.5,0.0,9.58,0.85,0.687,201.0,29.0,115.0,0.0,371.0,7.18,0.0,0.0,0.0,0.0,0.0,3
cereals ready-to-eat,"POST, HONEY BUNCHES OF OATS with vanilla bunches",Breakfast Cereals,394.0,7.9,5.1,81.8,20.7,7.8,0.9,0.0,0.94,8.9,0.8,0.7,33.0,28.9,75.0,0.0,232.0,6.7,0.527,0.0027,0.594,0.0003,0.0073,3
cereals ready-to-eat,"GENERAL MILLS, PEANUT BUTTER TOAST CRUNCH",Breakfast Cereals,410.0,8.19,9.8,76.19,27.1,5.5,1.61,19.4,0.0,16.1,1.39,1.2,323.0,14.5,52.0,0.0,194.0,14.5,0.0,0.0048,0.0,0.0,0.0,1
cereals ready-to-eat,"GENERAL MILLS, Cocoa Puffs, 25% Reduced Sugar",Breakfast Cereals,382.0,6.2,5.0,83.3,26.1,5.8,1.667,20.0,0.0,16.7,1.4,1.3,333.0,15.0,33.0,0.0,167.0,12.5,0.0,0.005,0.0,0.0,0.0,1
cereals ready-to-eat,"GENERAL MILLS, Oat Cluster CHEERIOS Crunch",Breakfast Cereals,378.0,8.5,4.6,80.7,27.9,7.0,1.852,22.2,0.31,18.5,1.6,1.4,296.0,16.7,59.0,0.0,222.0,13.9,0.554,0.0056,0.994,0.0002819999999999,0.0211,3
cereals,"QUAKER, Instant Oatmeal, Cinnamon Spice, reduced sugar",Breakfast Cereals,358.0,11.26,6.11,69.45,11.91,8.8,1.37,0.3,0.56,13.63,1.17,0.9,313.0,12.0,116.0,0.0,391.0,2.62,0.0,0.0,0.0,0.0,0.0,3
cereals,"QUAKER, Instant Oatmeal Organic, Regular",Breakfast Cereals,367.0,16.0,6.3,67.0,1.0,9.8,0.12,0.0,0.47,0.78,0.14,0.73,52.0,4.2,148.0,0.0,474.0,3.07,0.0,0.0,0.0,0.0,0.0,3
cereals,"QUAKER, Instant Oatmeal, fruit and cream, variety of flavors, reduced sugar",Breakfast Cereals,376.0,10.16,7.46,71.57,17.66,8.3,0.98,0.1,0.64,9.085,0.617,1.447,246.0,12.13,103.0,0.0,359.0,2.3,0.0,3e-05,0.0,0.0,0.0,3
cereals,"QUAKER, Instant Oatmeal, Apple and Cinnamon, reduced sugar",Breakfast Cereals,358.0,10.29,5.64,72.17,17.78,9.7,1.42,1.3,0.49,14.195,1.207,1.065,355.0,12.77,104.0,0.0,357.0,2.39,0.0,0.0,0.0,0.0,0.0,3
cereals ready-to-eat,"GENERAL MILLS, Honey KIX",Breakfast Cereals,364.0,6.4,3.9,83.0,18.2,8.3,2.72,27.3,0.0,21.2,2.29,2.29,455.0,38.2,49.0,0.0,182.0,18.2,0.868,0.0064,1.429,0.0001199999999999,0.0130999999999999,3
cereals ready-to-eat,"BEAR NAKED Nut Cluster Crunch, honey almond",Breakfast Cereals,369.0,8.9,3.1,82.5,22.1,6.2,0.01,0.0,0.45,0.2,0.04,0.01,27.0,0.5,11.0,0.0,47.0,0.1,0.0,0.0,0.002,0.0,0.0,3
cereals ready-to-eat,"BEAR NAKED Nut Cluster Crunch, maple pecan walnut",Breakfast Cereals,374.0,8.5,3.5,83.09,22.6,6.0,0.01,0.0,0.0,0.3,0.05,0.01,20.0,0.4,6.0,0.0,40.0,0.2,0.0,0.0,0.002,0.0,0.0,3
cereals ready-to-eat,KASHI INDIGO MORNING,Breakfast Cereals,364.0,7.7,3.4,82.8,22.2,7.1,0.52,4.0,0.67,3.0,0.17,0.32,0.0,2.6,106.0,0.0,256.0,1.8,0.0,0.0,0.023,0.0,0.0,3
cereals ready-to-eat,KASHI Simply Maize,Breakfast Cereals,371.0,7.8,3.4,83.3,22.1,6.1,0.52,0.0,0.0,3.0,0.17,0.32,0.0,2.6,105.0,0.0,259.0,1.8,0.0,0.0,0.016,0.0,0.0,3
cereals ready-to-eat,KASHI GOLEAN CRISP Cinnamon Crumble,Breakfast Cereals,362.0,22.1,8.19,62.59,18.6,16.8,0.0,1.0,0.0,0.2,0.03,0.11,135.0,4.59,73.0,0.0,228.0,0.6,0.0,0.0,0.0,0.0,0.0,3
cereals ready-to-eat,"GENERAL MILLS, FIBER ONE 80 Calories, Honey Squares",Breakfast Cereals,248.0,4.8,2.59,85.19,10.8,38.5,1.66,20.0,0.0,16.7,1.39,1.29,1000.0,15.0,53.0,0.0,333.0,12.5,0.0,0.005,0.0,0.0,0.0,3
cereals ready-to-eat,KELLOGG'S KRAVE chocolate cereal,Breakfast Cereals,397.0,7.0,11.1,76.1,35.7,9.9,1.61,48.0,0.0,16.1,1.13,1.21,61.0,14.5,40.0,0.0,102.0,5.0,0.0,0.0048,0.441,0.0,0.0,1
cereals ready-to-eat,"KELLOGG'S RICE KRISPIES, Gluten Free",Breakfast Cereals,371.0,7.8,2.3,82.4,3.7,2.7,1.67,50.0,11.25,16.7,1.42,1.25,10.0,30.0,149.0,0.0,292.0,2.1,0.0,0.005,1.131,0.0,0.0,3
cereals ready-to-eat,"POST, HONEY BUNCHES OF OATS, Just Bunches, honey roasted",Breakfast Cereals,433.0,7.9,11.4,75.9,23.3,6.2,0.9,0.0,1.83,8.8,0.7,0.7,42.0,14.2,76.0,0.0,234.0,2.6,0.395,0.0026,0.583,0.0003,0.0257,3
cereals ready-to-eat,"POST, HONEY BUNCHES OF OATS, pecan bunches",Breakfast Cereals,399.0,7.0,5.4,82.0,21.9,5.2,1.7,0.2,0.5,17.2,1.5,1.3,19.0,15.5,36.0,0.0,140.0,1.0,0.748,0.0052,1.159,0.00014,0.0173,3
cereals ready-to-eat,"NATURE'S PATH, Organic FLAX PLUS flakes",Breakfast Cereals,350.0,11.91,5.46,75.27,12.25,16.6,0.03,0.0,1.27,0.22,0.01,0.13,55.0,5.89,28.0,0.18,460.0,0.31,0.0,0.0,0.006,8.999999999999999e-05,0.0018,3
cereals ready-to-eat,"BARBARA'S PUFFINS, original",Breakfast Cereals,333.0,7.41,3.7,84.0,18.52,18.5,0.243,55.6,0.89,1.9,0.068,0.111,70.0,1.33,107.0,0.0,126.0,1.28,0.0,0.0,0.019,0.000301,0.0167,3
cereals ready-to-eat,KELLOGG'S KRAVE double chocolate cereal,Breakfast Cereals,397.0,7.1,11.2,75.9,36.3,10.6,1.67,50.0,0.67,16.7,1.13,1.25,67.0,15.0,48.0,0.0,112.0,5.0,0.0,0.005,0.441,0.0,0.0,1
cereals ready-to-eat,"KELLOGG'S FROSTED FLAKES, CHOCO ZUCARITAS",Breakfast Cereals,387.0,5.1,3.5,85.1,38.1,1.4,1.67,20.0,0.0,16.7,1.42,1.25,7.0,15.0,36.0,0.0,77.0,0.8,0.0,0.005,0.553,0.0,0.0,1
cereals ready-to-eat,KELLOGG'S APPLE JACKS with marshmallows,Breakfast Cereals,378.0,4.3,2.8,89.6,51.1,7.4,1.79,54.0,0.0,17.9,1.52,1.34,10.0,16.1,23.0,0.0,61.0,5.4,0.0,0.0054,0.594,0.0,0.0,1
cereals ready-to-eat,KELLOGG'S CINNAMON JACKS,Breakfast Cereals,397.0,5.9,7.8,83.0,33.9,9.0,1.78,54.0,0.0,17.89,1.51,1.34,20.0,16.1,43.0,0.0,96.0,5.4,0.0,0.005,0.594,0.0,0.0,1
cereals ready-to-eat,"POST, HONEY BUNCHES OF OATS, with real strawberries",Breakfast Cereals,399.0,6.7,4.9,83.3,24.0,5.4,1.7,15.6,0.0,16.1,1.4,1.2,26.0,26.1,46.0,0.0,139.0,1.0,0.0,0.0048,0.535,0.0002,0.0,3
cereals ready-to-eat,"KASHI ORGANIC PROMISE, Berry Fruitful",Breakfast Cereals,318.0,10.7,1.3,76.2,14.6,10.5,0.25,0.0,0.67,4.6,0.1,0.32,29.0,3.0,106.0,0.0,242.0,2.2,0.0,0.0,0.0,0.0,0.0,3
cereals ready-to-eat,POST HONEY BUNCHES OF OATS with cinnamon bunches,Breakfast Cereals,400.0,7.1,5.0,82.8,20.4,5.8,1.7,0.4,0.0,16.7,1.4,1.3,36.0,28.0,46.0,0.0,145.0,1.0,0.0,0.005,0.0,0.0002,0.0,3
cereals ready-to-eat,"GENERAL MILLS, Cinnamon Burst CHEERIOS",Breakfast Cereals,375.0,6.3,6.09,83.2,28.1,9.4,1.56,46.9,0.0,15.6,1.29,1.2,313.0,25.29,50.0,0.0,125.0,11.69,0.0,0.00469,0.0,0.0,0.0,3
cereals ready-to-eat,"GENERAL MILLS, COCOA PUFFS Brownie Crunch",Breakfast Cereals,387.0,6.0,6.0,82.69,32.79,6.2,1.85,22.2,0.0,18.5,1.6,1.39,370.0,16.7,59.0,0.0,296.0,13.89,0.0,0.0055899999999999,0.616,0.0,0.0,1
cereals ready-to-eat,"GENERAL MILLS, FIBER ONE, Nutty Clusters & Almonds",Breakfast Cereals,348.0,7.9,6.8,79.5,22.1,18.2,0.9,10.9,0.0,9.1,0.8,0.69,182.0,8.19,58.0,0.0,182.0,6.8,0.0,0.0027,0.0,0.0,0.0,3
cereals ready-to-eat,"GENERAL MILLS, FIBER ONE 80 Calories, Chocolate Squares",Breakfast Cereals,253.0,3.29,2.9,84.0,17.29,35.2,1.66,20.0,0.0,16.7,1.39,1.29,1333.0,15.0,53.0,0.0,267.0,12.5,0.0,0.005,0.0,0.0,0.0,3
cereals ready-to-eat,"GENERAL MILLS, HONEY NUT CHEERIOS, MEDLEY CRUNCH",Breakfast Cereals,387.0,9.1,5.4,79.5,29.1,7.5,1.61,19.4,0.0,16.1,1.39,1.2,323.0,14.5,103.0,0.0,258.0,12.1,0.0,0.0048,0.0,0.0,0.0,1
cereals ready-to-eat,"GENERAL MILLS, Dulce De Leche CHEERIOS",Breakfast Cereals,378.0,6.5,5.69,82.0,20.89,7.3,1.85,55.6,0.0,18.5,1.6,1.39,370.0,33.29,59.0,0.0,222.0,13.89,0.0,0.0055899999999999,0.0,0.0,0.0,3
cereals ready-to-eat,"MALT-O-MEAL, CHOCOLATE MARSHMALLOW MATEYS",Breakfast Cereals,400.0,3.29,5.0,83.3,53.29,3.3,1.29,16.0,0.0,13.3,1.1,1.0,267.0,24.0,0.0,0.0,0.0,10.0,0.4,0.004,0.893,0.0,0.0,1
cereals,"ready-to-eat, MALT-O-MEAL, Blueberry Mini SPOONERS",Breakfast Cereals,350.0,8.81,1.92,79.4,18.44,10.3,1.33,0.0,0.67,14.06,0.99,1.1,33.0,29.45,73.0,0.0,331.0,6.81,0.0,0.0030499999999999,0.848,0.0,0.0,3
cereals ready-to-eat,"MALT-O-MEAL, OAT BLENDERS with honey",Breakfast Cereals,390.0,7.59,3.04,84.08,22.09,6.2,2.95,32.8,0.31,25.9,2.15,2.29,23.0,45.7,54.0,0.0,202.0,19.65,0.0,0.0083,1.121,0.0,0.0,3
cereals ready-to-eat,"MALT-O-MEAL, OAT BLENDERS with honey & almonds",Breakfast Cereals,379.0,7.8,4.88,77.26,20.26,6.1,2.69,29.6,1.37,23.51,1.99,2.09,33.0,41.38,61.0,0.0,204.0,17.87,0.0,0.0075499999999999,1.121,0.0,0.0,3
cereals ready-to-eat,"MALT-O-MEAL, Honey Nut SCOOTERS",Breakfast Cereals,349.0,7.57,3.6,77.95,32.43,5.9,1.96,30.6,0.0,18.45,1.67,1.78,374.0,34.63,87.0,0.0,307.0,13.71,0.0,0.00588,1.121,0.0,0.0,1
cereals ready-to-eat,"KELLOGG'S FROSTED MINI-WHEATS Touch of Fruit in the Middle, Raspberry",Breakfast Cereals,342.0,8.8,1.8,82.1,17.8,10.6,0.91,0.0,0.67,9.1,0.77,0.68,33.0,29.5,83.0,0.0,359.0,2.7,0.0,0.0027,0.0,0.0,0.0,3
cereals ready-to-eat,"GENERAL MILLS, Apple Cinnamon CHEX",Breakfast Cereals,408.0,4.69,6.45,82.8,26.0,2.0,1.61,19.4,0.0,16.1,1.39,1.2,323.0,29.0,26.0,0.0,129.0,12.1,0.0,0.0048,0.0,0.0,0.0,1
cereals ready-to-eat,"GENERAL MILLS, FROSTED TOAST CRUNCH",Breakfast Cereals,410.0,5.19,10.1,78.59,29.39,4.8,1.66,20.0,0.0,16.7,1.39,1.29,333.0,15.0,27.0,0.0,133.0,12.5,0.0,0.005,0.0,0.0,0.0,1
cereals,"oats, instant, fortified, maple and brown sugar, dry",Breakfast Cereals,368.0,9.25,4.73,76.67,30.28,7.2,1.464,0.0,0.51,11.739,1.002,1.069,258.0,10.36,90.0,2.297,305.0,1.72,0.692,0.0,0.24,0.0002399999999999,0.0168,1
cereals ready-to-eat,"CASCADIAN FARM, Cinnamon Crunch",Breakfast Cereals,407.0,5.69,8.5,81.59,31.0,11.0,0.0,0.0,0.0,1.5,0.0,0.1,0.0,2.7,0.0,0.0,148.0,0.0,0.0,0.0,0.0,0.0,0.0,3
cereals ready-to-eat,"GENERAL MILLS, Multi Grain CHEERIOS, Peanut Butter",Breakfast Cereals,390.0,6.8,6.19,82.0,32.5,6.0,1.78,21.4,0.0,17.89,1.5,1.29,357.0,28.89,57.0,0.0,214.0,13.39,0.0,0.0054,0.0,0.0,0.0,1
cereals ready-to-eat,"CASCADIAN FARM, Multi-Grain Squares",Breakfast Cereals,387.0,9.39,1.89,83.0,13.19,7.5,0.0,0.0,0.0,0.0,0.0,0.0,0.0,2.7,0.0,0.0,0.0,0.0,0.0,0.0,0.0,0.0,0.0,3
cereals ready-to-eat,"CASCADIAN FARM, honey nut O's",Breakfast Cereals,371.0,8.3,3.29,83.09,24.79,8.5,0.0,0.0,0.0,1.29,0.0,0.2,67.0,2.4,53.0,0.0,200.0,1.0,0.0,0.0,0.0,0.0,0.0,3
cereals ready-to-eat,QUAKER WHOLE HEARTS oat cereal,Breakfast Cereals,376.0,7.63,5.61,80.1,21.53,9.1,1.586,71.3,5.58,15.855,1.348,2.378,0.0,32.11,77.0,0.0,322.0,11.89,0.0,0.00475,0.0,0.0,0.0,3
cereals,"QUAKER, Weight Control Instant Oatmeal, maple and brown sugar",Breakfast Cereals,361.0,16.37,6.2,64.25,1.25,13.0,1.056,0.1,0.56,10.446,0.935,1.018,268.0,10.13,116.0,0.0,392.0,2.6,0.0,0.0,0.0,0.0,0.0,3
cereals,"QUAKER, Weight Control Instant Oatmeal, banana bread",Breakfast Cereals,361.0,16.5,6.16,64.42,1.29,12.6,1.018,0.1,0.55,10.177,0.865,0.735,243.0,8.78,117.0,0.0,396.0,2.6,0.0,0.0,0.0,0.0,0.0,3
cereals,"QUAKER, Instant Oatmeal, Cinnamon Swirl, high fiber",Breakfast Cereals,366.0,8.79,4.8,75.67,14.7,22.3,1.241,0.2,0.43,12.448,1.058,0.762,278.0,9.41,91.0,0.0,306.0,2.04,0.0,0.0,0.0,0.0,0.0,3
cereals,"QUAKER, oatmeal, REAL MEDLEYS, blueberry hazelnut, dry",Breakfast Cereals,386.0,9.81,9.8,69.47,18.71,7.7,0.127,2.8,0.45,1.557,0.115,0.352,64.0,3.08,98.0,0.0,287.0,2.15,0.0,0.0,0.0,0.0,0.0,3
cereals,"QUAKER, oatmeal, REAL MEDLEYS, apple walnut, dry",Breakfast Cereals,390.0,8.18,10.36,70.53,29.36,7.0,0.148,0.9,0.36,1.089,0.09,0.269,57.0,2.77,86.0,0.0,239.0,1.83,0.0,0.0,0.0,0.0,0.0,1
cereals,"QUAKER, oatmeal, REAL MEDLEYS, summer berry, dry",Breakfast Cereals,353.0,11.31,4.4,72.58,20.43,8.5,0.158,9.4,0.47,1.687,0.215,0.378,124.0,3.13,113.0,0.0,358.0,2.56,0.0,0.0002,0.0,0.0,0.0,3
cereals,"QUAKER, oatmeal, REAL MEDLEYS, peach almond, dry",Breakfast Cereals,387.0,10.1,9.84,68.61,24.85,7.4,0.121,16.1,2.46,1.87,0.188,0.293,105.0,2.8,115.0,0.0,302.0,2.18,0.0,0.0,0.0,0.0,0.0,3
cereals,"QUAKER, oatmeal, REAL MEDLEYS, cherry pistachio, dry",Breakfast Cereals,394.0,12.02,11.02,66.73,26.34,7.1,0.231,0.7,0.5,1.33,0.25,0.334,132.0,2.99,103.0,0.0,333.0,2.14,0.0,0.0002099999999999,0.0,0.0,0.0,3
cereals,"QUAKER, Instant Oatmeal, weight control, cinnamon",Breakfast Cereals,361.0,16.5,6.28,64.21,1.27,13.0,1.025,0.1,0.56,10.871,0.87,0.741,245.0,8.84,119.0,0.0,402.0,2.65,0.0,0.0,0.0,0.0,0.0,3
cereals ready-to-eat,"KELLOGG, KELLOGG'S FROSTED MINI-WHEATS, little bites",Breakfast Cereals,351.0,9.19,1.7,84.3,20.2,10.8,0.88,0.0,0.0,8.89,0.75,0.67,29.0,28.89,77.0,0.0,343.0,2.7,0.0,0.003,0.594,0.0,0.0,3
cereals ready-to-eat,"KELLOGG, KELLOGG'S RAISIN BRAN, Cinnamon Almond",Breakfast Cereals,347.0,7.4,2.9,81.19,31.29,9.2,0.86,2.0,0.0,8.6,0.73,0.64,47.0,7.8,106.0,0.0,252.0,2.7,0.0,0.003,0.0,0.0,0.0,1
cereals ready-to-eat,"KASHI ORGANIC PROMISE, RAISIN VINEYARD",Breakfast Cereals,342.0,8.69,0.8,79.9,23.39,5.0,0.15,1.0,0.0,3.0,0.05,0.23,24.0,2.09,50.0,0.0,119.0,0.89,0.0,0.0,0.0,0.0,0.0,3
cereals ready-to-eat,"KELLOGG, KELLOGG'S FROOT LOOPS TREASURES, Strawberry",Breakfast Cereals,380.0,5.3,3.9,87.3,40.29,8.6,1.66,50.0,0.0,16.7,1.41,1.25,13.0,15.0,27.0,0.0,58.0,5.0,0.0,0.005,0.0,0.0,0.0,1
cereals ready-to-eat,KELLOGG'S KRAVE Smores,Breakfast Cereals,401.0,7.3,10.89,76.4,31.7,9.4,1.61,48.0,0.0,16.1,1.37,1.21,57.0,14.5,32.0,0.0,97.0,5.0,0.0,0.005,0.0,0.0,0.0,1
cereals ready-to-eat,KELLOGG RAISIN BRAN with Omega-3 from flaxseed,Breakfast Cereals,349.0,7.3,2.5,82.69,31.29,9.6,0.93,2.0,0.0,9.39,0.8,0.7,39.0,8.5,96.0,0.0,235.0,2.79,0.0,0.003,0.0,0.0,0.0,3
cereals ready-to-eat,"KELLOGG, KELLOGG'S SPECIAL K Multi-grain",Breakfast Cereals,364.0,7.59,1.29,86.59,20.7,9.6,2.25,68.0,0.0,22.6,1.91,1.69,36.0,29.0,63.0,0.0,200.0,1.7,0.0,0.007,0.0,0.0,0.0,3
cereals,"KELLOGG'S SPECIAL K NOURISH, Cinnamon Raisin Pecan, dry",Breakfast Cereals,370.0,14.1,10.39,61.9,23.79,9.2,0.76,23.0,2.6,7.69,0.64,0.57,385.0,10.39,115.0,0.0,431.0,1.89,0.0,0.002,0.0,0.0,0.0,3
cereals,"KELLOGG'S SPECIAL K NOURISH, Cranberry Almond, dry",Breakfast Cereals,361.0,15.0,8.39,63.29,22.39,9.3,0.76,23.0,2.6,7.69,0.64,0.57,385.0,10.39,115.0,0.0,467.0,1.7,0.0,0.001,0.0,0.0,0.0,3
cereals,"KELLOGG'S SPECIAL K NOURISH, Maple Brown Sugar Crunch, dry",Breakfast Cereals,371.0,15.39,9.89,62.09,22.0,9.3,0.76,23.0,2.6,7.69,0.64,0.57,385.0,10.39,115.0,0.0,457.0,1.79,0.0,0.001,0.0,0.0,0.0,3
cereals ready-to-eat,KASHI GOLEAN Vanilla Graham Clusters,Breakfast Cereals,330.0,21.5,2.59,70.09,17.79,17.3,0.1,0.0,0.0,0.89,0.09,0.18,105.0,5.3,76.0,0.0,226.0,1.39,0.0,0.0,0.0,0.0,0.0,3
cereals ready-to-eat,KELLOGG SCOOBY-DOO! cereal,Breakfast Cereals,376.0,8.6,4.09,84.0,18.5,9.8,1.55,47.0,0.0,15.6,1.33,1.16,22.0,28.1,84.0,0.0,193.0,5.0,0.0,0.005,0.0,0.0,0.0,3
cereals ready-to-eat,KELLOGG'S SPECIAL K Chocolate Almond,Breakfast Cereals,375.0,7.59,5.09,81.5,27.5,10.3,2.5,75.0,0.0,25.0,2.13,1.87,105.0,25.7,74.0,0.0,196.0,4.0,0.0,0.007,0.0,0.0,0.0,3
kellogg mini-wheats frosted bite size touch of fruit raisin,No_descr,Breakfast Cereals,343.0,9.1,1.6,82.1,17.2,10.8,0.91,0.0,0.0,9.1,0.76,0.68,32.0,29.5,86.0,0.0,364.0,2.7,0.0,0.003,0.0,0.0,0.0,3
acerola,"(west indian cherry), raw",Fruits and Fruit Juices,32.0,0.4,0.3,7.69,0.0,1.1,0.009,1677.6,0.0,0.4,0.06,0.02,12.0,0.2,18.0,0.0,11.0,0.1,0.038,0.0,0.014,8.599999999999999e-05,0.0006,0
acerola juice,raw,Fruits and Fruit Juices,23.0,0.4,0.3,4.8,4.5,0.3,0.004,1600.0,0.18,0.4,0.06,0.02,10.0,0.5,12.0,0.0,9.0,0.1,0.025,0.0,0.014,8.599999999999999e-05,0.0001,0
apples,"raw, with skin",Fruits and Fruit Juices,52.0,0.26,0.17,13.81,10.39,2.4,0.041,4.6,0.18,0.091,0.026,0.017,6.0,0.12,5.0,0.035,11.0,0.04,0.003,0.0,0.003,2.7e-05,0.0,0
apples,"raw, without skin",Fruits and Fruit Juices,48.0,0.27,0.13,12.76,10.1,1.3,0.037,4.0,0.05,0.091,0.028,0.019,5.0,0.07,4.0,0.038,11.0,0.05,0.002,0.0,0.0,3.1e-05,0.0,0
apples,"raw, without skin, cooked, boiled",Fruits and Fruit Juices,53.0,0.26,0.36,13.64,11.01,2.4,0.044,0.2,0.05,0.095,0.012,0.016,5.0,0.19,3.0,0.118,8.0,0.04,0.002,0.0,0.001,3.5000000000000004e-05,0.0003,0
apples,"raw, without skin, cooked, microwave",Fruits and Fruit Juices,56.0,0.28,0.42,14.41,11.61,2.8,0.046,0.3,0.05,0.061,0.011,0.017,5.0,0.17,3.0,0.142,8.0,0.04,0.002,0.0,0.001,4.6e-05,0.0003,0
apples,"canned, sweetened, sliced, drained, unheated",Fruits and Fruit Juices,67.0,0.18,0.49,16.7,15.0,1.7,0.044,0.4,0.21,0.073,0.01,0.009,4.0,0.23,2.0,0.153,5.0,0.03,0.003,0.0,0.0,5.3e-05,0.0003,0
apples,"canned, sweetened, sliced, drained, heated",Fruits and Fruit Juices,67.0,0.18,0.43,16.84,14.84,2.0,0.044,0.2,0.21,0.081,0.01,0.009,4.0,0.24,3.0,0.165,6.0,0.05,0.003,0.0,0.0,5.1e-05,0.0003,0
apples,"dehydrated (low moisture), sulfured, uncooked",Fruits and Fruit Juices,346.0,1.32,0.58,93.53,81.13,12.4,0.28,2.2,0.75,0.68,0.13,0.046,19.0,2.0,22.0,0.128,55.0,0.29,0.004,0.0,0.001,0.000271,0.0018,1
apples,"dehydrated (low moisture), sulfured, stewed",Fruits and Fruit Juices,74.0,0.28,0.12,19.91,0.0,2.6,0.054,0.6,0.0,0.14,0.029,0.008,4.0,0.43,5.0,0.027,12.0,0.06,0.001,0.0,0.0,5.8e-05,0.0004,0
apples,"dried, sulfured, uncooked",Fruits and Fruit Juices,243.0,0.93,0.32,65.89,57.19,8.7,0.125,3.9,0.53,0.927,0.159,0.0,14.0,1.4,16.0,0.09,38.0,0.2,0.0,0.0,0.0,0.000191,0.0013,1
apples,"dried, sulfured, stewed, without added sugar",Fruits and Fruit Juices,57.0,0.22,0.07,15.32,13.32,2.0,0.05,1.0,0.12,0.129,0.019,0.006,3.0,0.33,4.0,0.021,9.0,0.05,0.001,0.0,0.0,4.4e-05,0.0003,0
apples,"dried, sulfured, stewed, with added sugar",Fruits and Fruit Juices,83.0,0.2,0.07,20.73,0.0,1.9,0.047,0.9,0.0,0.121,0.018,0.006,3.0,0.31,3.0,0.02,8.0,0.04,0.001,0.0,0.0,4.2e-05,0.0,0
apples,"frozen, unsweetened, unheated",Fruits and Fruit Juices,48.0,0.28,0.32,12.31,10.1,1.3,0.034,0.1,0.0,0.042,0.011,0.013,4.0,0.18,3.0,0.169,8.0,0.05,0.0,0.0,0.001,5.8e-05,0.0002,0
apples,"frozen, unsweetened, heated",Fruits and Fruit Juices,47.0,0.29,0.33,12.0,0.0,1.3,0.032,0.4,0.0,0.043,0.011,0.014,5.0,0.19,3.0,0.146,8.0,0.05,0.0,0.0,0.001,6.500000000000001e-05,0.0002,0
apple juice,"canned or bottled, unsweetened, without added ascorbic acid",Fruits and Fruit Juices,46.0,0.1,0.13,11.3,9.62,0.2,0.018,0.9,0.01,0.073,0.017,0.021,8.0,0.12,5.0,0.074,7.0,0.02,0.0,0.0,0.0,1.2e-05,0.0001,0
apple juice,"frozen concentrate, unsweetened, undiluted, without added ascorbic acid",Fruits and Fruit Juices,166.0,0.51,0.37,41.0,38.83,0.4,0.116,2.1,0.04,0.135,0.054,0.011,20.0,0.91,17.0,0.225,25.0,0.13,0.0,0.0,0.001,5e-05,0.0004,1
apple juice,"frozen concentrate, unsweetened, diluted with 3 volume water without added ascorbic acid",Fruits and Fruit Juices,47.0,0.14,0.1,11.54,10.93,0.1,0.033,0.6,0.01,0.038,0.015,0.003,6.0,0.26,5.0,0.063,7.0,0.04,0.0,0.0,0.0,1.4e-05,0.0001,0
applesauce,"canned, unsweetened, without added ascorbic acid (includes USDA commodity)",Fruits and Fruit Juices,42.0,0.17,0.1,11.27,9.39,1.1,0.027,1.0,0.16,0.084,0.03,0.026,4.0,0.23,3.0,0.025,5.0,0.03,0.001,0.0,0.003,2.7e-05,0.0003,0
applesauce,"canned, sweetened, without salt (includes USDA commodity)",Fruits and Fruit Juices,68.0,0.16,0.17,17.49,14.67,1.2,0.027,1.7,0.18,0.072,0.022,0.017,3.0,0.12,3.0,0.03,6.0,0.03,0.0,0.0,0.001,3.2e-05,0.0003,0
apricots,raw,Fruits and Fruit Juices,48.0,1.4,0.39,11.12,9.24,2.0,0.054,10.0,0.89,0.6,0.04,0.03,13.0,0.39,10.0,0.077,23.0,0.2,0.096,0.0,0.009,7.8e-05,0.0001,0
apricots,"canned, water pack, with skin, solids and liquids",Fruits and Fruit Juices,27.0,0.71,0.16,6.39,4.79,1.6,0.054,3.4,0.6,0.395,0.023,0.021,8.0,0.32,7.0,0.053,13.0,0.11,0.098,0.0,0.002,8.2e-05,0.0001,0
apricots,"canned, water pack, without skin, solids and liquids",Fruits and Fruit Juices,22.0,0.69,0.03,5.48,0.0,1.1,0.054,1.8,0.0,0.437,0.024,0.02,8.0,0.54,9.0,0.053,16.0,0.11,0.091,0.0,0.002,6.8e-05,0.0,0
apricots,"canned, juice pack, with skin, solids and liquids",Fruits and Fruit Juices,48.0,0.63,0.04,12.34,10.74,1.6,0.054,4.9,0.6,0.344,0.019,0.018,12.0,0.3,10.0,0.052,20.0,0.11,0.085,0.0,0.002,5.4e-05,0.0001,0
apricots,"canned, extra light syrup pack, with skin, solids and liquids",Fruits and Fruit Juices,49.0,0.6,0.1,12.5,0.0,1.6,0.054,4.0,0.0,0.6,0.02,0.02,10.0,0.3,6.0,0.052,12.0,0.08,0.064,0.0,0.002,4e-05,0.0,0
apricots,"canned, light syrup pack, with skin, solids and liquids",Fruits and Fruit Juices,63.0,0.53,0.05,16.49,14.89,1.6,0.054,2.7,0.6,0.304,0.02,0.016,11.0,0.39,8.0,0.052,13.0,0.11,0.066,0.0,0.002,7.9e-05,0.0001,0
apricots,"canned, heavy syrup pack, with skin, solids and liquids",Fruits and Fruit Juices,83.0,0.53,0.08,21.47,19.87,1.6,0.054,3.1,0.6,0.376,0.022,0.02,9.0,0.3,7.0,0.051,12.0,0.11,0.062,0.0,0.002,7.8e-05,0.0001,0
apricots,"canned, heavy syrup pack, without skin, solids and liquids",Fruits and Fruit Juices,83.0,0.51,0.09,21.45,0.0,1.6,0.054,2.8,0.0,0.416,0.023,0.019,9.0,0.43,8.0,0.051,13.0,0.1,0.062,0.0,0.002,6.500000000000001e-05,0.0,0
apricots,"canned, extra heavy syrup pack, without skin, solids and liquids",Fruits and Fruit Juices,96.0,0.55,0.04,24.85,0.0,1.6,0.054,2.4,0.0,0.34,0.022,0.016,8.0,0.62,8.0,0.05,15.0,0.1,0.074,0.0,0.002,6.4e-05,0.0,0
apricots,"dehydrated (low-moisture), sulfured, uncooked",Fruits and Fruit Juices,320.0,4.9,0.62,82.89,0.0,0.0,0.52,9.5,0.0,3.58,0.148,0.043,61.0,6.31,63.0,0.369,157.0,1.0,0.633,0.0,0.004,0.0005759999999999,0.0,3
apricots,"dehydrated (low-moisture), sulfured, stewed",Fruits and Fruit Juices,126.0,1.93,0.24,32.62,0.0,0.0,0.161,7.1,0.0,1.63,0.067,0.013,24.0,2.48,25.0,0.145,62.0,0.39,0.22,0.0,0.002,0.000227,0.0,0
apricots,"dried, sulfured, uncooked",Fruits and Fruit Juices,241.0,3.39,0.51,62.64,53.44,7.3,0.143,1.0,4.33,2.589,0.074,0.015,55.0,2.66,32.0,0.235,71.0,0.39,0.18,0.0,0.01,0.000343,0.0022,1
apricots,"dried, sulfured, stewed, without added sugar",Fruits and Fruit Juices,85.0,1.2,0.18,22.15,19.57,2.6,0.051,0.3,1.53,0.915,0.026,0.005,19.0,0.94,11.0,0.083,25.0,0.14,0.064,0.0,0.003,0.000121,0.0008,0
apricots,"dried, sulfured, stewed, with added sugar",Fruits and Fruit Juices,113.0,1.17,0.15,29.26,0.0,4.1,0.103,1.4,0.0,0.853,0.027,0.005,15.0,1.52,15.0,0.088,38.0,0.24,0.107,0.0,0.0,0.000138,0.0,0
apricots,"frozen, sweetened",Fruits and Fruit Juices,98.0,0.7,0.1,25.1,0.0,2.2,0.06,9.0,0.0,0.8,0.04,0.02,10.0,0.9,9.0,0.05,19.0,0.1,0.084,0.0,0.002,6.4e-05,0.0004,0
apricot nectar,"canned, without added ascorbic acid",Fruits and Fruit Juices,56.0,0.37,0.09,14.39,13.79,0.6,0.022,0.6,0.31,0.26,0.014,0.009,7.0,0.38,5.0,0.032,9.0,0.09,0.066,0.0,0.001,7.3e-05,0.0,0
avocados,"raw, all commercial varieties",Fruits and Fruit Juices,160.0,2.0,14.66,8.53,0.66,6.7,0.257,10.0,2.07,1.738,0.13,0.067,12.0,0.55,29.0,0.142,52.0,0.64,0.007,0.0,0.081,0.00019,0.0004,0
avocados,"raw, California",Fruits and Fruit Juices,167.0,1.96,15.41,8.64,0.3,6.8,0.287,8.8,1.97,1.912,0.143,0.075,13.0,0.61,29.0,0.149,54.0,0.68,0.007,0.0,0.089,0.00017,0.0004,0
avocados,"raw, Florida",Fruits and Fruit Juices,120.0,2.23,10.06,7.82,2.42,5.6,0.078,17.4,2.66,0.672,0.053,0.021,10.0,0.17,24.0,0.095,40.0,0.4,0.007,0.0,0.035,0.000311,0.0,0
bananas,raw,Fruits and Fruit Juices,89.0,1.09,0.33,22.84,12.23,2.6,0.367,8.7,0.1,0.665,0.073,0.031,5.0,0.26,27.0,0.27,22.0,0.15,0.003,0.0,0.02,7.8e-05,0.001,0
bananas,"dehydrated, or banana powder",Fruits and Fruit Juices,346.0,3.89,1.81,88.28,47.3,9.9,0.44,7.0,0.39,2.8,0.24,0.18,22.0,1.15,108.0,0.574,74.0,0.61,0.012,0.0,0.014,0.000391,0.0039,1
blackberries,raw,Fruits and Fruit Juices,43.0,1.39,0.49,9.61,4.88,5.3,0.03,21.0,1.17,0.646,0.026,0.02,29.0,0.62,20.0,0.646,22.0,0.53,0.011,0.0,0.025,0.000165,0.0004,0
blackberry juice,canned,Fruits and Fruit Juices,38.0,0.3,0.6,7.8,7.7,0.1,0.021,11.3,0.9,0.446,0.018,0.012,12.0,0.48,21.0,0.0,12.0,0.41,0.006,0.0,0.01,0.000114,0.0003,0
cherries,"tart, dried, sweetened",Fruits and Fruit Juices,333.0,1.25,0.73,80.45,67.15,2.5,0.101,19.3,0.17,0.867,0.101,0.058,38.0,0.68,22.0,0.0,36.0,0.25,0.141,0.0,0.011,0.000229,0.0004,1
blackberries,"canned, heavy syrup, solids and liquids",Fruits and Fruit Juices,92.0,1.31,0.14,23.1,19.7,3.4,0.036,2.8,0.78,0.287,0.039,0.027,21.0,0.65,17.0,0.697,14.0,0.18,0.011,0.0,0.027,0.000133,0.0003,0
blackberries,"frozen, unsweetened",Fruits and Fruit Juices,64.0,1.18,0.43,15.67,10.67,5.0,0.061,3.1,1.17,1.207,0.046,0.029,29.0,0.8,22.0,1.223,30.0,0.25,0.006,0.0,0.034,0.0001199999999999,0.0004,0
blueberries,raw,Fruits and Fruit Juices,57.0,0.74,0.33,14.49,9.96,2.4,0.052,9.7,0.57,0.418,0.041,0.037,6.0,0.28,6.0,0.336,12.0,0.16,0.003,0.0,0.006,5.7e-05,0.0001,0
blueberries,"canned, heavy syrup, solids and liquids",Fruits and Fruit Juices,88.0,0.65,0.33,22.06,20.46,1.6,0.036,1.1,0.38,0.113,0.053,0.034,5.0,0.33,4.0,0.203,10.0,0.07,0.002,0.0,0.002,5.3e-05,0.0001,0
blueberries,"wild, frozen",Fruits and Fruit Juices,57.0,0.0,0.16,13.85,0.0,4.4,0.02,1.7,0.26,0.61,0.007,0.03,17.0,0.58,7.0,2.87,13.0,0.67,0.003,0.0,0.0,0.0,0.0,0
blueberries,"frozen, unsweetened",Fruits and Fruit Juices,51.0,0.42,0.64,12.17,8.45,2.7,0.059,2.5,0.48,0.52,0.037,0.032,8.0,0.18,5.0,0.147,11.0,0.07,0.002,0.0,0.007,3.3e-05,0.0001,0
blueberries,"frozen, sweetened",Fruits and Fruit Juices,85.0,0.4,0.13,21.95,19.72,2.2,0.059,1.0,0.52,0.253,0.052,0.02,6.0,0.39,2.0,0.262,7.0,0.06,0.002,0.0,0.007,3.9e-05,0.0002,0
boysenberries,"canned, heavy syrup",Fruits and Fruit Juices,88.0,0.99,0.12,22.31,0.0,2.6,0.038,6.2,0.0,0.23,0.029,0.026,18.0,0.43,11.0,0.25,10.0,0.19,0.002,0.0,0.034,7.000000000000001e-05,0.0004,0
boysenberries,"frozen, unsweetened",Fruits and Fruit Juices,50.0,1.1,0.26,12.19,6.89,5.3,0.056,3.1,0.87,0.767,0.037,0.053,27.0,0.85,16.0,0.547,27.0,0.22,0.003,0.0,0.063,8e-05,0.0002,0
breadfruit,raw,Fruits and Fruit Juices,103.0,1.07,0.23,27.12,11.0,4.9,0.1,29.0,0.1,0.9,0.03,0.11,17.0,0.54,25.0,0.06,30.0,0.12,0.0,0.0,0.014,8.400000000000001e-05,0.0006,0
carambola,"(starfruit), raw",Fruits and Fruit Juices,31.0,1.04,0.33,6.73,3.98,2.8,0.017,34.4,0.15,0.367,0.016,0.014,3.0,0.08,10.0,0.037,12.0,0.12,0.003,0.0,0.012,0.000137,0.0006,0
carissa,"(natal-plum), raw",Fruits and Fruit Juices,62.0,0.5,1.3,13.63,0.0,0.0,0.0,38.0,0.0,0.2,0.06,0.04,11.0,1.31,16.0,0.0,7.0,0.0,0.002,0.0,0.0,0.0002099999999999,0.0,0
cherimoya,raw,Fruits and Fruit Juices,75.0,1.57,0.68,17.71,12.87,3.0,0.257,12.6,0.27,0.644,0.131,0.101,10.0,0.27,17.0,0.093,26.0,0.16,0.0,0.0,0.023,6.900000000000001e-05,0.0,0
cherries,"sour, red, raw",Fruits and Fruit Juices,50.0,1.0,0.3,12.18,8.49,1.6,0.044,10.0,0.07,0.4,0.04,0.03,16.0,0.32,9.0,0.112,15.0,0.1,0.064,0.0,0.008,0.000104,0.0,0
cherries,"sour, red, canned, water pack, solids and liquids (includes USDA commodity red tart cherries, canned)",Fruits and Fruit Juices,36.0,0.77,0.1,8.94,7.6,1.1,0.044,2.1,0.23,0.177,0.041,0.017,11.0,1.37,6.0,0.076,10.0,0.07,0.038,0.0,0.008,7.000000000000001e-05,0.0,0
cherries,"sour, red, canned, light syrup pack, solids and liquids",Fruits and Fruit Juices,75.0,0.74,0.1,19.3,0.0,0.8,0.044,2.0,0.0,0.17,0.039,0.016,10.0,1.32,6.0,0.073,10.0,0.07,0.036,0.0,0.008,6.8e-05,0.0,0
cherries,"sour, red, canned, heavy syrup pack, solids and liquids",Fruits and Fruit Juices,91.0,0.73,0.1,23.27,22.17,1.1,0.044,2.0,0.23,0.168,0.039,0.016,10.0,1.3,6.0,0.072,10.0,0.06,0.036,0.0,0.008,6.6e-05,0.0,0
cherries,"sour, red, canned, extra heavy syrup pack, solids and liquids",Fruits and Fruit Juices,114.0,0.71,0.09,29.23,0.0,0.8,0.044,1.9,0.0,0.163,0.038,0.016,10.0,1.26,5.0,0.07,9.0,0.06,0.035,0.0,0.007,6.500000000000001e-05,0.0,0
cherries,"sour, red, frozen, unsweetened",Fruits and Fruit Juices,46.0,0.92,0.44,11.02,9.02,1.6,0.067,1.7,0.05,0.137,0.034,0.044,13.0,0.53,9.0,0.057,16.0,0.1,0.044,0.0,0.005,8.999999999999999e-05,0.0,0
cherries,"sweet, raw",Fruits and Fruit Juices,63.0,1.06,0.2,16.01,12.82,2.1,0.049,7.0,0.07,0.154,0.033,0.027,13.0,0.36,11.0,0.07,21.0,0.07,0.003,0.0,0.004,6e-05,0.0,0
cherries,"sweet, canned, water pack, solids and liquids",Fruits and Fruit Juices,46.0,0.77,0.13,11.76,10.26,1.5,0.03,2.2,0.23,0.41,0.041,0.022,11.0,0.36,9.0,0.062,15.0,0.08,0.008,0.0,0.004,7.5e-05,0.0,0
cherries,"sweet, canned, juice pack, solids and liquids",Fruits and Fruit Juices,54.0,0.91,0.02,13.81,12.31,1.5,0.03,2.5,0.23,0.406,0.024,0.018,14.0,0.58,12.0,0.061,22.0,0.1,0.006,0.0,0.004,7.3e-05,0.0,0
cherries,"sweet, canned, light syrup pack, solids and liquids",Fruits and Fruit Juices,67.0,0.61,0.15,17.29,15.79,1.5,0.03,3.7,0.23,0.403,0.041,0.021,9.0,0.36,9.0,0.06,18.0,0.1,0.008,0.0,0.004,0.000145,0.0,0
cherries,"sweet, canned, pitted, heavy syrup pack, solids and liquids",Fruits and Fruit Juices,83.0,0.6,0.15,21.27,16.18,1.4,0.022,3.6,0.17,0.396,0.04,0.021,9.0,0.35,9.0,0.048,18.0,0.1,0.008,0.0,0.004,0.0001419999999999,0.0,0
cherries,"sweet, canned, extra heavy syrup pack, solids and liquids",Fruits and Fruit Juices,102.0,0.59,0.15,26.23,0.0,1.5,0.03,3.6,0.0,0.388,0.039,0.021,9.0,0.35,8.0,0.058,17.0,0.1,0.008,0.0,0.004,0.000139,0.0,0
cherries,"sweet, frozen, sweetened",Fruits and Fruit Juices,89.0,1.15,0.13,22.36,20.26,2.1,0.036,1.0,0.07,0.177,0.047,0.027,12.0,0.35,10.0,0.109,16.0,0.04,0.009,0.0,0.004,2.4e-05,0.0,0
crabapples,raw,Fruits and Fruit Juices,76.0,0.4,0.3,19.95,0.0,0.0,0.0,8.0,0.0,0.1,0.02,0.03,18.0,0.36,7.0,0.115,15.0,0.0,0.002,0.0,0.0,6.7e-05,0.0,0
cranberries,raw,Fruits and Fruit Juices,46.0,0.39,0.13,12.2,4.04,4.6,0.057,13.3,1.2,0.101,0.02,0.012,8.0,0.25,6.0,0.36,13.0,0.1,0.003,0.0,0.001,6.1e-05,0.0001,0
cranberries,"dried, sweetened",Fruits and Fruit Juices,308.0,0.07,1.37,82.36,65.0,5.7,0.038,0.2,1.07,0.99,0.016,0.007,10.0,0.53,5.0,0.265,8.0,0.11,0.0,0.0,0.0,8e-05,0.0005,1
cranberry sauce,"canned, sweetened",Fruits and Fruit Juices,151.0,0.2,0.15,38.9,37.9,1.0,0.014,2.0,0.83,0.1,0.021,0.015,4.0,0.22,3.0,0.06,6.0,0.05,0.002,0.0,0.001,2e-05,0.0003,1
cranberry-orange relish,canned,Fruits and Fruit Juices,178.0,0.3,0.1,46.2,0.0,0.0,0.0,18.0,0.0,0.1,0.02,0.03,11.0,0.2,4.0,0.0,8.0,0.0,0.004,0.0,0.0,4e-05,0.0,0
currants,"european black, raw",Fruits and Fruit Juices,63.0,1.4,0.41,15.38,0.0,0.0,0.066,181.0,1.0,0.3,0.05,0.05,55.0,1.54,24.0,0.256,59.0,0.27,0.012,0.0,0.0,8.599999999999999e-05,0.0,0
currants,"red and white, raw",Fruits and Fruit Juices,56.0,1.4,0.2,13.8,7.37,4.3,0.07,41.0,0.1,0.1,0.05,0.04,33.0,1.0,13.0,0.186,44.0,0.23,0.002,0.0,0.008,0.000107,0.0006,0
currants,"zante, dried",Fruits and Fruit Juices,283.0,4.08,0.27,74.08,67.28,6.8,0.296,4.7,0.11,1.615,0.142,0.16,86.0,3.26,41.0,0.469,125.0,0.66,0.004,0.0,0.01,0.000468,0.0007,1
custard-apple,"(bullock's-heart), raw",Fruits and Fruit Juices,101.0,1.7,0.6,25.2,0.0,2.4,0.221,19.2,0.0,0.5,0.1,0.08,30.0,0.71,18.0,0.0,21.0,0.0,0.002,0.0,0.0,0.0,0.0,0
dates,deglet noor,Fruits and Fruit Juices,282.0,2.45,0.39,75.03,63.35,8.0,0.165,0.4,0.05,1.274,0.066,0.052,39.0,1.02,43.0,0.262,62.0,0.29,0.0,0.0,0.019,0.000206,0.003,1
elderberries,raw,Fruits and Fruit Juices,73.0,0.66,0.5,18.4,0.0,7.0,0.23,36.0,0.0,0.5,0.06,0.07,38.0,1.6,5.0,0.0,39.0,0.11,0.03,0.0,0.006,6.1e-05,0.0006,0
figs,raw,Fruits and Fruit Juices,74.0,0.75,0.3,19.18,16.26,2.9,0.113,2.0,0.11,0.4,0.05,0.06,35.0,0.37,17.0,0.128,14.0,0.15,0.007,0.0,0.006,7.000000000000001e-05,0.0002,0
figs,"canned, water pack, solids and liquids",Fruits and Fruit Juices,53.0,0.4,0.1,13.99,11.79,2.2,0.07,1.0,0.08,0.445,0.038,0.023,28.0,0.29,10.0,0.088,10.0,0.12,0.002,0.0,0.002,0.00011,0.0001,0
figs,"canned, light syrup pack, solids and liquids",Fruits and Fruit Juices,69.0,0.39,0.1,17.95,16.15,1.8,0.07,1.0,0.1,0.437,0.038,0.022,27.0,0.29,10.0,0.086,10.0,0.11,0.002,0.0,0.002,0.000108,0.0002,0
figs,"canned, heavy syrup pack, solids and liquids",Fruits and Fruit Juices,88.0,0.38,0.1,22.9,20.7,2.2,0.07,1.0,0.12,0.428,0.037,0.022,27.0,0.28,10.0,0.084,10.0,0.11,0.002,0.0,0.002,0.000106,0.0002,0
figs,"canned, extra heavy syrup pack, solids and liquids",Fruits and Fruit Juices,107.0,0.38,0.1,27.86,0.0,0.0,0.0,1.0,0.0,0.419,0.036,0.022,26.0,0.28,10.0,0.083,10.0,0.11,0.002,0.0,0.0,0.000103,0.0,0
figs,"dried, uncooked",Fruits and Fruit Juices,249.0,3.3,0.93,63.87,47.92,9.8,0.106,1.2,0.35,0.619,0.082,0.085,162.0,2.03,68.0,0.51,67.0,0.55,0.0,0.0,0.009,0.000287,0.0006,1
figs,"dried, stewed",Fruits and Fruit Juices,107.0,1.42,0.4,27.57,23.35,4.2,0.133,4.4,0.15,0.64,0.11,0.011,70.0,0.88,29.0,0.22,29.0,0.24,0.0,0.0,0.001,0.000124,0.0002,0
fruit cocktail,"(peach and pineapple and pear and grape and cherry), canned, water pack, solids and liquids",Fruits and Fruit Juices,32.0,0.42,0.05,8.51,7.51,1.0,0.052,2.1,0.4,0.363,0.011,0.016,5.0,0.25,7.0,0.15,11.0,0.09,0.013,0.0,0.003,7.099999999999999e-05,0.0005,0
fruit cocktail,"(peach and pineapple and pear and grape and cherry), canned, juice pack, solids and liquids",Fruits and Fruit Juices,46.0,0.46,0.01,11.86,10.86,1.0,0.051,2.7,0.4,0.403,0.016,0.012,8.0,0.21,7.0,0.146,14.0,0.09,0.015,0.0,0.003,6.2e-05,0.0005,0
fruit cocktail,"(peach and pineapple and pear and grape and cherry), canned, extra light syrup, solids and liquids",Fruits and Fruit Juices,45.0,0.4,0.07,11.63,0.0,1.1,0.051,3.0,0.0,0.5,0.01,0.03,8.0,0.3,6.0,0.147,12.0,0.08,0.012,0.0,0.003,0.0001,0.0,0
fruit cocktail,"(peach and pineapple and pear and grape and cherry), canned, light syrup, solids and liquids",Fruits and Fruit Juices,57.0,0.4,0.07,14.93,13.93,1.0,0.051,1.9,0.5,0.38,0.019,0.018,6.0,0.29,5.0,0.147,11.0,0.09,0.01,0.0,0.003,7.000000000000001e-05,0.0005,0
fruit cocktail,"(peach and pineapple and pear and grape and cherry), canned, heavy syrup, solids and liquids",Fruits and Fruit Juices,73.0,0.39,0.07,18.91,17.91,1.0,0.05,1.9,0.4,0.374,0.019,0.018,6.0,0.29,5.0,0.144,11.0,0.08,0.01,0.0,0.003,6.900000000000001e-05,0.0005,0
fruit cocktail,"(peach and pineapple and pear and grape and cherry), canned, extra heavy syrup, solids and liquids",Fruits and Fruit Juices,88.0,0.39,0.07,22.89,0.0,1.1,0.049,1.9,0.0,0.368,0.019,0.018,6.0,0.28,5.0,0.142,11.0,0.08,0.01,0.0,0.003,6.7e-05,0.0,0
fruit salad,"(peach and pear and apricot and pineapple and cherry), canned, water pack, solids and liquids",Fruits and Fruit Juices,30.0,0.35,0.07,7.87,0.0,1.0,0.032,1.9,0.0,0.374,0.021,0.015,7.0,0.3,5.0,0.151,9.0,0.08,0.022,0.0,0.003,6.7e-05,0.0,0
fruit salad,"(peach and pear and apricot and pineapple and cherry), canned, juice pack, solids and liquids",Fruits and Fruit Juices,50.0,0.51,0.03,13.05,0.0,1.0,0.027,3.3,0.0,0.356,0.014,0.011,11.0,0.25,8.0,0.151,14.0,0.14,0.03,0.0,0.003,5e-05,0.0,0
fruit salad,"(peach and pear and apricot and pineapple and cherry), canned, light syrup, solids and liquids",Fruits and Fruit Juices,58.0,0.34,0.07,15.14,0.0,1.0,0.032,2.5,0.0,0.365,0.02,0.014,7.0,0.29,5.0,0.148,9.0,0.07,0.021,0.0,0.003,6.500000000000001e-05,0.0,0
fruit salad,"(peach and pear and apricot and pineapple and cherry), canned, heavy syrup, solids and liquids",Fruits and Fruit Juices,73.0,0.34,0.07,19.11,18.11,1.0,0.032,2.4,0.4,0.347,0.021,0.015,6.0,0.28,5.0,0.145,9.0,0.07,0.025,0.0,0.003,6.4e-05,0.0005,0
fruit salad,"(peach and pear and apricot and pineapple and cherry), canned, extra heavy syrup, solids and liquids",Fruits and Fruit Juices,88.0,0.33,0.06,22.77,0.0,1.0,0.032,2.1,0.0,0.353,0.02,0.014,6.0,0.28,5.0,0.143,9.0,0.07,0.032,0.0,0.003,6.3e-05,0.0,0
gooseberries,raw,Fruits and Fruit Juices,44.0,0.88,0.58,10.18,0.0,4.3,0.08,27.7,0.37,0.3,0.03,0.04,25.0,0.31,10.0,0.144,27.0,0.12,0.015,0.0,0.006,7.000000000000001e-05,0.0006,0
gooseberries,"canned, light syrup pack, solids and liquids",Fruits and Fruit Juices,73.0,0.65,0.2,18.75,0.0,2.4,0.012,10.0,0.0,0.153,0.053,0.02,16.0,0.33,6.0,0.177,7.0,0.11,0.007,0.0,0.003,0.000217,0.0004,0
grapefruit,"raw, pink and red and white, all areas",Fruits and Fruit Juices,32.0,0.63,0.1,8.08,6.98,1.1,0.042,34.4,0.13,0.25,0.02,0.036,12.0,0.09,8.0,0.012,8.0,0.07,0.046,0.0,0.01,4.7e-05,0.0003,0
grapefruit,"raw, pink and red, all areas",Fruits and Fruit Juices,42.0,0.77,0.14,10.66,6.89,1.6,0.053,31.2,0.13,0.204,0.031,0.043,22.0,0.08,9.0,0.022,18.0,0.07,0.058,0.0,0.013,3.2e-05,0.0001,0
grapefruit,"raw, pink and red, California and Arizona",Fruits and Fruit Juices,37.0,0.5,0.1,9.69,0.0,0.0,0.042,38.1,0.0,0.191,0.02,0.034,11.0,0.08,9.0,0.02,12.0,0.07,0.013,0.0,0.012,3.2e-05,0.0,0
grapefruit,"raw, pink and red, Florida",Fruits and Fruit Juices,30.0,0.55,0.1,7.5,0.0,1.1,0.042,37.0,0.0,0.2,0.02,0.04,15.0,0.12,8.0,0.01,9.0,0.07,0.013,0.0,0.009,4.4e-05,0.0014,0
grapefruit,"raw, white, all areas",Fruits and Fruit Juices,33.0,0.69,0.1,8.41,7.31,1.1,0.043,33.3,0.13,0.269,0.02,0.037,12.0,0.06,9.0,0.013,8.0,0.07,0.002,0.0,0.01,5e-05,0.0014,0
grapefruit,"raw, white, California",Fruits and Fruit Juices,37.0,0.88,0.1,9.09,0.0,0.0,0.043,33.3,0.0,0.269,0.02,0.037,12.0,0.08,9.0,0.02,12.0,0.07,0.0,0.0,0.012,3.2e-05,0.0,0
grapefruit,"raw, white, Florida",Fruits and Fruit Juices,32.0,0.63,0.1,8.19,0.0,0.0,0.043,37.0,0.0,0.2,0.02,0.04,15.0,0.05,9.0,0.011,7.0,0.07,0.0,0.0,0.009,5.6e-05,0.0,0
grapefruit,"sections, canned, water pack, solids and liquids",Fruits and Fruit Juices,36.0,0.58,0.1,9.15,8.75,0.4,0.02,21.8,0.09,0.249,0.021,0.039,15.0,0.41,10.0,0.007,10.0,0.09,0.0,0.0,0.009,6.7e-05,0.0009,0
grapefruit,"sections, canned, juice pack, solids and liquids",Fruits and Fruit Juices,37.0,0.7,0.09,9.21,8.8,0.4,0.02,33.9,0.09,0.249,0.018,0.029,15.0,0.21,11.0,0.007,12.0,0.08,0.0,0.0,0.009,3.7e-05,0.0009,0
grapefruit,"sections, canned, light syrup pack, solids and liquids",Fruits and Fruit Juices,60.0,0.56,0.1,15.44,15.04,0.4,0.02,21.3,0.09,0.243,0.02,0.038,14.0,0.4,10.0,0.007,10.0,0.08,0.0,0.0,0.009,6.6e-05,0.0009,0
grapefruit juice,"white, canned, unsweetened",Fruits and Fruit Juices,38.0,0.52,0.1,8.96,8.86,0.1,0.02,29.2,0.04,0.231,0.02,0.042,7.0,0.2,10.0,0.02,11.0,0.09,0.0,0.0,0.01,3.8e-05,0.0001,0
grapefruit juice,"white, canned, sweetened",Fruits and Fruit Juices,46.0,0.58,0.09,11.13,11.03,0.1,0.02,26.9,0.04,0.319,0.023,0.04,8.0,0.36,10.0,0.02,11.0,0.06,0.0,0.0,0.01,4.8e-05,0.0001,0
grapefruit juice,"white, frozen concentrate, unsweetened, undiluted",Fruits and Fruit Juices,146.0,1.97,0.48,34.56,34.16,0.4,0.154,119.8,0.14,0.772,0.078,0.145,27.0,0.49,38.0,0.07,49.0,0.18,0.002,0.0,0.013,0.000118,0.0003,1
grapefruit juice,"white, frozen concentrate, unsweetened, diluted with 3 volume water",Fruits and Fruit Juices,41.0,0.55,0.13,9.73,9.63,0.1,0.044,33.7,0.04,0.217,0.022,0.041,8.0,0.14,11.0,0.02,14.0,0.05,0.0,0.0,0.004,3.3e-05,0.0001,0
grapefruit juice,"white, raw",Fruits and Fruit Juices,39.0,0.5,0.1,9.2,9.1,0.1,0.044,38.0,0.22,0.2,0.02,0.04,9.0,0.2,12.0,0.02,15.0,0.05,0.001,0.0,0.01,3.3e-05,0.0001,0
grapes,"muscadine, raw",Fruits and Fruit Juices,57.0,0.81,0.47,13.93,0.0,3.9,0.0,6.5,0.0,0.0,1.5,0.0,37.0,0.26,14.0,1.973,24.0,0.11,0.003,0.0,0.0,0.0001189999999999,0.0,0
grape juice,"canned or bottled, unsweetened, with added ascorbic acid",Fruits and Fruit Juices,60.0,0.37,0.13,14.77,14.2,0.2,0.032,25.0,0.0,0.133,0.015,0.017,11.0,0.25,10.0,0.239,14.0,0.07,0.0,0.0,0.0,1.7999999999999997e-05,0.0,0
grapes,"american type (slip skin), raw",Fruits and Fruit Juices,67.0,0.63,0.35,17.15,16.25,0.9,0.11,4.0,0.19,0.3,0.057,0.092,14.0,0.29,5.0,0.718,10.0,0.04,0.005,0.0,0.004,4e-05,0.0001,0
grapes,"red or green (European type, such as Thompson seedless), raw",Fruits and Fruit Juices,69.0,0.72,0.16,18.1,15.48,0.9,0.086,3.2,0.19,0.188,0.07,0.069,10.0,0.36,7.0,0.071,20.0,0.07,0.003,0.0,0.002,0.000127,0.0001,0
grapes,"canned, thompson seedless, water pack, solids and liquids",Fruits and Fruit Juices,40.0,0.5,0.11,10.3,9.7,0.6,0.065,1.0,0.13,0.13,0.023,0.031,10.0,0.98,6.0,0.039,18.0,0.05,0.002,0.0,0.003,5.6e-05,0.0001,0
grapes,"canned, thompson seedless, heavy syrup pack, solids and liquids",Fruits and Fruit Juices,76.0,0.48,0.1,19.65,19.05,0.6,0.065,1.0,0.13,0.125,0.022,0.03,10.0,0.94,6.0,0.038,17.0,0.05,0.003,0.0,0.003,5.4e-05,0.0001,0
grape juice,"canned or bottled, unsweetened, without added ascorbic acid",Fruits and Fruit Juices,60.0,0.37,0.13,14.77,14.2,0.2,0.032,0.1,0.0,0.133,0.015,0.017,11.0,0.25,10.0,0.239,14.0,0.07,0.0,0.0,0.0,1.7999999999999997e-05,0.0,0
groundcherries,"(cape-gooseberries or poha), raw",Fruits and Fruit Juices,53.0,1.9,0.7,11.2,0.0,0.0,0.0,11.0,0.0,2.8,0.04,0.11,9.0,1.0,0.0,0.0,40.0,0.0,0.036,0.0,0.0,0.0,0.0,0
guavas,"common, raw",Fruits and Fruit Juices,68.0,2.55,0.95,14.32,8.92,5.4,0.11,228.3,0.73,1.084,0.04,0.067,18.0,0.26,22.0,0.15,40.0,0.23,0.031,0.0,0.049,0.00023,0.0006,0
guavas,"strawberry, raw",Fruits and Fruit Juices,69.0,0.58,0.6,17.36,0.0,5.4,0.0,37.0,0.0,0.6,0.03,0.03,21.0,0.22,17.0,0.0,27.0,0.0,0.005,0.0,0.0,0.0,0.0,0
guava sauce,cooked,Fruits and Fruit Juices,36.0,0.32,0.14,9.48,5.88,3.6,0.09,146.4,0.55,0.42,0.013,0.026,7.0,0.18,7.0,0.108,11.0,0.17,0.014,0.0,0.005,7.7e-05,0.0005,0
jackfruit,raw,Fruits and Fruit Juices,95.0,1.72,0.64,23.25,19.08,1.5,0.329,13.7,0.34,0.92,0.055,0.105,24.0,0.23,29.0,0.043,21.0,0.13,0.005,0.0,0.024,7.6e-05,0.0,0
java-plum,"(jambolan), raw",Fruits and Fruit Juices,60.0,0.72,0.23,15.56,0.0,0.0,0.038,14.3,0.0,0.26,0.012,0.006,19.0,0.19,15.0,0.0,17.0,0.0,0.0,0.0,0.0,0.0,0.0,0
jujube,raw,Fruits and Fruit Juices,79.0,1.2,0.2,20.23,0.0,0.0,0.081,69.0,0.0,0.9,0.04,0.02,21.0,0.48,10.0,0.084,23.0,0.05,0.002,0.0,0.0,7.3e-05,0.0,0
jujube,dried,Fruits and Fruit Juices,287.0,3.7,1.1,73.6,0.0,0.0,0.0,13.0,0.0,0.5,0.36,0.21,79.0,1.8,37.0,0.305,100.0,0.19,0.0,0.0,0.0,0.000265,0.0,3
kiwifruit,"green, raw",Fruits and Fruit Juices,61.0,1.14,0.52,14.66,8.99,3.0,0.063,92.7,1.46,0.341,0.025,0.027,34.0,0.31,17.0,0.098,34.0,0.14,0.004,0.0,0.025,0.00013,0.0002,0
kumquats,raw,Fruits and Fruit Juices,71.0,1.88,0.86,15.9,9.36,6.5,0.036,43.9,0.15,0.429,0.09,0.037,62.0,0.86,20.0,0.135,19.0,0.17,0.015,0.0,0.017,9.5e-05,0.0,0
lemons,"raw, without peel",Fruits and Fruit Juices,29.0,1.1,0.3,9.32,2.5,2.8,0.08,53.0,0.15,0.1,0.02,0.04,26.0,0.6,8.0,0.03,16.0,0.06,0.001,0.0,0.011,3.7e-05,0.0004,0
lemon juice,raw,Fruits and Fruit Juices,22.0,0.35,0.24,6.9,2.52,0.3,0.046,38.7,0.15,0.091,0.015,0.024,6.0,0.08,6.0,0.012,8.0,0.05,0.0,0.0,0.02,1.6e-05,0.0001,0
lemon juice,canned or bottled,Fruits and Fruit Juices,21.0,0.4,0.29,6.48,2.4,0.4,0.043,24.8,0.15,0.197,0.009,0.041,11.0,0.13,8.0,0.02,9.0,0.06,0.001,0.0,0.01,3.7e-05,0.0001,0
lemon juice,"frozen, unsweetened, single strength",Fruits and Fruit Juices,22.0,0.46,0.32,6.5,2.4,0.4,0.06,31.5,0.08,0.137,0.013,0.059,8.0,0.12,8.0,0.03,8.0,0.05,0.001,0.0,0.01,3e-05,0.0001,0
lemon peel,raw,Fruits and Fruit Juices,47.0,1.5,0.3,16.0,4.17,10.6,0.172,129.0,0.25,0.4,0.08,0.06,134.0,0.8,15.0,0.0,12.0,0.25,0.003,0.0,0.013,9.2e-05,0.0007,0
limes,raw,Fruits and Fruit Juices,30.0,0.7,0.2,10.54,1.69,2.8,0.043,29.1,0.22,0.2,0.02,0.03,33.0,0.6,6.0,0.008,18.0,0.11,0.002,0.0,0.008,6.500000000000001e-05,0.0004,0
lime juice,raw,Fruits and Fruit Juices,25.0,0.42,0.07,8.42,1.69,0.4,0.038,30.0,0.22,0.142,0.015,0.025,14.0,0.09,8.0,0.018,14.0,0.08,0.002,0.0,0.01,2.7e-05,0.0001,0
lime juice,"canned or bottled, unsweetened",Fruits and Fruit Juices,21.0,0.25,0.23,6.69,1.37,0.4,0.027,6.4,0.12,0.163,0.003,0.033,12.0,0.23,7.0,0.008,10.0,0.06,0.001,0.0,0.008,3e-05,0.0001,0
blueberries,"dried, sweetened",Fruits and Fruit Juices,317.0,2.5,2.5,80.0,67.5,7.5,0.152,23.8,2.35,1.154,0.127,0.092,19.0,0.9,18.0,0.0,36.0,0.49,0.007,0.0,0.012,0.00016,0.0006,1
litchis,raw,Fruits and Fruit Juices,66.0,0.83,0.44,16.53,15.23,1.3,0.1,71.5,0.07,0.603,0.065,0.011,5.0,0.31,10.0,0.055,31.0,0.07,0.0,0.0,0.014,0.000148,0.0006,0
litchis,dried,Fruits and Fruit Juices,277.0,3.8,1.2,70.7,66.1,4.6,0.09,183.0,0.31,3.1,0.57,0.01,33.0,1.7,42.0,0.234,181.0,0.28,0.0,0.0,0.012,0.000631,0.0013,1
loganberries,frozen,Fruits and Fruit Juices,55.0,1.52,0.31,13.02,7.7,5.3,0.065,15.3,0.87,0.84,0.034,0.05,26.0,0.64,21.0,1.247,26.0,0.34,0.002,0.0,0.026,0.000117,0.0002,0
longans,raw,Fruits and Fruit Juices,60.0,1.31,0.1,15.14,0.0,1.1,0.0,84.0,0.0,0.3,0.14,0.031,1.0,0.13,10.0,0.052,21.0,0.05,0.0,0.0,0.0,0.000169,0.0,0
longans,dried,Fruits and Fruit Juices,286.0,4.9,0.4,74.0,0.0,0.0,0.0,28.0,0.0,1.0,0.5,0.04,45.0,5.4,46.0,0.248,196.0,0.22,0.0,0.0,0.0,0.000807,0.0,3
loquats,raw,Fruits and Fruit Juices,47.0,0.43,0.2,12.14,0.0,1.7,0.1,1.0,0.0,0.18,0.024,0.019,16.0,0.28,13.0,0.148,27.0,0.05,0.076,0.0,0.014,4e-05,0.0006,0
mammy-apple,"(mamey), raw",Fruits and Fruit Juices,51.0,0.5,0.5,12.5,0.0,3.0,0.1,14.0,0.0,0.4,0.04,0.02,11.0,0.7,16.0,0.0,11.0,0.1,0.012,0.0,0.014,8.599999999999999e-05,0.0006,0
mangos,raw,Fruits and Fruit Juices,60.0,0.82,0.38,14.98,13.66,1.6,0.119,36.4,0.9,0.669,0.038,0.028,11.0,0.16,10.0,0.063,14.0,0.09,0.054,0.0,0.043,0.000111,0.0006,0
mangosteen,"canned, syrup pack",Fruits and Fruit Juices,73.0,0.41,0.58,17.91,0.0,1.8,0.018,2.9,0.0,0.286,0.054,0.054,12.0,0.3,13.0,0.102,8.0,0.21,0.002,0.0,0.031,6.900000000000001e-05,0.0,0
melons,"cantaloupe, raw",Fruits and Fruit Juices,34.0,0.84,0.19,8.16,7.86,0.9,0.072,36.7,0.05,0.734,0.019,0.041,9.0,0.21,12.0,0.041,15.0,0.18,0.169,0.0,0.021,4.1e-05,0.0004,0
melons,"casaba, raw",Fruits and Fruit Juices,28.0,1.11,0.1,6.58,5.69,0.9,0.163,21.8,0.05,0.232,0.031,0.015,11.0,0.34,11.0,0.035,5.0,0.07,0.0,0.0,0.008,6e-05,0.0004,0
melons,"honeydew, raw",Fruits and Fruit Juices,36.0,0.54,0.14,9.09,8.12,0.8,0.088,18.0,0.02,0.418,0.012,0.038,6.0,0.17,10.0,0.027,11.0,0.09,0.003,0.0,0.019,2.4e-05,0.0007,0
melon balls,frozen,Fruits and Fruit Juices,33.0,0.84,0.25,7.94,0.0,0.7,0.106,6.2,0.0,0.64,0.022,0.166,10.0,0.29,14.0,0.04,12.0,0.17,0.089,0.0,0.026,6e-05,0.0,0
mulberries,raw,Fruits and Fruit Juices,43.0,1.44,0.39,9.8,8.1,1.7,0.05,36.4,0.87,0.62,0.101,0.029,39.0,1.85,18.0,0.0,38.0,0.12,0.001,0.0,0.006,6e-05,0.0006,0
nectarines,raw,Fruits and Fruit Juices,44.0,1.06,0.32,10.55,7.89,1.7,0.025,5.4,0.77,1.125,0.027,0.034,6.0,0.28,9.0,0.054,26.0,0.17,0.017,0.0,0.005,8.599999999999999e-05,0.0,0
oheloberries,raw,Fruits and Fruit Juices,28.0,0.38,0.22,6.84,0.0,0.0,0.0,6.0,0.0,0.27,0.036,0.017,7.0,0.09,6.0,0.0,10.0,0.0,0.042,0.0,0.0,0.0,0.0,0
olives,"ripe, canned (small-extra large)",Fruits and Fruit Juices,115.0,0.84,10.68,6.26,0.0,3.2,0.009,0.9,1.65,0.037,0.0,0.003,88.0,3.3,4.0,0.02,3.0,0.22,0.02,0.0,0.0,0.000251,0.0009,0
olives,"ripe, canned (jumbo-super colossal)",Fruits and Fruit Juices,81.0,0.97,6.87,5.61,0.0,2.5,0.012,1.5,1.65,0.022,0.0,0.003,94.0,3.32,4.0,0.02,3.0,0.22,0.017,0.0,0.0,0.000226,0.0009,0
olives,"pickled, canned or bottled, green",Fruits and Fruit Juices,145.0,1.03,15.32,3.84,0.54,3.3,0.031,0.0,3.81,0.237,0.007,0.021,52.0,0.49,11.0,0.0,4.0,0.04,0.02,0.0,0.003,0.0001199999999999,0.0009,0
oranges,"raw, all commercial varieties",Fruits and Fruit Juices,47.0,0.94,0.12,11.75,9.35,2.4,0.06,53.2,0.18,0.282,0.04,0.087,40.0,0.1,10.0,0.025,14.0,0.07,0.011,0.0,0.03,4.5e-05,0.0005,0
oranges,"raw, California, valencias",Fruits and Fruit Juices,49.0,1.04,0.3,11.89,0.0,2.5,0.063,48.5,0.0,0.274,0.04,0.087,40.0,0.09,10.0,0.023,17.0,0.06,0.012,0.0,0.039,3.7e-05,0.0,0
oranges,"raw, navels",Fruits and Fruit Juices,49.0,0.91,0.15,12.54,8.5,2.2,0.079,59.1,0.15,0.425,0.051,0.068,43.0,0.13,11.0,0.029,23.0,0.08,0.012,0.0,0.034,3.9e-05,0.0,0
oranges,"raw, Florida",Fruits and Fruit Juices,46.0,0.7,0.21,11.54,9.14,2.4,0.051,45.0,0.18,0.4,0.04,0.1,43.0,0.09,10.0,0.024,12.0,0.08,0.011,0.0,0.017,3.9e-05,0.0005,0
oranges,"raw, with peel",Fruits and Fruit Juices,63.0,1.3,0.3,15.5,0.0,4.5,0.093,71.0,0.0,0.5,0.05,0.1,70.0,0.8,14.0,0.0,22.0,0.11,0.013,0.0,0.03,5.7e-05,0.0007,0
orange juice,raw,Fruits and Fruit Juices,45.0,0.7,0.2,10.4,8.4,0.2,0.04,50.0,0.04,0.4,0.03,0.09,11.0,0.2,11.0,0.014,17.0,0.05,0.01,0.0,0.03,4.4e-05,0.0001,0
orange juice,"canned, unsweetened",Fruits and Fruit Juices,47.0,0.68,0.15,11.01,8.76,0.3,0.031,30.1,0.2,0.201,0.021,0.039,10.0,0.1,10.0,0.021,17.0,0.04,0.009,0.0,0.024,2.2e-05,0.0001,0
orange juice,"chilled, includes from concentrate",Fruits and Fruit Juices,49.0,0.68,0.12,11.54,8.31,0.3,0.076,33.6,0.2,0.28,0.039,0.046,11.0,0.13,11.0,0.023,17.0,0.07,0.002,0.0,0.019,4.2e-05,0.0001,0
orange juice,"chilled, includes from concentrate, with added calcium and vitamin D",Fruits and Fruit Juices,47.0,0.68,0.12,11.27,8.31,0.3,0.076,33.6,0.2,0.28,0.039,0.046,140.0,0.13,11.0,0.023,47.0,0.07,0.002,0.0,0.019,4.2e-05,0.0001,0
orange juice,"chilled, includes from concentrate, with added calcium",Fruits and Fruit Juices,47.0,0.68,0.12,11.27,8.31,0.3,0.076,33.6,0.2,0.28,0.039,0.046,140.0,0.13,11.0,0.023,47.0,0.07,0.002,0.0,0.019,4.2e-05,0.0001,0
orange juice,"frozen concentrate, unsweetened, undiluted, with added calcium",Fruits and Fruit Juices,147.0,2.4,0.25,33.86,29.68,1.0,0.26,144.8,0.6,1.093,0.175,0.275,578.0,0.33,35.0,0.116,313.0,0.16,0.013,0.0,0.077,5.9e-05,0.0004,0
orange juice,"frozen concentrate, unsweetened, undiluted",Fruits and Fruit Juices,148.0,2.4,0.25,35.19,29.68,1.0,0.26,144.8,0.6,1.093,0.175,0.275,38.0,0.33,35.0,0.116,61.0,0.16,0.013,0.0,0.077,5.9e-05,0.0004,0
orange juice,"frozen concentrate, unsweetened, diluted with 3 volume water",Fruits and Fruit Juices,37.0,0.6,0.06,8.8,7.42,0.2,0.065,36.2,0.15,0.273,0.044,0.069,12.0,0.08,10.0,0.0,15.0,0.04,0.003,0.0,0.019,2.1e-05,0.0001,0
orange peel,raw,Fruits and Fruit Juices,97.0,1.5,0.2,25.0,0.0,10.6,0.176,136.0,0.25,0.9,0.09,0.12,161.0,0.8,22.0,0.0,21.0,0.25,0.021,0.0,0.03,9.2e-05,0.001,0
orange-grapefruit juice,"canned or bottled, unsweetened",Fruits and Fruit Juices,43.0,0.6,0.1,10.28,10.18,0.1,0.023,29.1,0.14,0.336,0.03,0.056,8.0,0.46,10.0,0.017,14.0,0.07,0.006,0.0,0.014,7.6e-05,0.0001,0
tangerines,"(mandarin oranges), raw",Fruits and Fruit Juices,53.0,0.81,0.31,13.34,10.58,1.8,0.078,26.7,0.2,0.376,0.036,0.058,37.0,0.15,12.0,0.039,20.0,0.07,0.034,0.0,0.016,4.2e-05,0.0001,0
tangerines,"(mandarin oranges), canned, juice pack",Fruits and Fruit Juices,37.0,0.62,0.03,9.57,8.87,0.7,0.042,34.2,0.1,0.445,0.029,0.082,11.0,0.27,11.0,0.032,10.0,0.51,0.043,0.0,0.005,3.3e-05,0.0004,0
tangerines,"(mandarin oranges), canned, light syrup pack",Fruits and Fruit Juices,61.0,0.45,0.1,16.19,15.49,0.7,0.042,19.8,0.1,0.445,0.044,0.053,7.0,0.37,8.0,0.032,10.0,0.24,0.042,0.0,0.005,4.4e-05,0.0004,0
tangerine juice,raw,Fruits and Fruit Juices,43.0,0.5,0.2,10.1,9.9,0.2,0.042,31.0,0.13,0.1,0.02,0.06,18.0,0.2,8.0,0.037,14.0,0.03,0.013,0.0,0.005,2.5e-05,0.0001,0
tangerine juice,"canned, sweetened",Fruits and Fruit Juices,50.0,0.5,0.2,12.0,11.8,0.2,0.032,22.0,0.15,0.1,0.02,0.06,18.0,0.2,8.0,0.037,14.0,0.03,0.013,0.0,0.005,2.5e-05,0.0001,0
papayas,raw,Fruits and Fruit Juices,43.0,0.47,0.26,10.82,7.82,1.7,0.038,60.9,0.3,0.357,0.027,0.023,20.0,0.25,21.0,0.04,10.0,0.08,0.047,0.0,0.037,4.5e-05,0.0006,0
papaya,"canned, heavy syrup, drained",Fruits and Fruit Juices,206.0,0.14,0.55,55.83,52.2,1.5,0.015,3.5,0.0,0.06,0.015,0.015,21.0,0.29,6.0,0.01,6.0,0.05,0.0,0.0,0.0,1e-05,0.0004,1
papaya nectar,canned,Fruits and Fruit Juices,57.0,0.17,0.15,14.51,13.91,0.6,0.009,3.0,0.24,0.15,0.004,0.006,10.0,0.34,3.0,0.013,0.0,0.15,0.018,0.0,0.002,1.3e-05,0.0003,0
passion-fruit,"(granadilla), purple, raw",Fruits and Fruit Juices,97.0,2.2,0.7,23.38,11.2,10.4,0.1,30.0,0.02,1.5,0.13,0.0,12.0,1.6,29.0,0.0,68.0,0.1,0.064,0.0,0.014,8.599999999999999e-05,0.0006,0
passion-fruit juice,"purple, raw",Fruits and Fruit Juices,51.0,0.39,0.05,13.6,13.4,0.2,0.05,29.8,0.01,1.46,0.131,0.0,4.0,0.24,17.0,0.0,13.0,0.05,0.036,0.0,0.007,5.3e-05,0.0001,0
passion-fruit juice,"yellow, raw",Fruits and Fruit Juices,60.0,0.67,0.18,14.45,14.25,0.2,0.06,18.2,0.01,2.24,0.101,0.0,4.0,0.36,17.0,0.0,25.0,0.06,0.047,0.0,0.008,5e-05,0.0001,0
peaches,raw,Fruits and Fruit Juices,39.0,0.91,0.25,9.54,8.39,1.5,0.025,6.6,0.73,0.806,0.031,0.024,6.0,0.25,9.0,0.061,20.0,0.17,0.016,0.0,0.004,6.8e-05,0.0001,0
peaches,"canned, water pack, solids and liquids",Fruits and Fruit Juices,24.0,0.44,0.06,6.11,4.81,1.3,0.019,2.9,0.49,0.521,0.019,0.009,2.0,0.32,5.0,0.048,10.0,0.09,0.027,0.0,0.003,5.4e-05,0.0003,0
peaches,"canned, juice pack, solids and liquids",Fruits and Fruit Juices,44.0,0.63,0.03,11.57,10.27,1.3,0.019,3.6,0.49,0.582,0.017,0.008,6.0,0.27,7.0,0.048,17.0,0.11,0.019,0.0,0.003,5e-05,0.0003,0
peaches,"canned, extra light syrup, solids and liquids",Fruits and Fruit Juices,42.0,0.4,0.1,11.1,0.0,1.0,0.019,3.0,0.0,0.8,0.02,0.02,5.0,0.3,5.0,0.047,11.0,0.09,0.014,0.0,0.003,5e-05,0.0,0
peaches,"canned, light syrup pack, solids and liquids",Fruits and Fruit Juices,54.0,0.45,0.03,14.55,13.25,1.3,0.019,2.4,0.49,0.593,0.025,0.009,3.0,0.36,5.0,0.046,11.0,0.09,0.018,0.0,0.003,5.2e-05,0.0003,0
peaches,"canned, heavy syrup pack, solids and liquids",Fruits and Fruit Juices,74.0,0.45,0.1,19.94,18.64,1.3,0.019,2.8,0.49,0.614,0.024,0.011,3.0,0.27,5.0,0.045,11.0,0.09,0.017,0.0,0.003,5.1e-05,0.0003,0
peaches,"canned, extra heavy syrup pack, solids and liquids",Fruits and Fruit Juices,96.0,0.47,0.03,26.06,0.0,1.0,0.019,1.2,0.0,0.52,0.021,0.011,3.0,0.29,5.0,0.044,11.0,0.09,0.007,0.0,0.003,5e-05,0.0,0
peaches,"spiced, canned, heavy syrup pack, solids and liquids",Fruits and Fruit Juices,75.0,0.41,0.1,20.08,18.78,1.3,0.019,5.3,0.49,0.537,0.035,0.011,6.0,0.28,7.0,0.0,9.0,0.08,0.016,0.0,0.003,9.8e-05,0.0003,0
peaches,"dehydrated (low-moisture), sulfured, uncooked",Fruits and Fruit Juices,325.0,4.89,1.03,83.18,0.0,0.0,0.159,10.6,0.0,4.825,0.11,0.039,38.0,5.51,57.0,0.413,162.0,0.78,0.071,0.0,0.007,0.000493,0.0,3
peaches,"dehydrated (low-moisture), sulfured, stewed",Fruits and Fruit Juices,133.0,2.01,0.42,34.14,0.0,0.0,0.054,6.8,0.0,2.03,0.06,0.008,16.0,2.26,23.0,0.17,66.0,0.32,0.02,0.0,0.003,0.000202,0.0,0
peaches,"dried, sulfured, uncooked",Fruits and Fruit Juices,239.0,3.61,0.76,61.33,41.74,8.2,0.067,4.8,0.19,4.375,0.212,0.002,28.0,4.06,42.0,0.305,119.0,0.57,0.108,0.0,0.0,0.000364,0.0005,1
peaches,"dried, sulfured, stewed, without added sugar",Fruits and Fruit Juices,77.0,1.16,0.25,19.69,16.99,2.7,0.038,3.7,0.06,1.519,0.021,0.005,9.0,1.31,13.0,0.098,38.0,0.18,0.01,0.0,0.0,0.000117,0.0002,0
peaches,"dried, sulfured, stewed, with added sugar",Fruits and Fruit Juices,103.0,1.06,0.22,26.6,0.0,2.4,0.035,3.4,0.0,1.388,0.019,0.005,8.0,1.2,12.0,0.089,35.0,0.17,0.009,0.0,0.0,0.000107,0.0007,0
peaches,"frozen, sliced, sweetened",Fruits and Fruit Juices,94.0,0.63,0.13,23.98,22.18,1.8,0.018,94.2,0.62,0.653,0.035,0.013,3.0,0.37,5.0,0.029,11.0,0.05,0.014,0.0,0.003,2.4e-05,0.0004,0
peach nectar,"canned, without added ascorbic acid",Fruits and Fruit Juices,54.0,0.27,0.02,13.92,13.32,0.6,0.007,5.3,0.29,0.288,0.014,0.003,5.0,0.19,4.0,0.019,6.0,0.08,0.013,0.0,0.001,6.900000000000001e-05,0.0002,0
pears,raw,Fruits and Fruit Juices,57.0,0.36,0.14,15.23,9.75,3.1,0.029,4.3,0.12,0.161,0.026,0.012,9.0,0.18,7.0,0.048,12.0,0.1,0.001,0.0,0.007,8.2e-05,0.0001,0
pears,"canned, water pack, solids and liquids",Fruits and Fruit Juices,29.0,0.19,0.03,7.81,6.1,1.6,0.014,1.0,0.08,0.054,0.01,0.008,4.0,0.21,4.0,0.034,7.0,0.09,0.0,0.0,0.001,5.1e-05,0.0,0
pears,"canned, juice pack, solids and liquids",Fruits and Fruit Juices,50.0,0.34,0.07,12.94,9.7,1.6,0.014,1.6,0.08,0.2,0.011,0.011,9.0,0.29,7.0,0.034,12.0,0.09,0.0,0.0,0.001,5.3e-05,0.0,0
pears,"canned, extra light syrup pack, solids and liquids",Fruits and Fruit Juices,47.0,0.3,0.1,12.2,0.0,1.6,0.014,2.0,0.0,0.4,0.02,0.01,7.0,0.2,5.0,0.033,7.0,0.07,0.0,0.0,0.001,7.000000000000001e-05,0.0,0
pears,"canned, light syrup pack, solids and liquids",Fruits and Fruit Juices,57.0,0.19,0.03,15.17,12.1,1.6,0.014,0.7,0.08,0.154,0.016,0.01,5.0,0.28,4.0,0.033,7.0,0.08,0.0,0.0,0.001,4.9000000000000005e-05,0.0,0
pears,"canned, heavy syrup pack, solids and liquids",Fruits and Fruit Juices,74.0,0.2,0.13,19.17,15.2,1.6,0.014,1.1,0.08,0.242,0.022,0.01,5.0,0.22,4.0,0.032,7.0,0.08,0.0,0.0,0.001,4.9000000000000005e-05,0.0,0
pears,"canned, extra heavy syrup pack, solids and liquids",Fruits and Fruit Juices,97.0,0.19,0.13,25.25,0.0,1.6,0.014,1.1,0.0,0.238,0.022,0.01,5.0,0.22,4.0,0.032,7.0,0.08,0.0,0.0,0.001,4.8e-05,0.0,0
pears,"dried, sulfured, uncooked",Fruits and Fruit Juices,262.0,1.87,0.63,69.7,62.2,7.5,0.072,7.0,0.06,1.372,0.145,0.008,34.0,2.1,33.0,0.327,59.0,0.39,0.0,0.0,0.0,0.000371,0.0002,1
pears,"dried, sulfured, stewed, without added sugar",Fruits and Fruit Juices,127.0,0.91,0.31,33.81,27.41,6.4,0.035,4.0,0.03,0.351,0.02,0.004,16.0,1.02,16.0,0.159,28.0,0.19,0.002,0.0,0.0,0.0001799999999999,0.0001,0
pears,"dried, sulfured, stewed, with added sugar",Fruits and Fruit Juices,140.0,0.86,0.29,37.14,0.0,5.8,0.033,3.8,0.0,0.333,0.019,0.004,15.0,0.97,15.0,0.151,27.0,0.18,0.002,0.0,0.0,0.000171,0.0024,0
pear nectar,"canned, without added ascorbic acid",Fruits and Fruit Juices,60.0,0.11,0.01,15.76,15.16,0.6,0.014,1.1,0.05,0.128,0.013,0.002,5.0,0.26,3.0,0.03,3.0,0.07,0.0,0.0,0.001,6.7e-05,0.0,0
persimmons,"japanese, raw",Fruits and Fruit Juices,70.0,0.58,0.19,18.59,12.53,3.6,0.1,7.5,0.73,0.1,0.02,0.03,8.0,0.15,9.0,0.355,17.0,0.11,0.081,0.0,0.008,0.000113,0.0006,0
persimmons,"japanese, dried",Fruits and Fruit Juices,274.0,1.38,0.59,73.43,0.0,14.5,0.0,0.0,0.0,0.18,0.029,0.0,25.0,0.74,31.0,1.39,81.0,0.42,0.038,0.0,0.0,0.000442,0.0,3
persimmons,"native, raw",Fruits and Fruit Juices,127.0,0.8,0.4,33.5,0.0,0.0,0.0,66.0,0.0,0.0,0.0,0.0,27.0,2.5,0.0,0.0,26.0,0.0,0.0,0.0,0.0,0.0,0.0,0
pineapple,"raw, all varieties",Fruits and Fruit Juices,50.0,0.54,0.12,13.12,9.85,1.4,0.112,47.8,0.02,0.5,0.032,0.079,13.0,0.29,12.0,0.927,8.0,0.12,0.003,0.0,0.018,0.00011,0.0001,0
pineapple,"canned, water pack, solids and liquids",Fruits and Fruit Juices,32.0,0.43,0.09,8.3,7.5,0.8,0.074,7.7,0.01,0.298,0.026,0.093,15.0,0.4,18.0,1.121,4.0,0.12,0.002,0.0,0.005,0.0001049999999999,0.0004,0
pineapple,"canned, juice pack, solids and liquids",Fruits and Fruit Juices,60.0,0.42,0.08,15.7,14.45,0.8,0.074,9.5,0.01,0.284,0.019,0.095,14.0,0.28,14.0,1.121,6.0,0.1,0.002,0.0,0.005,8.599999999999999e-05,0.0004,0
pineapple,"canned, light syrup pack, solids and liquids",Fruits and Fruit Juices,52.0,0.36,0.12,13.45,12.65,0.8,0.074,7.5,0.01,0.292,0.025,0.091,14.0,0.39,16.0,1.097,7.0,0.12,0.002,0.0,0.005,0.000103,0.0004,0
pineapple,"canned, heavy syrup pack, solids and liquids",Fruits and Fruit Juices,78.0,0.35,0.11,20.2,16.9,0.8,0.074,7.4,0.01,0.287,0.025,0.09,14.0,0.38,16.0,1.08,7.0,0.12,0.001,0.0,0.005,0.000101,0.0004,0
pineapple,"canned, extra heavy syrup pack, solids and liquids",Fruits and Fruit Juices,83.0,0.34,0.11,21.5,0.0,0.8,0.074,7.3,0.0,0.282,0.025,0.089,14.0,0.38,15.0,1.062,7.0,0.11,0.001,0.0,0.005,9.9e-05,0.0,0
pineapple,"frozen, chunks, sweetened",Fruits and Fruit Juices,86.0,0.4,0.1,22.2,21.1,1.1,0.075,8.0,0.02,0.3,0.03,0.1,9.0,0.4,10.0,1.062,4.0,0.11,0.002,0.0,0.011,9.9e-05,0.0001,0
pineapple juice,"canned or bottled, unsweetened, without added ascorbic acid",Fruits and Fruit Juices,53.0,0.36,0.12,12.87,9.98,0.2,0.1,10.0,0.02,0.199,0.021,0.058,13.0,0.31,12.0,0.504,8.0,0.11,0.0,0.0,0.018,6.900000000000001e-05,0.0001,0
pineapple juice,"frozen concentrate, unsweetened, undiluted",Fruits and Fruit Juices,179.0,1.3,0.1,44.3,43.6,0.7,0.255,42.0,0.03,0.9,0.06,0.23,39.0,0.9,35.0,3.439,28.0,0.4,0.003,0.0,0.037,0.000313,0.0004,1
pineapple juice,"frozen concentrate, unsweetened, diluted with 3 volume water",Fruits and Fruit Juices,51.0,0.4,0.03,12.67,12.47,0.2,0.074,12.0,0.01,0.2,0.02,0.07,13.0,0.16,14.0,1.049,9.0,0.08,0.001,0.0,0.011,4.5e-05,0.0001,0
pitanga,"(surinam-cherry), raw",Fruits and Fruit Juices,33.0,0.8,0.4,7.49,0.0,0.0,0.0,26.3,0.0,0.3,0.04,0.03,9.0,0.2,12.0,0.0,11.0,0.0,0.075,0.0,0.0,0.0,0.0,0
plantains,raw,Fruits and Fruit Juices,122.0,1.3,0.37,31.89,15.0,2.3,0.299,18.4,0.14,0.686,0.054,0.052,3.0,0.6,37.0,0.0,34.0,0.14,0.056,0.0,0.022,8.1e-05,0.0015,0
plantains,cooked,Fruits and Fruit Juices,116.0,0.79,0.18,31.15,14.0,2.3,0.24,10.9,0.13,0.756,0.052,0.046,2.0,0.58,32.0,0.0,28.0,0.13,0.045,0.0,0.026,6.6e-05,0.0014,0
plums,raw,Fruits and Fruit Juices,46.0,0.7,0.28,11.42,9.92,1.4,0.029,9.5,0.26,0.417,0.026,0.028,6.0,0.17,7.0,0.052,16.0,0.1,0.017,0.0,0.005,5.7e-05,0.0,0
plums,"canned, purple, water pack, solids and liquids",Fruits and Fruit Juices,41.0,0.39,0.01,11.03,10.1,0.9,0.027,2.7,0.18,0.37,0.041,0.021,7.0,0.16,5.0,0.033,13.0,0.08,0.046,0.0,0.003,3.9e-05,0.0,0
plums,"canned, purple, juice pack, solids and liquids",Fruits and Fruit Juices,58.0,0.51,0.02,15.15,14.22,0.9,0.027,2.8,0.18,0.473,0.059,0.023,10.0,0.34,8.0,0.033,15.0,0.11,0.05,0.0,0.003,5.4e-05,0.0,0
plums,"canned, purple, light syrup pack, solids and liquids",Fruits and Fruit Juices,63.0,0.37,0.1,16.28,15.35,0.9,0.027,0.4,0.18,0.297,0.039,0.016,9.0,0.86,5.0,0.032,13.0,0.08,0.012,0.0,0.003,3.8e-05,0.0,0
plums,"canned, purple, heavy syrup pack, solids and liquids",Fruits and Fruit Juices,89.0,0.36,0.1,23.24,22.31,0.9,0.027,0.4,0.18,0.291,0.038,0.016,9.0,0.84,5.0,0.031,13.0,0.07,0.013,0.0,0.003,3.7e-05,0.0,0
plums,"canned, purple, extra heavy syrup pack, solids and liquids",Fruits and Fruit Juices,101.0,0.36,0.1,26.31,0.0,1.0,0.027,0.4,0.0,0.285,0.037,0.016,9.0,0.82,5.0,0.031,12.0,0.07,0.013,0.0,0.003,3.5999999999999994e-05,0.0,0
pomegranates,raw,Fruits and Fruit Juices,83.0,1.67,1.17,18.7,13.67,4.0,0.075,10.2,0.6,0.293,0.053,0.067,10.0,0.3,12.0,0.119,36.0,0.35,0.0,0.0,0.038,0.000158,0.0005,0
prickly pears,raw,Fruits and Fruit Juices,41.0,0.73,0.51,9.57,0.0,3.6,0.06,14.0,0.0,0.46,0.06,0.014,56.0,0.3,85.0,0.0,24.0,0.12,0.002,0.0,0.006,8e-05,0.0006,0
prunes,"canned, heavy syrup pack, solids and liquids",Fruits and Fruit Juices,105.0,0.87,0.2,27.8,0.0,3.8,0.203,2.8,0.0,0.866,0.122,0.034,17.0,0.41,15.0,0.098,26.0,0.19,0.04,0.0,0.0,0.000118,0.0,0
prunes,"dehydrated (low-moisture), uncooked",Fruits and Fruit Juices,339.0,3.7,0.73,89.07,0.0,0.0,0.745,0.0,0.0,2.995,0.165,0.118,72.0,3.52,64.0,0.312,112.0,0.75,0.088,0.0,0.002,0.000611,0.0,3
prunes,"dehydrated (low-moisture), stewed",Fruits and Fruit Juices,113.0,1.23,0.24,29.7,0.0,0.0,0.191,0.0,0.0,0.985,0.03,0.046,24.0,1.17,21.0,0.104,37.0,0.25,0.026,0.0,0.0,0.000204,0.0,0
plums,"dried (prunes), uncooked",Fruits and Fruit Juices,240.0,2.18,0.38,63.88,38.13,7.1,0.205,0.6,0.43,1.882,0.186,0.051,43.0,0.93,41.0,0.299,69.0,0.44,0.039,0.0,0.004,0.000281,0.0003,1
plums,"dried (prunes), stewed, without added sugar",Fruits and Fruit Juices,107.0,0.96,0.16,28.08,24.98,3.1,0.218,2.9,0.19,0.723,0.1,0.024,19.0,0.41,18.0,0.131,30.0,0.19,0.017,0.0,0.0,0.000123,0.0001,0
plums,"dried (prunes), stewed, with added sugar",Fruits and Fruit Juices,124.0,1.09,0.22,32.88,0.0,3.8,0.203,2.7,0.0,0.675,0.093,0.022,21.0,1.04,19.0,0.092,33.0,0.22,0.014,0.0,0.0,0.0001799999999999,0.001,0
prune juice,canned,Fruits and Fruit Juices,71.0,0.61,0.03,17.45,16.45,1.0,0.218,4.1,0.12,0.785,0.07,0.016,12.0,1.18,14.0,0.151,25.0,0.21,0.0,0.0,0.0,6.8e-05,0.0006,0
pummelo,raw,Fruits and Fruit Juices,38.0,0.76,0.04,9.62,0.0,1.0,0.036,61.0,0.0,0.22,0.027,0.034,4.0,0.11,6.0,0.017,17.0,0.08,0.0,0.0,0.0,4.8e-05,0.0,0
quinces,raw,Fruits and Fruit Juices,57.0,0.4,0.1,15.3,0.0,1.9,0.04,15.0,0.0,0.2,0.03,0.02,11.0,0.7,8.0,0.0,17.0,0.04,0.002,0.0,0.003,0.00013,0.0006,0
raisins,golden seedless,Fruits and Fruit Juices,302.0,3.39,0.46,79.52,59.19,4.0,0.323,3.2,0.12,1.142,0.191,0.008,53.0,1.79,35.0,0.308,115.0,0.32,0.0,0.0,0.003,0.000363,0.0007,1
raisins,seedless,Fruits and Fruit Juices,299.0,3.07,0.46,79.18,59.19,3.7,0.174,2.3,0.12,0.766,0.125,0.106,50.0,1.88,32.0,0.299,101.0,0.22,0.0,0.0,0.005,0.000318,0.0006,1
raisins,seeded,Fruits and Fruit Juices,296.0,2.52,0.54,78.47,0.0,6.8,0.188,5.4,0.0,1.114,0.182,0.112,28.0,2.59,30.0,0.267,75.0,0.18,0.0,0.0,0.003,0.0003019999999999,0.0006,3
rambutan,"canned, syrup pack",Fruits and Fruit Juices,82.0,0.65,0.21,20.87,0.0,0.9,0.02,4.9,0.0,1.352,0.022,0.013,22.0,0.35,7.0,0.343,9.0,0.08,0.0,0.0,0.008,6.6e-05,0.0,0
raspberries,raw,Fruits and Fruit Juices,52.0,1.2,0.65,11.94,4.42,6.5,0.055,26.2,0.87,0.598,0.038,0.032,25.0,0.69,22.0,0.67,29.0,0.42,0.002,0.0,0.021,8.999999999999999e-05,0.0002,0
raspberries,"canned, red, heavy syrup pack, solids and liquids",Fruits and Fruit Juices,91.0,0.83,0.12,23.36,20.06,3.3,0.042,8.7,0.59,0.443,0.031,0.02,11.0,0.42,12.0,0.233,9.0,0.16,0.002,0.0,0.011,5.7e-05,0.0001,0
raspberries,"frozen, red, sweetened",Fruits and Fruit Juices,103.0,0.7,0.16,26.16,21.76,4.4,0.034,16.5,0.72,0.23,0.045,0.019,15.0,0.65,13.0,0.65,17.0,0.18,0.003,0.0,0.026,0.0001049999999999,0.0003,0
rhubarb,raw,Fruits and Fruit Juices,21.0,0.9,0.2,4.54,1.1,1.8,0.024,8.0,0.27,0.3,0.03,0.02,86.0,0.22,12.0,0.196,14.0,0.1,0.005,0.0,0.007,2.1e-05,0.0011,0
rhubarb,"frozen, uncooked",Fruits and Fruit Juices,21.0,0.55,0.11,5.1,1.1,1.8,0.025,4.8,0.27,0.203,0.029,0.031,194.0,0.29,18.0,0.097,12.0,0.1,0.005,0.0,0.008,2.3e-05,0.0011,0
rhubarb,"frozen, cooked, with sugar",Fruits and Fruit Juices,116.0,0.39,0.05,31.2,28.7,2.0,0.02,3.3,0.19,0.2,0.023,0.018,145.0,0.21,12.0,0.073,8.0,0.08,0.004,0.0,0.005,2.7e-05,0.0009,0
roselle,raw,Fruits and Fruit Juices,49.0,0.96,0.64,11.31,0.0,0.0,0.0,12.0,0.0,0.31,0.028,0.011,215.0,1.48,51.0,0.0,37.0,0.0,0.014,0.0,0.0,0.0,0.0,0
rose-apples,raw,Fruits and Fruit Juices,25.0,0.6,0.3,5.7,0.0,0.0,0.0,22.3,0.0,0.8,0.03,0.02,29.0,0.07,5.0,0.029,8.0,0.06,0.017,0.0,0.0,1.6e-05,0.0,0
sapodilla,raw,Fruits and Fruit Juices,83.0,0.44,1.1,19.96,0.0,5.3,0.037,14.7,0.0,0.2,0.02,0.0,21.0,0.8,12.0,0.0,12.0,0.1,0.003,0.0,0.014,8.599999999999999e-05,0.0006,0
sapote,"mamey, raw",Fruits and Fruit Juices,124.0,1.45,0.46,32.1,20.14,5.4,0.72,23.0,2.11,1.432,0.116,0.013,18.0,0.78,11.0,0.204,26.0,0.19,0.007,0.0,0.0,0.000213,0.0,0
soursop,raw,Fruits and Fruit Juices,66.0,1.0,0.3,16.84,13.54,3.3,0.059,20.6,0.08,0.9,0.05,0.07,14.0,0.6,21.0,0.0,27.0,0.1,0.0,0.0,0.014,8.599999999999999e-05,0.0006,0
strawberries,raw,Fruits and Fruit Juices,32.0,0.67,0.3,7.68,4.89,2.0,0.047,58.8,0.29,0.386,0.022,0.024,16.0,0.41,13.0,0.386,24.0,0.14,0.001,0.0,0.024,4.8e-05,0.0004,0
strawberries,"canned, heavy syrup pack, solids and liquids",Fruits and Fruit Juices,92.0,0.56,0.26,23.53,21.83,1.7,0.049,31.7,0.19,0.057,0.034,0.021,13.0,0.49,8.0,0.2,12.0,0.09,0.001,0.0,0.028,6.3e-05,0.0003,0
strawberries,"frozen, unsweetened",Fruits and Fruit Juices,35.0,0.43,0.11,9.13,4.56,2.1,0.028,41.2,0.29,0.462,0.037,0.022,16.0,0.75,11.0,0.29,13.0,0.13,0.002,0.0,0.017,4.9000000000000005e-05,0.0007,0
strawberries,"frozen, sweetened, whole",Fruits and Fruit Juices,78.0,0.52,0.14,21.0,18.61,1.9,0.028,39.5,0.24,0.293,0.077,0.015,11.0,0.47,6.0,0.249,12.0,0.05,0.001,0.0,0.004,1.9e-05,0.0007,0
strawberries,"frozen, sweetened, sliced",Fruits and Fruit Juices,96.0,0.53,0.13,25.92,24.01,1.9,0.03,41.4,0.23,0.401,0.051,0.016,11.0,0.59,7.0,0.25,13.0,0.06,0.001,0.0,0.015,2e-05,0.0007,0
sugar-apples,"(sweetsop), raw",Fruits and Fruit Juices,94.0,2.06,0.29,23.64,0.0,4.4,0.2,36.3,0.0,0.883,0.113,0.11,24.0,0.6,21.0,0.0,32.0,0.1,0.0,0.0,0.014,8.599999999999999e-05,0.0006,0
tamarinds,raw,Fruits and Fruit Juices,239.0,2.8,0.6,62.5,38.8,5.1,0.066,3.5,0.1,1.938,0.152,0.428,74.0,2.8,92.0,0.0,113.0,0.1,0.002,0.0,0.014,8.599999999999999e-05,0.0013,1
fruit salad,"(pineapple and papaya and banana and guava), tropical, canned, heavy syrup, solids and liquids",Fruits and Fruit Juices,86.0,0.41,0.1,22.36,0.0,1.3,0.12,17.5,0.0,0.562,0.045,0.054,13.0,0.52,13.0,0.0,7.0,0.11,0.006,0.0,0.009,8e-05,0.0005,0
watermelon,raw,Fruits and Fruit Juices,30.0,0.61,0.15,7.55,6.2,0.4,0.045,8.1,0.05,0.178,0.021,0.033,7.0,0.24,10.0,0.038,11.0,0.1,0.028,0.0,0.003,4.2e-05,0.0004,0
maraschino cherries,"canned, drained",Fruits and Fruit Juices,165.0,0.22,0.21,41.97,38.77,3.2,0.005,0.0,0.05,0.004,0.0,0.0,54.0,0.43,4.0,0.012,3.0,0.26,0.002,0.0,0.0,0.0001429999999999,0.0002,1
feijoa,raw,Fruits and Fruit Juices,61.0,0.71,0.42,15.21,8.2,6.4,0.067,32.9,0.16,0.295,0.018,0.006,17.0,0.14,9.0,0.084,19.0,0.06,0.0,0.0,0.023,3.5999999999999994e-05,0.0,0
pears,"asian, raw",Fruits and Fruit Juices,42.0,0.5,0.23,10.65,7.05,3.6,0.022,3.8,0.12,0.219,0.01,0.009,4.0,0.0,8.0,0.06,11.0,0.02,0.0,0.0,0.008,5e-05,0.0001,0
fruit cocktail,"canned, heavy syrup, drained",Fruits and Fruit Juices,70.0,0.47,0.1,18.8,17.14,1.7,0.051,1.9,0.6,0.374,0.021,0.019,7.0,0.29,5.0,0.0,12.0,0.08,0.014,0.0,0.003,8.599999999999999e-05,0.0005,0
blueberries,"canned, light syrup, drained",Fruits and Fruit Juices,88.0,1.04,0.4,22.66,17.45,2.6,0.049,0.5,1.38,0.363,0.132,0.046,6.0,0.43,4.0,0.44,12.0,0.09,0.002,0.0,0.002,5.3e-05,0.0001,0
blueberries,"wild, canned, heavy syrup, drained",Fruits and Fruit Juices,107.0,0.56,0.34,28.32,19.28,4.9,0.035,0.3,0.0,0.469,0.313,0.033,19.0,2.2,6.0,2.3,14.0,0.12,0.0,0.0,0.008,0.0,0.0,0
pineapple,"canned, juice pack, drained",Fruits and Fruit Juices,60.0,0.51,0.11,15.56,14.26,1.3,0.075,9.4,0.02,0.284,0.021,0.102,16.0,0.28,15.0,0.0,7.0,0.1,0.003,0.0,0.005,0.000107,0.0004,0
apricots,"canned, heavy syrup, drained",Fruits and Fruit Juices,83.0,0.64,0.11,21.31,18.65,2.7,0.055,3.1,0.89,0.376,0.024,0.021,10.0,0.3,7.0,0.0,13.0,0.11,0.146,0.0,0.002,9.7e-05,0.0001,0
cherries,"sour, canned, water pack, drained",Fruits and Fruit Juices,42.0,0.69,0.21,10.45,6.99,1.2,0.047,0.3,0.0,0.26,0.065,0.025,11.0,0.64,8.0,0.059,16.0,0.07,0.0,0.0,0.0,0.0,0.0,0
cherries,"sweet, canned, pitted, heavy syrup, drained",Fruits and Fruit Juices,83.0,0.73,0.21,21.07,16.18,2.3,0.022,3.6,0.17,0.396,0.043,0.022,10.0,0.35,9.0,0.048,20.0,0.1,0.012,0.0,0.005,0.000176,0.0,0
peaches,"canned, heavy syrup, drained",Fruits and Fruit Juices,72.0,0.52,0.18,18.43,14.66,1.2,0.013,0.7,1.19,0.625,0.02,0.02,3.0,0.27,5.0,0.0,12.0,0.09,0.031,0.0,0.009,6.3e-05,0.0,0
pears,"canned, heavy syrup, drained",Fruits and Fruit Juices,74.0,0.24,0.18,19.08,16.42,2.7,0.014,1.1,0.12,0.242,0.024,0.011,6.0,0.22,4.0,0.0,8.0,0.08,0.0,0.0,0.001,6.1e-05,0.0001,0
plums,"canned, heavy syrup, drained",Fruits and Fruit Juices,89.0,0.44,0.14,23.12,21.58,1.5,0.028,0.4,0.26,0.291,0.041,0.017,10.0,0.84,5.0,0.0,15.0,0.07,0.02,0.0,0.003,4.6e-05,0.0,0
tangerines,"(mandarin oranges), canned, juice pack, drained",Fruits and Fruit Juices,38.0,0.75,0.04,9.41,8.25,1.2,0.043,33.9,0.15,0.445,0.031,0.088,12.0,0.27,11.0,0.0,11.0,0.53,0.066,0.0,0.005,4.1e-05,0.0004,0
apple juice,"canned or bottled, unsweetened, with added ascorbic acid",Fruits and Fruit Juices,46.0,0.1,0.13,11.3,9.62,0.2,0.018,38.5,0.01,0.073,0.017,0.021,8.0,0.12,5.0,0.074,7.0,0.02,0.0,0.0,0.0,1.2e-05,0.0001,0
applesauce,"canned, unsweetened, with added ascorbic acid",Fruits and Fruit Juices,42.0,0.17,0.1,11.27,9.39,1.1,0.027,21.2,0.16,0.084,0.03,0.026,4.0,0.23,3.0,0.025,5.0,0.03,0.001,0.0,0.003,2.7e-05,0.0003,0
applesauce,"canned, sweetened, with salt",Fruits and Fruit Juices,76.0,0.18,0.18,19.91,0.0,1.2,0.026,1.7,0.0,0.188,0.028,0.013,4.0,0.35,3.0,0.075,7.0,0.04,0.001,0.0,0.001,4.3e-05,0.0003,0
apricot nectar,"canned, with added ascorbic acid",Fruits and Fruit Juices,56.0,0.37,0.09,14.39,13.24,0.6,0.022,17.6,0.0,0.26,0.014,0.009,7.0,0.38,5.0,0.032,9.0,0.09,0.066,0.0,0.001,7.3e-05,0.0002,0
grapefruit juice,"pink, raw",Fruits and Fruit Juices,39.0,0.5,0.1,9.2,0.0,0.0,0.044,38.0,0.0,0.2,0.02,0.04,9.0,0.2,12.0,0.02,15.0,0.05,0.022,0.0,0.01,3.3e-05,0.0,0
peach nectar,"canned, with added ascorbic acid",Fruits and Fruit Juices,54.0,0.27,0.02,13.92,12.35,0.6,0.007,17.6,0.0,0.288,0.014,0.003,5.0,0.19,4.0,0.019,6.0,0.08,0.013,0.0,0.001,6.900000000000001e-05,0.0002,0
pear nectar,"canned, with added ascorbic acid",Fruits and Fruit Juices,60.0,0.11,0.01,15.76,15.16,0.6,0.014,27.0,0.0,0.128,0.013,0.002,5.0,0.26,3.0,0.03,3.0,0.07,0.0,0.0,0.001,6.7e-05,0.0005,0
pineapple juice,"canned or bottled, unsweetened, with added ascorbic acid",Fruits and Fruit Juices,53.0,0.36,0.12,12.87,9.98,0.2,0.1,43.8,0.02,0.199,0.021,0.058,13.0,0.31,12.0,0.504,8.0,0.11,0.0,0.0,0.018,6.900000000000001e-05,0.0001,0
apple juice,"frozen concentrate, unsweetened, undiluted, with added ascorbic acid",Fruits and Fruit Juices,166.0,0.51,0.37,41.0,38.83,0.0,0.116,88.9,0.0,0.135,0.054,0.011,20.0,0.91,17.0,0.225,25.0,0.13,0.0,0.0,0.001,5e-05,0.0004,1
apple juice,"frozen concentrate, unsweetened, diluted with 3 volume water, with added ascorbic acid",Fruits and Fruit Juices,47.0,0.14,0.1,11.54,0.0,0.1,0.033,25.0,0.0,0.038,0.015,0.003,6.0,0.26,5.0,0.063,7.0,0.04,0.0,0.0,0.0,1.4e-05,0.0001,0
pears,"raw, bartlett",Fruits and Fruit Juices,63.0,0.39,0.16,15.01,9.69,3.1,0.026,4.4,0.12,0.164,0.026,0.012,9.0,0.19,6.0,0.037,11.0,0.08,0.001,0.0,0.0,7.8e-05,0.0001,0
pears,"raw, red anjou",Fruits and Fruit Juices,62.0,0.33,0.14,14.94,9.54,3.0,0.039,5.2,0.12,0.162,0.028,0.012,11.0,0.19,7.0,0.056,13.0,0.13,0.001,0.0,0.0,7.000000000000001e-05,0.0001,0
pears,"raw, bosc",Fruits and Fruit Juices,67.0,0.36,0.09,16.1,10.23,3.1,0.021,2.8,0.12,0.152,0.023,0.012,10.0,0.15,7.0,0.047,14.0,0.13,0.001,0.0,0.0,0.000104,0.0,0
pears,"raw, green anjou",Fruits and Fruit Juices,66.0,0.44,0.1,15.79,9.73,3.1,0.026,4.4,0.12,0.151,0.022,0.01,11.0,0.24,7.0,0.048,13.0,0.1,0.001,0.0,0.0,7.7e-05,0.0,0
jackfruit,"canned, syrup pack",Fruits and Fruit Juices,92.0,0.36,0.14,23.94,0.0,0.9,0.044,0.5,0.0,0.677,0.036,0.033,44.0,0.29,10.0,0.078,6.0,0.11,0.0,0.0,0.014,5e-05,0.0,0
dates,medjool,Fruits and Fruit Juices,277.0,1.81,0.15,74.97,66.47,6.7,0.249,0.0,0.0,1.61,0.06,0.05,64.0,0.9,54.0,0.296,62.0,0.44,0.007,0.0,0.015,0.0003619999999999,0.0,1
durian,raw or frozen,Fruits and Fruit Juices,147.0,1.47,5.33,27.09,0.0,3.8,0.316,19.7,0.0,1.074,0.2,0.374,6.0,0.43,30.0,0.325,39.0,0.28,0.002,0.0,0.0,0.000207,0.0,0
prune puree,No_descr,Fruits and Fruit Juices,257.0,2.1,0.2,65.1,39.0,3.3,0.0,4.3,0.0,2.5,0.0,0.04,31.0,2.8,0.0,0.0,72.0,0.0,0.1,0.0,0.0,0.0,0.0,1
candied fruit,No_descr,Fruits and Fruit Juices,322.0,0.34,0.07,82.74,80.68,1.6,0.0,0.0,0.04,0.0,0.0,0.0,18.0,0.17,4.0,0.111,5.0,0.05,0.001,0.0,0.0,2.9e-05,0.0006,1
abiyuch,raw,Fruits and Fruit Juices,69.0,1.5,0.1,17.6,8.55,5.3,0.0,54.1,0.0,0.0,0.0,0.0,8.0,1.61,24.0,0.182,47.0,0.31,0.005,0.0,0.0,5.7e-05,0.0,0
rowal,raw,Fruits and Fruit Juices,111.0,2.3,2.0,23.9,14.1,6.2,0.0,25.8,0.0,0.0,0.0,0.0,15.0,2.2,32.0,0.155,52.0,0.43,0.019,0.0,0.0,0.00106,0.0,0
pineapple,"raw, traditional varieties",Fruits and Fruit Juices,45.0,0.55,0.13,11.82,8.29,0.0,0.106,16.9,0.0,0.47,0.029,0.078,13.0,0.25,12.0,1.593,9.0,0.08,0.003,0.0,0.0,8.1e-05,0.0,0
pineapple,"raw, extra sweet variety",Fruits and Fruit Juices,51.0,0.53,0.11,13.5,10.32,1.4,0.114,56.4,0.02,0.507,0.033,0.08,13.0,0.28,12.0,0.818,8.0,0.12,0.003,0.0,0.019,0.000113,0.0001,0
usda commodity,"mixed fruit (peaches, pears, grapes), canned, light syrup, drained",Fruits and Fruit Juices,57.0,0.46,0.1,14.65,11.25,1.6,0.016,2.2,0.0,0.392,0.024,0.012,5.0,0.31,5.0,0.027,12.0,0.09,0.015,0.0,0.002,7.5e-05,0.0,0
usda commodity,"mixed fruit (peaches, pears, grapes), canned, light syrup, solids and liquids",Fruits and Fruit Juices,55.0,0.41,0.08,14.3,11.46,1.2,0.016,3.1,0.0,0.385,0.038,0.013,5.0,0.29,5.0,0.029,13.0,0.08,0.01,0.0,0.002,7.5e-05,0.0,0
clementines,raw,Fruits and Fruit Juices,47.0,0.85,0.15,12.02,9.18,1.7,0.075,48.8,0.2,0.636,0.03,0.086,30.0,0.14,10.0,0.023,21.0,0.06,0.0,0.0,0.024,4.3e-05,0.0001,0
guanabana nectar,canned,Fruits and Fruit Juices,59.0,0.11,0.17,14.93,13.07,0.1,0.007,11.1,0.01,0.12,0.011,0.003,7.0,0.36,3.0,0.01,2.0,0.02,0.0,0.0,0.006,1e-05,0.0004,0
guava nectar,canned,Fruits and Fruit Juices,63.0,0.09,0.06,16.25,12.95,1.0,0.01,21.1,0.05,0.17,0.003,0.003,8.0,0.38,2.0,0.058,2.0,0.03,0.0,0.0,0.003,1.7e-05,0.0,0
mango nectar,canned,Fruits and Fruit Juices,51.0,0.11,0.06,13.12,12.45,0.3,0.015,15.2,0.21,0.08,0.003,0.003,17.0,0.36,3.0,0.028,2.0,0.02,0.035,0.0,0.007,1.5e-05,0.0004,0
tamarind nectar,canned,Fruits and Fruit Juices,57.0,0.09,0.12,14.73,12.7,0.5,0.007,7.1,0.12,0.07,0.003,0.003,10.0,0.75,4.0,0.02,2.0,0.02,0.0,0.0,0.001,1.4e-05,0.0,0
usda commodity peaches,"canned, light syrup, drained",Fruits and Fruit Juices,61.0,0.56,0.15,15.65,10.61,0.7,0.016,2.5,1.23,0.585,0.02,0.023,3.0,0.25,5.0,0.037,10.0,0.16,0.025,0.0,0.008,3e-05,0.0,0
usda commodity pears,"canned, juice pack, drained",Fruits and Fruit Juices,51.0,0.34,0.19,12.91,8.27,2.2,0.016,0.3,0.2,0.218,0.046,0.02,9.0,0.34,7.0,0.042,9.0,0.14,0.0,0.0,0.001,3e-05,0.0,0
usda commodity pears,"canned, light syrup, drained",Fruits and Fruit Juices,62.0,0.28,0.15,16.21,11.22,1.6,0.016,0.9,0.11,0.115,0.014,0.02,5.0,0.28,4.0,0.037,7.0,0.09,0.0,0.0,0.003,3e-05,0.0,0
pomegranate juice,bottled,Fruits and Fruit Juices,54.0,0.15,0.29,13.13,12.65,0.1,0.04,0.1,0.38,0.233,0.015,0.015,11.0,0.1,7.0,0.095,11.0,0.09,0.0,0.0,0.024,2.1e-05,0.0003,0
juice,"apple and grape blend, with added ascorbic acid",Fruits and Fruit Juices,50.0,0.16,0.12,12.46,10.92,0.2,0.021,28.2,0.01,0.087,0.015,0.006,11.0,0.11,7.0,0.041,9.0,0.05,0.0,0.0,0.0,1e-05,0.0001,0
juice,"apple, grape and pear blend, with added ascorbic acid and calcium",Fruits and Fruit Juices,52.0,0.17,0.12,12.96,9.95,0.2,0.018,50.7,0.01,0.094,0.015,0.005,72.0,0.14,6.0,0.086,11.0,0.06,0.0,0.0,0.0,1.3e-05,0.0001,0
kiwifruit,"gold, raw",Fruits and Fruit Juices,60.0,1.23,0.56,14.23,10.98,2.0,0.057,105.4,1.49,0.28,0.046,0.024,20.0,0.29,14.0,0.058,29.0,0.1,0.004,0.0,0.0,0.000147,0.0031,0
plantains,"green, fried",Fruits and Fruit Juices,309.0,1.5,11.81,49.17,3.63,3.5,0.264,3.4,0.0,0.818,0.102,0.047,4.0,0.67,58.0,0.188,44.0,0.23,0.06,0.0,0.0,0.000183,0.0,3
plantains,"yellow, fried, Latino restaurant",Fruits and Fruit Juices,236.0,1.42,7.51,40.77,21.76,3.2,0.29,0.0,1.1,0.837,0.02,0.07,6.0,0.62,45.0,0.28,43.0,0.24,0.066,0.0,0.0,0.000116,0.0004,0
nance,"canned, syrup, drained",Fruits and Fruit Juices,95.0,0.56,1.28,22.79,15.66,7.0,0.015,10.8,0.0,0.3,0.02,0.015,42.0,0.37,16.0,0.172,7.0,0.06,0.0,0.0,0.0,5.3e-05,0.0,0
nance,"frozen, unsweetened",Fruits and Fruit Juices,73.0,0.66,1.16,16.97,8.31,7.5,0.021,92.5,1.25,0.29,0.018,0.015,46.0,0.38,20.0,0.248,10.0,0.09,0.004,0.0,0.008,4.1e-05,0.0004,0
naranjilla (lulo) pulp,"frozen, unsweetened",Fruits and Fruit Juices,25.0,0.44,0.22,5.9,3.74,1.1,0.107,3.2,0.75,1.45,0.0,0.045,8.0,0.35,11.0,0.067,12.0,0.1,0.028,0.0,0.003,2.8e-05,0.0004,0
horned melon (kiwano),No_descr,Fruits and Fruit Juices,44.0,1.78,1.26,7.56,0.0,0.0,0.063,5.3,0.0,0.565,0.015,0.025,13.0,1.13,40.0,0.039,37.0,0.48,0.007,0.0,0.003,2e-05,0.0,0
orange pineapple juice blend,No_descr,Fruits and Fruit Juices,51.0,0.41,0.08,12.2,10.57,0.2,0.061,40.7,0.07,0.173,0.025,0.04,8.0,0.18,10.0,0.378,11.0,0.06,0.001,0.0,0.01,3.4e-05,0.0001,0
apples,"raw, red delicious, with skin",Fruits and Fruit Juices,59.0,0.27,0.2,14.06,10.48,2.3,0.034,0.0,0.24,0.075,0.025,0.015,6.0,0.11,5.0,0.034,12.0,0.04,0.003,0.0,0.0,2.7e-05,0.0,0
apples,"raw, golden delicious, with skin",Fruits and Fruit Juices,57.0,0.28,0.15,13.6,10.04,2.4,0.051,0.0,0.18,0.094,0.026,0.018,6.0,0.13,5.0,0.035,10.0,0.04,0.003,0.0,0.0,3e-05,0.0,0
apples,"raw, granny smith, with skin",Fruits and Fruit Juices,58.0,0.44,0.19,13.61,9.59,2.8,0.037,0.0,0.18,0.126,0.025,0.019,5.0,0.15,5.0,0.044,12.0,0.04,0.005,0.0,0.0,3.1e-05,0.0001,0
apples,"raw, gala, with skin",Fruits and Fruit Juices,57.0,0.25,0.12,13.68,10.37,2.3,0.049,0.0,0.18,0.075,0.029,0.017,7.0,0.12,5.0,0.037,11.0,0.05,0.001,0.0,0.0,2.1e-05,0.0,0
apples,"raw, fuji, with skin",Fruits and Fruit Juices,63.0,0.2,0.18,15.22,11.68,2.1,0.045,0.0,0.18,0.07,0.026,0.013,7.0,0.1,5.0,0.031,13.0,0.04,0.002,0.0,0.0,2.5e-05,0.0,0
orange juice,"chilled, includes from concentrate, with added calcium and vitamins A, D, E",Fruits and Fruit Juices,49.0,0.68,0.12,11.54,8.31,0.3,0.076,33.6,1.13,0.28,0.039,0.046,146.0,0.13,11.0,0.023,17.0,0.07,0.114,0.0,0.019,4.2e-05,0.0001,0
juice smoothie,"NAKED JUICE, MIGHTY MANGO",Fruits and Fruit Juices,63.0,0.42,0.0,15.0,12.5,0.0,0.0,2.5,0.0,0.0,0.0,0.0,8.0,0.15,0.0,0.0,0.0,0.0,0.0,0.0,0.0,0.0,0.0,0
juice smoothie,"NAKED JUICE, GREEN MACHINE",Fruits and Fruit Juices,58.0,0.83,0.0,13.75,11.67,0.0,0.125,10.0,0.0,0.0,0.0,0.0,8.0,0.3,10.0,0.0,0.0,0.0,0.0,0.00063,0.0,0.0,0.0,0
pineapple juice,"DOLE, canned, not from concentrate, unsweetened, with added vitamins A, C and E",Fruits and Fruit Juices,57.0,0.36,0.14,12.18,9.98,0.2,0.1,31.3,0.63,0.141,0.016,0.058,14.0,0.26,11.0,0.504,9.0,0.11,0.0,0.0,0.012,2.8e-05,0.0,0
juice smoothie,"NAKED JUICE, BLUE MACHINE",Fruits and Fruit Juices,71.0,0.42,0.0,16.67,12.08,2.9,0.833,25.0,5.63,8.333,0.0,0.0,0.0,0.15,0.0,0.0,0.0,0.0,0.0,0.0025,0.0,0.0,0.0,0
grape juice,"canned or bottled, with added ascorbic acid and calcium",Fruits and Fruit Juices,62.0,0.37,0.13,14.77,14.2,0.2,0.032,25.0,0.0,0.133,0.015,0.017,42.0,0.25,10.0,0.239,14.0,0.07,0.0,0.0,0.0,1.7999999999999997e-05,0.0,0
juice smoothie,"ODWALLA, Original Superfood, fruit smoothie blend",Fruits and Fruit Juices,54.0,0.56,0.14,12.39,10.42,0.6,0.0,5.1,0.0,0.0,0.0,0.0,6.0,0.51,0.0,4.225,0.0,0.0,0.0,0.0,0.0,0.0,0.0,0
juice smoothie,"BOLTHOUSE FARMS, BERRY BOOST",Fruits and Fruit Juices,46.0,0.63,0.02,10.9,9.3,0.0,0.4,108.6,5.03,0.0,0.0,0.0,10.0,0.21,0.0,0.0,0.0,0.0,0.0,0.0009,0.0,0.0,0.0,0
juice smoothie,"BOLTHOUSE FARMS, GREEN GOODNESS",Fruits and Fruit Juices,56.0,0.68,0.07,13.1,11.9,1.0,0.12,26.3,0.0,0.0,0.068,0.0,18.0,0.37,0.0,0.88,0.0,10.8,0.0,0.0006,0.0,0.0,0.0,0
juice smoothie,"BOLTHOUSE FARMS, STRAWBERRY BANANA",Fruits and Fruit Juices,55.0,0.31,0.18,12.76,10.99,1.0,0.0,23.7,0.0,0.0,0.0,0.0,9.0,0.14,0.0,0.0,0.0,0.0,0.0,0.0,0.0,0.0,0.0,0
apple juice,"canned or bottled, unsweetened, with added ascorbic acid, calcium, and potassium",Fruits and Fruit Juices,48.0,0.12,0.17,11.49,9.47,0.3,0.018,30.3,0.0,0.067,0.015,0.004,70.0,0.13,5.0,0.035,9.0,0.04,0.0,0.0,0.0,1e-05,0.0,0
raspberries,"frozen, unsweetened",Fruits and Fruit Juices,52.0,1.2,0.65,11.94,4.42,6.5,0.055,26.2,0.87,0.598,0.038,0.032,25.0,0.69,22.0,0.67,29.0,0.42,0.002,0.0,0.021,8.999999999999999e-05,0.0002,0
pork,"fresh, enhanced, composite of separable fat, cooked",Pork Products,585.0,10.06,60.42,0.32,0.0,0.0,0.234,0.0,0.24,3.93,0.139,0.246,36.0,0.82,12.0,0.007,160.0,1.13,0.0,0.0014,0.0,4.5e-05,0.0150999999999999,4
pork,"fresh, carcass, separable lean and fat, raw",Pork Products,376.0,13.91,35.07,0.0,0.0,0.0,0.284,0.4,0.29,3.846,0.207,0.595,19.0,0.69,13.0,0.011,155.0,1.59,0.002,0.00061,0.004,5.5e-05,0.0283999999999999,2
pork,"fresh, composite of trimmed retail cuts (leg, loin, shoulder), separable lean only, raw",Pork Products,134.0,21.2,4.86,0.0,0.0,0.0,0.644,0.2,0.17,5.573,0.254,0.642,13.0,0.82,24.0,0.011,216.0,2.21,0.001,0.00064,0.002,7.5e-05,0.0335,2
pork,"fresh, composite of trimmed leg, loin, shoulder, and spareribs, (includes cuts to be cured), separable lean and fat, raw",Pork Products,211.0,18.22,14.79,0.0,0.0,0.0,0.504,0.3,0.12,4.73,0.255,0.622,11.0,0.89,21.0,0.014,195.0,2.27,0.001,0.00067,0.003,7.5e-05,0.0285,2
pork,"fresh, backfat, raw",Pork Products,812.0,2.92,88.69,0.0,0.0,0.0,0.04,0.1,0.0,0.985,0.051,0.084,2.0,0.18,2.0,0.002,38.0,0.37,0.005,0.0001799999999999,0.001,1.7999999999999997e-05,0.008,4
pork,"fresh, belly, raw",Pork Products,518.0,9.34,53.01,0.0,0.0,0.0,0.13,0.3,0.39,4.647,0.242,0.396,5.0,0.52,4.0,0.006,108.0,1.02,0.003,0.0008399999999999,0.001,5.2e-05,0.008,4
pork,"fresh, separable fat, raw",Pork Products,632.0,9.25,65.7,0.0,0.0,0.0,0.143,0.0,0.42,2.63,0.09,0.16,14.0,0.26,6.0,0.0,84.0,0.6,0.026,0.00067,0.0,6.7e-05,0.009,4
pork,"fresh, separable fat, cooked",Pork Products,626.0,7.06,66.1,0.0,0.0,0.0,0.192,0.0,0.0,3.12,0.2,0.21,22.0,0.46,9.0,0.003,109.0,0.75,0.024,0.00054,0.0,8.999999999999999e-05,0.0115,4
pork,"fresh, leg (ham), whole, separable lean and fat, raw",Pork Products,245.0,17.43,18.87,0.0,0.0,0.0,0.401,0.7,0.0,4.574,0.2,0.736,5.0,0.85,20.0,0.023,199.0,1.93,0.0,0.00063,0.007,6.500000000000001e-05,0.0294,2
pork,"fresh, leg (ham), whole, separable lean and fat, cooked, roasted",Pork Products,273.0,26.83,17.61,0.0,0.0,0.0,0.402,0.3,0.22,4.574,0.313,0.635,14.0,1.01,22.0,0.032,263.0,2.96,0.003,0.00068,0.01,0.0001,0.0453,2
pork,"fresh, leg (ham), whole, separable lean only, raw",Pork Products,136.0,20.48,5.41,0.0,0.0,0.0,0.5,0.9,0.17,5.338,0.228,0.875,6.0,1.01,25.0,0.029,229.0,2.27,0.002,0.0007099999999999,0.009,7.5e-05,0.0354,2
pork,"fresh, leg (ham), whole, separable lean only, cooked, roasted",Pork Products,211.0,29.41,9.44,0.0,0.0,0.0,0.45,0.4,0.26,4.935,0.349,0.69,7.0,1.12,25.0,0.037,281.0,3.26,0.003,0.0007199999999999,0.012,0.000108,0.0499,2
pork,"fresh, leg (ham), rump half, separable lean and fat, raw",Pork Products,182.0,20.27,10.63,0.0,0.0,0.0,0.506,0.0,0.2,5.623,0.309,0.498,12.0,0.62,20.0,0.009,216.0,1.7,0.005,0.0004,0.0,7.9e-05,0.0197,2
pork,"fresh, leg (ham), rump half, separable lean and fat, cooked, roasted",Pork Products,209.0,27.03,10.32,0.0,0.0,0.0,0.501,0.0,0.27,7.444,0.379,0.489,16.0,0.9,25.0,0.016,255.0,2.31,0.003,0.00067,0.0,0.000112,0.025,2
pork,"fresh, leg (ham), rump half, separable lean only, raw",Pork Products,120.0,21.81,2.93,0.0,0.0,0.0,0.557,0.0,0.16,6.042,0.34,0.545,12.0,0.67,22.0,0.01,235.0,1.85,0.002,0.0003599999999999,0.0,8e-05,0.0212,2
pork,"fresh, leg (ham), rump half, separable lean only, cooked, roasted",Pork Products,165.0,28.86,4.62,0.0,0.0,0.0,0.538,0.0,0.26,7.94,0.408,0.523,16.0,0.97,27.0,0.018,273.0,2.48,0.001,0.00067,0.0,0.000116,0.0266,2
pork,"fresh, leg (ham), shank half, separable lean and fat, raw",Pork Products,193.0,19.87,11.96,0.0,0.0,0.0,0.475,0.0,0.31,5.75,0.307,0.47,12.0,0.69,19.0,0.022,204.0,2.02,0.006,0.00054,0.0,0.000131,0.0195,2
pork,"fresh, leg (ham), shank half, separable lean and fat, cooked, roasted",Pork Products,232.0,25.96,13.42,0.0,0.0,0.0,0.442,0.0,0.23,7.457,0.352,0.411,15.0,0.87,22.0,0.017,242.0,2.42,0.004,0.0005,0.0,0.0001189999999999,0.0264,2
pork,"fresh, leg (ham), shank half, separable lean only, raw",Pork Products,119.0,21.66,2.95,0.0,0.0,0.0,0.531,0.0,0.29,6.273,0.343,0.522,12.0,0.77,21.0,0.026,224.0,2.25,0.003,0.00051,0.0,0.0001419999999999,0.0213,2
pork,"fresh, leg (ham), shank half, separable lean only, cooked, roasted",Pork Products,175.0,28.69,5.83,0.0,0.0,0.0,0.478,0.0,0.26,8.082,0.373,0.44,14.0,0.92,24.0,0.019,261.0,2.67,0.001,0.0005,0.0,0.000123,0.0286,2
pork,"fresh, loin, whole, separable lean and fat, raw",Pork Products,198.0,19.74,12.58,0.0,0.0,0.0,0.472,0.6,0.21,4.58,0.248,0.901,18.0,0.79,21.0,0.011,197.0,1.74,0.002,0.00053,0.001,5.6e-05,0.0332,2
pork,"fresh, loin, whole, separable lean and fat, cooked, braised",Pork Products,239.0,27.23,13.62,0.0,0.0,0.0,0.366,0.6,0.24,4.419,0.254,0.632,21.0,1.07,19.0,0.012,181.0,2.38,0.002,0.00054,0.003,7.7e-05,0.0453,2
pork,"fresh, loin, whole, separable lean and fat, cooked, broiled",Pork Products,242.0,27.32,13.92,0.0,0.0,0.0,0.464,0.6,0.29,5.037,0.321,0.877,19.0,0.87,28.0,0.009,246.0,2.39,0.002,0.0007,0.005,7.3e-05,0.0453,2
pork,"fresh, loin, whole, separable lean and fat, cooked, roasted",Pork Products,248.0,27.09,14.65,0.0,0.0,0.0,0.516,0.6,0.19,5.572,0.313,0.988,19.0,0.99,26.0,0.011,242.0,2.32,0.003,0.0007099999999999,0.006,5.6e-05,0.0334,2
pork,"fresh, loin, whole, separable lean only, raw",Pork Products,143.0,21.43,5.66,0.0,0.0,0.0,0.527,0.6,0.18,4.915,0.267,0.989,17.0,0.84,23.0,0.012,211.0,1.84,0.002,0.00063,0.005,6.2e-05,0.0361,2
pork,"fresh, loin, whole, separable lean only, cooked, braised",Pork Products,204.0,28.57,9.12,0.0,0.0,0.0,0.387,0.6,0.21,4.588,0.267,0.659,18.0,1.13,20.0,0.013,183.0,2.48,0.002,0.00055,0.004,7.9e-05,0.0482,2
pork,"fresh, loin, whole, separable lean only, cooked, broiled",Pork Products,210.0,28.57,9.8,0.0,0.0,0.0,0.492,0.7,0.27,5.243,0.338,0.923,17.0,0.91,29.0,0.009,253.0,2.48,0.002,0.0007199999999999,0.006,7.5e-05,0.0482,2
pork,"fresh, loin, whole, separable lean only, cooked, roasted",Pork Products,209.0,28.62,9.63,0.0,0.0,0.0,0.552,0.6,0.2,5.893,0.329,1.017,18.0,1.09,28.0,0.016,249.0,2.53,0.002,0.00073,0.001,5.9e-05,0.0351,2
pork,"fresh, loin, blade (chops or roasts), bone-in, separable lean and fat, raw",Pork Products,194.0,19.56,12.27,0.0,0.0,0.0,0.427,0.0,0.21,6.704,0.314,0.499,35.0,0.66,17.0,0.008,207.0,2.56,0.006,0.00055,0.0,8.2e-05,0.0294,2
pork,"fresh, loin, blade (chops), bone-in, separable lean and fat, cooked, braised",Pork Products,255.0,26.54,15.71,0.0,0.0,0.0,0.488,0.0,0.2,7.381,0.316,0.486,51.0,0.81,19.0,0.011,213.0,3.11,0.004,0.00062,0.0,9.8e-05,0.0418,2
pork,"fresh, loin, blade (chops), bone-in, separable lean and fat, cooked, broiled",Pork Products,231.0,23.72,14.35,0.0,0.0,0.0,0.489,0.0,0.21,7.927,0.313,0.49,56.0,0.87,20.0,0.01,241.0,3.15,0.004,0.00066,0.0,0.0001049999999999,0.0364,2
pork,"fresh, loin, blade (roasts), bone-in, separable lean and fat, cooked, roasted",Pork Products,254.0,24.29,16.71,0.0,0.0,0.0,0.436,0.0,0.22,6.705,0.379,0.482,31.0,0.81,19.0,0.016,194.0,3.21,0.004,0.00079,0.0,9.4e-05,0.0387,2
pork,"fresh, loin, blade (chops or roasts), bone-in, separable lean only, raw",Pork Products,143.0,21.22,5.84,0.0,0.0,0.0,0.466,0.0,0.18,7.113,0.338,0.54,30.0,0.71,18.0,0.009,226.0,2.74,0.003,0.00053,0.0,8.1e-05,0.0316,2
pork,"fresh, loin, blade (chops), bone-in, separable lean only, cooked, braised",Pork Products,222.0,28.02,11.29,0.0,0.0,0.0,0.515,0.0,0.21,7.604,0.332,0.507,49.0,0.85,20.0,0.012,224.0,3.28,0.002,0.00061,0.0,9.7e-05,0.0443,2
pork,"fresh, loin, blade (chops), bone-in, separable lean only, cooked, broiled",Pork Products,193.0,24.99,9.56,0.0,0.0,0.0,0.517,0.0,0.23,8.218,0.329,0.513,55.0,0.91,21.0,0.011,255.0,3.34,0.002,0.00066,0.0,0.0001049999999999,0.0385,2
pork,"fresh, loin, blade (roasts), bone-in, separable lean only, cooked, roasted",Pork Products,217.0,25.7,11.89,0.0,0.0,0.0,0.46,0.0,0.24,6.882,0.403,0.505,27.0,0.85,19.0,0.018,203.0,3.41,0.001,0.0008,0.0,9.3e-05,0.0412,2
pork,"fresh, loin, center loin (chops), bone-in, separable lean and fat, raw",Pork Products,170.0,20.71,9.03,0.0,0.0,0.0,0.697,0.0,0.12,6.619,0.189,0.485,19.0,0.63,25.0,0.007,209.0,1.77,0.002,0.00053,0.0,6.3e-05,0.0338,2
pork,"fresh, loin, center loin (chops), bone-in, separable lean and fat, cooked, braised",Pork Products,242.0,28.21,13.51,0.0,0.0,0.0,0.519,0.0,0.19,7.868,0.336,0.518,55.0,0.86,20.0,0.012,225.0,3.28,0.004,0.00066,0.0,0.000104,0.0441,2
pork,"fresh, loin, center loin (chops), bone-in, separable lean and fat, cooked, broiled",Pork Products,209.0,25.61,11.06,0.0,0.0,0.0,0.669,0.0,0.11,8.147,0.234,0.599,24.0,0.79,25.0,0.009,220.0,2.14,0.002,0.0005899999999999,0.0,7.8e-05,0.0436,2
pork,"fresh, loin, center loin (roasts), bone-in, separable lean and fat, cooked, roasted",Pork Products,231.0,27.01,12.8,0.0,0.0,0.0,0.485,0.0,0.21,7.42,0.422,0.536,33.0,0.89,20.0,0.018,213.0,3.53,0.004,0.00087,0.0,0.000103,0.0426,2
pork,"fresh, loin, center loin (chops), bone-in, separable lean only, raw",Pork Products,127.0,21.99,3.71,0.0,0.0,0.0,0.742,0.0,0.13,6.934,0.198,0.51,18.0,0.65,26.0,0.008,220.0,1.86,0.0,0.0005,0.0,6.6e-05,0.036,2
pork,"fresh, loin, center loin (chops), bone-in, separable lean only, cooked, braised",Pork Products,200.0,30.2,7.86,0.0,0.0,0.0,0.555,0.0,0.21,8.197,0.358,0.547,53.0,0.91,21.0,0.013,239.0,3.51,0.002,0.00066,0.0,0.000103,0.0474,2
pork,"fresh, loin, center loin (chops), bone-in, separable lean only, cooked, broiled",Pork Products,180.0,26.76,7.29,0.0,0.0,0.0,0.701,0.0,0.1,8.485,0.243,0.624,23.0,0.8,26.0,0.009,228.0,2.22,0.0,0.00054,0.0,8.1e-05,0.0457,2
pork,"fresh, loin, center loin (roasts), bone-in, separable lean only, cooked, roasted",Pork Products,194.0,28.58,7.95,0.0,0.0,0.0,0.512,0.0,0.24,7.655,0.449,0.562,30.0,0.93,21.0,0.02,223.0,3.74,0.002,0.00088,0.0,0.000102,0.0452,2
pork,"fresh, loin, center rib (chops or roasts), bone-in, separable lean and fat, raw",Pork Products,186.0,20.28,11.04,0.0,0.0,0.0,0.682,0.0,0.12,6.331,0.177,0.456,25.0,0.59,23.0,0.008,203.0,1.85,0.002,0.00054,0.0,6.500000000000001e-05,0.0355,2
pork,"fresh, loin, center rib (chops), bone-in, separable lean and fat, cooked, braised",Pork Products,261.0,26.66,16.28,0.0,0.0,0.0,0.491,0.0,0.19,7.505,0.318,0.492,53.0,0.81,19.0,0.011,213.0,3.1,0.005,0.00064,0.0,0.000101,0.0415,2
pork,"fresh, loin, center rib (chops), bone-in, separable lean and fat, cooked, broiled",Pork Products,222.0,24.42,13.04,0.0,0.0,0.0,0.637,0.0,0.11,7.478,0.21,0.541,28.0,0.68,24.0,0.006,209.0,2.15,0.002,0.00058,0.0,8.400000000000001e-05,0.0428,2
pork,"fresh, loin, center rib (roasts), bone-in, separable lean and fat, cooked, roasted",Pork Products,248.0,26.99,14.68,0.0,0.0,0.0,0.485,0.0,0.21,9.49,0.295,0.522,19.0,0.96,21.0,0.007,230.0,2.91,0.005,0.00087,0.0,8.5e-05,0.0402,2
pork,"fresh, loin, center rib (chops or roasts), bone-in, separable lean only, raw",Pork Products,136.0,21.79,4.8,0.0,0.0,0.0,0.735,0.0,0.13,6.685,0.186,0.484,24.0,0.61,25.0,0.009,216.0,1.97,0.0,0.0005,0.0,6.8e-05,0.0382999999999999,2
pork,"fresh, loin, center rib (chops), bone-in, separable lean only, cooked, braised",Pork Products,208.0,29.03,9.32,0.0,0.0,0.0,0.533,0.0,0.22,7.88,0.344,0.526,51.0,0.87,20.0,0.012,229.0,3.37,0.002,0.00063,0.0,9.9e-05,0.0453999999999999,2
pork,"fresh, loin, center rib (chops), bone-in, separable lean only, cooked, broiled",Pork Products,186.0,25.79,8.36,0.0,0.0,0.0,0.675,0.0,0.1,7.855,0.219,0.569,26.0,0.68,25.0,0.007,218.0,2.25,0.0,0.00052,0.0,8.8e-05,0.0453999999999999,2
pork,"fresh, loin, center rib (roasts), bone-in, separable lean only, cooked, roasted",Pork Products,206.0,28.82,9.21,0.0,0.0,0.0,0.516,0.0,0.23,10.003,0.312,0.552,13.0,1.02,22.0,0.007,244.0,3.09,0.003,0.00089,0.0,8.2e-05,0.0431,2
pork,"fresh, loin, sirloin (chops or roasts), bone-in, separable lean and fat, raw",Pork Products,168.0,20.48,8.96,0.0,0.0,0.0,0.756,0.0,0.22,6.093,0.277,0.492,14.0,0.82,23.0,0.012,209.0,1.95,0.002,0.00056,0.0,8.8e-05,0.0292,2
pork,"fresh, loin, sirloin (chops), bone-in, separable lean and fat, cooked, braised",Pork Products,234.0,28.81,12.31,0.0,0.0,0.0,0.507,0.0,0.22,7.537,0.264,0.633,12.0,0.71,24.0,0.013,285.0,1.97,0.004,0.00063,0.0,8.5e-05,0.0441,2
pork,"fresh, loin, sirloin (chops), bone-in, separable lean and fat, cooked, broiled",Pork Products,222.0,26.96,11.82,0.0,0.0,0.0,0.562,0.0,0.24,8.414,0.278,0.695,60.0,1.01,23.0,0.012,280.0,3.6,0.005,0.00075,0.0,0.0001199999999999,0.0418,2
pork,"fresh, loin, sirloin (roasts), bone-in, separable lean and fat, cooked, roasted",Pork Products,230.0,26.64,12.87,0.0,0.0,0.0,0.75,0.0,0.11,7.865,0.36,0.639,15.0,0.94,25.0,0.009,228.0,2.52,0.002,0.00064,0.0,0.000116,0.0444,2
pork,"fresh, loin, sirloin (chops or roasts), bone-in, separable lean only, raw",Pork Products,129.0,21.65,4.02,0.0,0.0,0.0,0.803,0.0,0.24,6.344,0.292,0.517,12.0,0.85,25.0,0.013,219.0,2.05,0.0,0.00053,0.0,9.2e-05,0.0308999999999999,2
pork,"fresh, loin, sirloin (chops), bone-in, separable lean only, cooked, braised",Pork Products,195.0,31.0,6.9,0.0,0.0,0.0,0.538,0.0,0.25,7.982,0.271,0.676,11.0,0.73,26.0,0.014,303.0,2.09,0.002,0.00064,0.0,8.5e-05,0.0474,2
pork,"fresh, loin, sirloin (chops), bone-in, separable lean only, cooked, broiled",Pork Products,174.0,29.29,5.45,0.0,0.0,0.0,0.606,0.0,0.27,9.035,0.287,0.752,65.0,1.07,25.0,0.013,300.0,3.94,0.002,0.00077,0.0,0.000123,0.0453,2
pork,"fresh, loin, sirloin (roasts), bone-in, separable lean only, cooked, roasted",Pork Products,204.0,27.78,9.44,0.0,0.0,0.0,0.785,0.0,0.1,8.165,0.376,0.665,13.0,0.96,26.0,0.01,235.0,2.62,0.0,0.00061,0.0,0.000121,0.0464,2
pork,"fresh, loin, tenderloin, separable lean only, raw",Pork Products,109.0,20.95,2.17,0.0,0.0,0.0,0.777,0.0,0.22,6.684,0.342,0.998,5.0,0.98,27.0,0.015,247.0,1.89,0.0,0.00051,0.0,8.999999999999999e-05,0.0308,2
pork,"fresh, loin, tenderloin, separable lean only, cooked, roasted",Pork Products,143.0,26.17,3.51,0.0,0.0,0.0,0.739,0.0,0.08,7.432,0.387,0.95,6.0,1.15,29.0,0.013,267.0,2.42,0.0,0.00057,0.0,0.000111,0.0382,2
pork,"fresh, loin, top loin (chops), boneless, separable lean and fat, raw",Pork Products,155.0,21.55,6.94,0.0,0.0,0.0,0.726,0.0,0.13,7.988,0.185,0.667,7.0,0.5,26.0,0.007,226.0,1.55,0.001,0.00053,0.0,5.6e-05,0.0331,2
pork,"fresh, loin, top loin (chops), boneless, separable lean and fat, cooked, braised",Pork Products,200.0,29.2,8.31,0.0,0.0,0.0,0.537,0.0,0.24,9.905,0.238,0.526,12.0,0.88,23.0,0.01,221.0,2.29,0.003,0.00067,0.0,8.9e-05,0.0402999999999999,2
pork,"fresh, loin, top loin (chops), boneless, separable lean and fat, cooked, broiled",Pork Products,196.0,26.62,9.14,0.0,0.0,0.0,0.696,0.0,0.11,8.242,0.19,0.636,7.0,0.63,26.0,0.007,230.0,2.09,0.001,0.0005899999999999,0.0,8.1e-05,0.0436,2
pork,"fresh, loin, top loin (roasts), boneless, separable lean and fat, cooked, roasted",Pork Products,192.0,26.45,8.82,0.0,0.0,0.0,0.692,0.0,0.11,7.104,0.232,0.547,7.0,0.64,25.0,0.007,223.0,2.11,0.001,0.00058,0.0,7.7e-05,0.0349,2
pork,"fresh, loin, top loin (chops), boneless, separable lean only, raw",Pork Products,127.0,22.41,3.42,0.0,0.0,0.0,0.756,0.0,0.13,8.265,0.19,0.693,5.0,0.51,27.0,0.008,234.0,1.59,0.0,0.00051,0.0,5.7e-05,0.0345,2
pork,"fresh, loin, top loin (chops), boneless, separable lean only, cooked, braised",Pork Products,170.0,30.54,4.34,0.0,0.0,0.0,0.561,0.0,0.25,10.263,0.245,0.545,8.0,0.91,23.0,0.01,230.0,2.37,0.002,0.00066,0.0,8.7e-05,0.0421,2
pork,"fresh, loin, top loin (chops), boneless, separable lean only, cooked, broiled",Pork Products,173.0,27.58,6.08,0.0,0.0,0.0,0.722,0.0,0.1,8.512,0.195,0.658,5.0,0.63,27.0,0.007,237.0,2.15,0.0,0.00056,0.0,8.3e-05,0.0453,2
pork,"fresh, loin, top loin (roasts), boneless, separable lean only, cooked, roasted",Pork Products,173.0,27.23,6.28,0.0,0.0,0.0,0.713,0.0,0.1,7.277,0.237,0.561,6.0,0.64,26.0,0.007,227.0,2.16,0.0,0.00055,0.0,7.9e-05,0.0358,2
pork,"fresh, shoulder, whole, separable lean and fat, raw",Pork Products,236.0,17.18,17.99,0.0,0.0,0.0,0.348,0.7,0.19,3.833,0.275,0.767,15.0,1.05,18.0,0.011,182.0,2.7,0.002,0.00074,0.005,8.400000000000001e-05,0.0255,2
pork,"fresh, shoulder, whole, separable lean and fat, cooked, roasted",Pork Products,292.0,23.28,21.39,0.0,0.0,0.0,0.288,0.5,0.19,3.991,0.329,0.581,24.0,1.32,18.0,0.022,212.0,3.71,0.002,0.0008,0.005,0.000113,0.0334,2
pork,"fresh, shoulder, whole, separable lean only, raw",Pork Products,148.0,19.55,7.14,0.0,0.0,0.0,0.415,0.8,0.0,4.275,0.314,0.884,14.0,1.22,21.0,0.012,202.0,3.14,0.002,0.0008399999999999,0.005,9.7e-05,0.0295,2
pork,"fresh, shoulder, whole, separable lean only, cooked, roasted",Pork Products,230.0,25.33,13.54,0.0,0.0,0.0,0.317,0.6,0.25,4.26,0.37,0.628,18.0,1.5,20.0,0.026,221.0,4.16,0.002,0.00086,0.005,0.000124,0.0373999999999999,2
pork,"fresh, shoulder, arm picnic, separable lean and fat, raw",Pork Products,193.0,18.71,12.51,0.0,0.0,0.0,0.44,0.0,0.21,4.518,0.246,0.585,12.0,0.57,18.0,0.01,200.0,2.15,0.005,0.00057,0.0,7.199999999999999e-05,0.0219,2
pork,"fresh, shoulder, arm picnic, separable lean and fat, cooked, braised",Pork Products,235.0,24.88,14.33,0.0,0.0,0.0,0.346,0.0,0.26,5.308,0.322,0.439,16.0,0.92,22.0,0.022,240.0,3.1,0.004,0.00074,0.005,0.000107,0.0294,2
pork,"fresh, shoulder, arm picnic, separable lean and fat, cooked, roasted",Pork Products,317.0,23.47,24.01,0.0,0.0,0.0,0.348,0.2,0.0,3.918,0.302,0.522,19.0,1.18,17.0,0.033,228.0,3.45,0.002,0.0007099999999999,0.004,0.000111,0.0336,2
pork,"fresh, shoulder, arm picnic, separable lean only, raw",Pork Products,120.0,20.26,3.77,0.0,0.0,0.0,0.489,0.0,0.17,4.828,0.272,0.655,11.0,0.62,20.0,0.011,219.0,2.41,0.002,0.00055,0.0,7.3e-05,0.024,2
pork,"fresh, shoulder, arm picnic, separable lean only, cooked, braised",Pork Products,194.0,26.76,8.87,0.0,0.0,0.0,0.362,0.0,0.29,5.538,0.335,0.463,16.0,0.97,23.0,0.023,254.0,3.35,0.002,0.00076,0.005,0.0001089999999999,0.0312,2
pork,"fresh, shoulder, arm picnic, separable lean only, cooked, roasted",Pork Products,228.0,26.68,12.62,0.0,0.0,0.0,0.41,0.3,0.0,4.314,0.357,0.578,9.0,1.42,20.0,0.041,247.0,4.07,0.0,0.00078,0.005,0.000128,0.0385,2
pork,"fresh, shoulder, (Boston butt), blade (steaks), separable lean and fat, raw",Pork Products,186.0,17.42,12.36,0.0,0.0,0.0,0.486,0.0,0.22,4.239,0.353,0.52,16.0,1.12,20.0,0.011,190.0,3.09,0.002,0.00091,0.0,9.6e-05,0.0261999999999999,2
pork,"fresh, shoulder, (Boston butt), blade (steaks), separable lean and fat, cooked, braised",Pork Products,267.0,25.07,17.69,0.0,0.0,0.0,0.448,0.0,0.12,3.872,0.365,0.501,26.0,1.75,23.0,0.012,208.0,4.84,0.002,0.00093,0.0,0.000129,0.0424,2
pork,"fresh, shoulder, blade, boston (steaks), separable lean and fat, cooked, broiled",Pork Products,259.0,25.58,16.61,0.0,0.0,0.0,0.277,0.3,0.29,4.07,0.397,0.695,36.0,1.4,21.0,0.003,210.0,4.51,0.003,0.00106,0.004,5.8e-05,0.0363,2
pork,"fresh, shoulder, blade, boston (roasts), separable lean and fat, cooked, roasted",Pork Products,269.0,23.11,18.86,0.0,0.0,0.0,0.23,0.7,0.19,4.061,0.355,0.638,28.0,1.45,18.0,0.012,197.0,3.96,0.002,0.00088,0.005,0.000114,0.0343,2
pork,"fresh, shoulder, (Boston butt), blade (steaks), separable lean only, raw",Pork Products,132.0,18.73,5.71,0.0,0.0,0.0,0.521,0.0,0.24,4.387,0.384,0.558,14.0,1.2,22.0,0.013,202.0,3.36,0.0,0.00091,0.0,0.000102,0.0282,2
pork,"fresh, shoulder, (Boston butt), blade (steaks), separable lean only, cooked, braised",Pork Products,233.0,26.57,13.2,0.0,0.0,0.0,0.47,0.0,0.11,3.935,0.388,0.526,25.0,1.85,24.0,0.013,217.0,5.2,0.0,0.0009,0.0,0.000137,0.045,2
pork,"fresh, shoulder, blade, boston (steaks), separable lean only, cooked, broiled",Pork Products,227.0,26.74,12.54,0.0,0.0,0.0,0.31,0.3,0.27,4.3,0.44,0.75,33.0,1.56,24.0,0.009,220.0,5.02,0.002,0.00113,0.005,5.9e-05,0.0392999999999999,2
pork,"fresh, shoulder, blade, boston (roasts), separable lean only, cooked, roasted",Pork Products,232.0,24.21,14.3,0.0,0.0,0.0,0.437,1.0,0.24,4.96,0.4,1.116,27.0,1.56,26.0,0.015,235.0,4.23,0.003,0.00116,0.008,0.000121,0.0361,2
pork,"fresh, spareribs, separable lean and fat, raw",Pork Products,277.0,15.47,23.4,0.0,0.0,0.0,0.574,0.0,0.37,4.662,0.251,0.319,15.0,0.91,16.0,0.01,141.0,2.5,0.0,0.00038,0.0,8e-05,0.022,2
pork,"fresh, spareribs, separable lean and fat, cooked, braised",Pork Products,397.0,29.06,30.3,0.0,0.0,0.0,0.35,0.0,0.34,5.475,0.382,0.408,47.0,1.85,24.0,0.014,261.0,4.6,0.003,0.00108,0.004,0.0001419999999999,0.0373999999999999,2
pork,"fresh, composite of trimmed retail cuts (leg, loin, and shoulder), separable lean only, cooked",Pork Products,201.0,27.51,9.21,0.0,0.0,0.0,0.577,0.2,0.11,6.503,0.311,0.672,18.0,1.0,25.0,0.012,231.0,2.9,0.001,0.00068,0.003,7.8e-05,0.0442,2
pork,"fresh, loin, center loin (chops), boneless, separable lean only, raw",Pork Products,123.0,23.75,3.09,0.0,0.0,0.0,0.363,0.0,0.18,8.21,0.203,0.69,6.0,0.48,26.0,0.0,221.0,1.42,0.001,0.00041,0.0,4.8e-05,0.0469,2
pork,"fresh, variety meats and by-products, brain, raw",Pork Products,127.0,10.28,9.21,0.0,0.0,0.0,0.19,13.5,0.0,4.275,0.275,0.155,10.0,1.6,14.0,0.094,282.0,1.27,0.0,0.00219,0.006,0.0002399999999999,0.0159,0
pork,"fresh, variety meats and by-products, brain, cooked, braised",Pork Products,138.0,12.14,9.51,0.0,0.0,0.0,0.14,14.0,0.0,3.33,0.223,0.078,9.0,1.82,12.0,0.085,220.0,1.48,0.0,0.0014199999999999,0.004,0.000263,0.0185,2
pork,"fresh, variety meats and by-products, chitterlings, raw",Pork Products,182.0,7.64,16.61,0.0,0.0,0.0,0.014,1.1,0.18,0.215,0.091,0.02,16.0,1.02,6.0,0.051,48.0,1.02,0.0,0.00082,0.003,7.6e-05,0.0150999999999999,0
pork,"fresh, variety meats and by-products, chitterlings, cooked, simmered",Pork Products,233.0,12.49,20.32,0.0,0.0,0.0,0.0,0.0,0.23,0.087,0.046,0.014,25.0,1.47,9.0,0.089,66.0,1.85,0.0,0.0004199999999999,0.001,4.6e-05,0.027,2
pork,"fresh, variety meats and by-products, ears, frozen, raw",Pork Products,234.0,22.45,15.1,0.6,0.0,0.0,0.02,0.0,0.0,0.78,0.11,0.08,21.0,2.4,7.0,0.012,41.0,0.19,0.0,7.000000000000001e-05,0.0,6e-06,0.0043,2
pork,"fresh, variety meats and by-products, ears, frozen, cooked, simmered",Pork Products,166.0,15.95,10.8,0.2,0.0,0.0,0.01,0.0,0.0,0.56,0.07,0.02,18.0,1.5,7.0,0.01,24.0,0.2,0.0,4e-05,0.0,6e-06,0.0044,2
pork,"fresh, variety meats and by-products, feet, raw",Pork Products,212.0,23.16,12.59,0.0,0.0,0.0,0.053,0.0,0.02,1.13,0.106,0.026,70.0,0.58,6.0,0.0,75.0,0.76,0.0,0.00052,0.01,7.000000000000001e-05,0.0233,2
pork,"fresh, variety meats and by-products, heart, raw",Pork Products,118.0,17.27,4.36,1.33,0.0,0.0,0.39,5.3,0.63,6.765,1.185,0.613,5.0,4.68,19.0,0.063,169.0,2.8,0.008,0.00379,0.004,0.000408,0.0104,2
pork,"fresh, variety meats and by-products, heart, cooked, braised",Pork Products,148.0,23.6,5.05,0.4,0.0,0.0,0.39,2.0,0.0,6.05,1.702,0.555,7.0,5.83,24.0,0.073,178.0,3.09,0.007,0.00379,0.004,0.000508,0.0183,2
pork,"fresh, variety meats and by-products, jowl, raw",Pork Products,655.0,6.38,69.61,0.0,0.0,0.0,0.09,0.0,0.29,4.535,0.236,0.386,4.0,0.42,3.0,0.005,86.0,0.84,0.003,0.00082,0.001,4e-05,0.0015,4
pork,"fresh, variety meats and by-products, kidneys, raw",Pork Products,100.0,16.46,3.25,0.0,0.0,0.0,0.44,13.3,0.0,8.207,1.697,0.34,9.0,4.89,17.0,0.123,204.0,2.75,0.059,0.00849,0.042,0.000622,0.19,2
pork,"fresh, variety meats and by-products, kidneys, cooked, braised",Pork Products,151.0,25.4,4.7,0.0,0.0,0.0,0.46,10.6,0.0,5.785,1.586,0.396,13.0,5.29,18.0,0.149,240.0,4.15,0.078,0.00779,0.041,0.000683,0.3115,2
pork,"fresh, variety meats and by-products, leaf fat, raw",Pork Products,857.0,1.76,94.16,0.0,0.0,0.0,0.03,0.0,0.0,1.249,0.065,0.106,1.0,0.09,1.0,0.001,19.0,0.18,0.0,0.00023,0.0,8.999999999999999e-06,0.008,4
pork,"fresh, variety meats and by-products, liver, raw",Pork Products,134.0,21.39,3.65,2.47,0.0,0.0,0.69,25.3,0.0,15.301,3.005,0.283,9.0,23.3,18.0,0.344,288.0,5.76,6.502,0.026,0.212,0.000677,0.0527,2
pork,"fresh, variety meats and by-products, liver, cooked, braised",Pork Products,165.0,26.02,4.4,3.76,0.0,0.0,0.57,23.6,0.0,8.435,2.196,0.258,10.0,17.92,14.0,0.3,241.0,6.72,5.405,0.01867,0.163,0.000634,0.0675,2
pork,"fresh, variety meats and by-products, lungs, raw",Pork Products,85.0,14.08,2.72,0.0,0.0,0.0,0.1,12.3,0.0,3.345,0.43,0.085,7.0,18.9,14.0,0.017,196.0,2.03,0.0,0.00275,0.003,8.3e-05,0.0178,2
pork,"fresh, variety meats and by-products, lungs, cooked, braised",Pork Products,99.0,16.6,3.1,0.0,0.0,0.0,0.08,7.9,0.0,1.364,0.322,0.079,8.0,16.41,12.0,0.015,186.0,2.45,0.0,0.0020299999999999,0.002,8e-05,0.0233999999999999,2
pork,"fresh, variety meats and by-products, mechanically separated, raw",Pork Products,304.0,15.03,26.54,0.0,0.0,0.0,0.37,0.7,0.0,3.171,0.201,0.697,315.0,4.25,16.0,0.011,200.0,2.44,0.003,0.00058,0.003,8.2e-05,0.0329,2
pork,"fresh, variety meats and by-products, pancreas, raw",Pork Products,199.0,18.56,13.24,0.0,0.0,0.0,0.46,15.3,0.0,3.45,0.46,0.105,11.0,2.13,17.0,0.157,234.0,2.62,0.0,0.0163999999999999,0.003,8.999999999999999e-05,0.0407999999999999,2
pork,"fresh, variety meats and by-products, pancreas, cooked, braised",Pork Products,219.0,28.5,10.8,0.0,0.0,0.0,0.44,5.7,0.0,3.206,0.658,0.092,16.0,2.69,23.0,0.198,291.0,4.29,0.0,0.01707,0.005,0.00011,0.0728,2
pork,"fresh, variety meats and by-products, spleen, raw",Pork Products,100.0,17.86,2.59,0.0,0.0,0.0,0.06,28.5,0.0,5.867,0.3,0.13,10.0,22.32,13.0,0.072,260.0,2.54,0.0,0.00326,0.004,0.000131,0.0327999999999999,2
pork,"fresh, variety meats and by-products, spleen, cooked, braised",Pork Products,149.0,28.2,3.2,0.0,0.0,0.0,0.06,11.6,0.0,5.938,0.258,0.139,13.0,22.23,15.0,0.045,283.0,3.54,0.0,0.00276,0.004,0.000133,0.0496,2
pork,"fresh, variety meats and by-products, stomach, raw",Pork Products,159.0,16.85,10.14,0.0,0.0,0.0,0.034,0.0,0.04,2.48,0.201,0.051,11.0,1.01,11.0,0.038,130.0,1.85,0.0,0.0003,0.003,0.000169,0.0311,2
pork,"fresh, loin, blade (chops), bone-in, separable lean only, cooked, pan-fried",Pork Products,222.0,26.38,12.14,0.0,0.0,0.0,0.501,0.0,0.22,8.628,0.353,0.506,46.0,0.88,21.0,0.012,237.0,3.03,0.003,0.0007199999999999,0.0,0.0001049999999999,0.0387,2
pork,"fresh, variety meats and by-products, tongue, raw",Pork Products,225.0,16.3,17.2,0.0,0.0,0.0,0.24,4.4,0.29,5.3,0.485,0.49,16.0,3.35,18.0,0.011,193.0,3.01,0.0,0.0028399999999999,0.004,7.000000000000001e-05,0.0104,2
pork,"fresh, variety meats and by-products, tongue, cooked, braised",Pork Products,271.0,24.1,18.6,0.0,0.0,0.0,0.23,1.7,0.0,5.34,0.51,0.317,19.0,4.99,20.0,0.01,174.0,4.53,0.0,0.00239,0.004,0.00011,0.0155,2
pork,"cured, bacon, unprepared",Pork Products,417.0,12.62,39.69,1.28,1.0,0.0,0.266,0.0,0.43,4.022,0.081,0.276,5.0,0.41,12.0,0.011,144.0,1.18,0.011,0.0005,0.0,4.2e-05,0.0201,2
pork,"cured, breakfast strips, raw or unheated",Pork Products,388.0,11.74,37.16,0.7,0.0,0.0,0.21,27.2,0.0,3.65,0.18,0.475,8.0,0.94,12.0,0.03,137.0,1.66,0.0,0.00099,0.003,6.3e-05,0.025,2
pork,"cured, breakfast strips, cooked",Pork Products,459.0,28.95,36.7,1.05,0.0,0.0,0.34,0.0,0.25,7.592,0.368,0.737,14.0,1.97,26.0,0.044,265.0,3.68,0.0,0.00177,0.004,0.000153,0.0247,2
canadian bacon,unprepared,Pork Products,111.0,20.24,2.76,1.29,0.9,0.0,0.243,0.0,0.21,7.234,0.14,0.513,6.0,0.43,20.0,0.016,238.0,1.21,0.0,0.0003599999999999,0.004,5.4e-05,0.0373999999999999,2
pork,"cured, canadian-style bacon, grilled",Pork Products,185.0,24.24,8.44,1.35,0.0,0.0,0.45,0.0,0.34,6.915,0.197,0.824,10.0,0.82,21.0,0.027,296.0,1.7,0.0,0.00078,0.004,5.4e-05,0.0247,2
pork,"cured, feet, pickled",Pork Products,140.0,11.63,10.02,0.01,0.0,0.0,0.007,0.0,0.21,0.22,0.015,0.006,32.0,0.31,11.0,0.022,87.0,0.2,0.011,0.0002099999999999,0.001,3.7e-05,0.0158,2
pork,"cured, ham, boneless, extra lean (approximately 5% fat), roasted",Pork Products,145.0,20.93,5.53,1.5,0.0,0.0,0.4,0.0,0.25,4.023,0.202,0.754,8.0,1.48,14.0,0.054,196.0,2.88,0.0,0.00065,0.003,7.9e-05,0.0195,2
pork,"cured, ham, boneless, regular (approximately 11% fat), roasted",Pork Products,178.0,22.62,9.02,0.0,0.0,0.0,0.31,0.0,0.31,6.15,0.33,0.73,8.0,1.34,22.0,0.041,281.0,2.47,0.0,0.0007,0.003,0.000145,0.0198,2
pork,"cured, ham, extra lean (approximately 4% fat), canned, unheated",Pork Products,120.0,18.49,4.56,0.0,0.0,0.0,0.45,0.0,0.17,5.302,0.23,0.836,6.0,0.94,17.0,0.025,224.0,1.93,0.0,0.00082,0.006,8.400000000000001e-05,0.0145,2
pork,"cured, ham, extra lean (approximately 4% fat), canned, roasted",Pork Products,136.0,21.16,4.88,0.52,0.0,0.0,0.45,0.0,0.0,4.892,0.247,1.035,6.0,0.92,21.0,0.024,209.0,2.23,0.0,0.0007099999999999,0.005,5e-05,0.0174,2
pork,"cured, ham, regular (approximately 13% fat), canned, roasted",Pork Products,226.0,20.53,15.2,0.42,0.0,0.0,0.3,14.0,0.0,5.3,0.26,0.82,8.0,1.37,17.0,0.029,243.0,2.5,0.0,0.00106,0.005,0.00013,0.0359,2
pork,"cured, ham, center slice, country-style, separable lean only, raw",Pork Products,195.0,27.8,8.32,0.3,0.0,0.0,0.42,0.0,0.28,3.881,0.242,0.567,10.0,1.11,25.0,0.048,318.0,2.81,0.0,0.00088,0.005,0.000108,0.0258,2
pork,"cured, ham, center slice, separable lean and fat, unheated",Pork Products,203.0,20.17,12.9,0.05,0.0,0.0,0.47,0.0,0.0,4.809,0.205,0.845,7.0,0.75,16.0,0.031,215.0,1.88,0.0,0.0008,0.004,7.4e-05,0.0226,2
pork,"cured, ham, patties, unheated",Pork Products,315.0,12.78,28.19,1.69,0.0,0.0,0.16,0.0,0.0,3.014,0.154,0.46,8.0,1.05,10.0,0.023,149.0,1.57,0.0,0.00108,0.003,7.000000000000001e-05,0.0158,2
pork,"cured, ham, steak, boneless, extra lean, unheated",Pork Products,122.0,19.56,4.25,0.0,0.0,0.0,0.37,32.3,0.0,5.08,0.2,0.8,4.0,1.0,19.0,0.037,260.0,2.02,0.0,0.00079,0.004,8e-05,0.0155,2
pork,"cured, ham, whole, separable lean and fat, unheated",Pork Products,246.0,18.49,18.52,0.06,0.0,0.0,0.41,34.9,0.27,4.463,0.189,0.777,7.0,0.71,15.0,0.028,201.0,1.76,0.0,0.00074,0.001,7.099999999999999e-05,0.0153,2
pork,"cured, ham, whole, separable lean only, unheated",Pork Products,147.0,22.32,5.71,0.05,0.0,0.0,0.53,0.0,0.2,5.252,0.226,0.932,7.0,0.81,18.0,0.035,232.0,2.04,0.0,0.00087,0.004,7.9e-05,0.0188,2
pork,"cured, ham, whole, separable lean only, roasted",Pork Products,157.0,25.05,5.5,0.0,0.0,0.0,0.47,0.0,0.26,5.02,0.254,0.68,7.0,0.94,22.0,0.016,227.0,2.57,0.0,0.0007,0.004,8.7e-05,0.0254,2
usda commodity,"pork, canned",Pork Products,196.0,19.4,12.95,0.59,0.0,0.0,0.311,0.0,0.28,5.767,0.18,0.052,5.0,1.05,20.0,0.037,173.0,2.77,0.0,0.00093,0.001,3e-05,0.046,2
pork,"fresh, loin, center loin (chops), boneless, separable lean only, cooked, pan-broiled",Pork Products,162.0,30.02,4.65,0.0,0.0,0.0,0.383,0.0,0.2,9.303,0.24,0.608,6.0,0.64,27.0,0.0,242.0,1.75,0.002,0.00063,0.0,5.9e-05,0.054,2
pork,"fresh, loin, center loin (chops), boneless, separable lean and fat, raw",Pork Products,201.0,21.14,12.96,0.0,0.0,0.0,0.336,0.0,0.16,7.413,0.203,0.615,9.0,0.48,23.0,0.0,203.0,1.31,0.005,0.00043,0.0,5.4e-05,0.0412999999999999,2
pork,"cured, salt pork, raw",Pork Products,748.0,5.05,80.5,0.0,0.0,0.0,0.08,0.0,0.0,1.62,0.061,0.215,6.0,0.44,7.0,0.005,52.0,0.9,0.0,0.00029,0.001,5e-05,0.0058,4
pork,"cured, separable fat (from ham and arm picnic), unheated",Pork Products,579.0,5.68,61.41,0.09,0.0,0.0,0.03,0.0,0.0,1.82,0.068,0.241,5.0,0.39,6.0,0.005,98.0,0.8,0.0,0.00033,0.001,4.4e-05,0.0047,4
pork,"cured, separable fat (from ham and arm picnic), roasted",Pork Products,591.0,7.64,61.86,0.0,0.0,0.0,0.03,0.0,0.0,2.228,0.091,0.287,8.0,0.61,9.0,0.007,160.0,1.31,0.0,0.0004199999999999,0.002,6.900000000000001e-05,0.0116999999999999,4
pork,"cured, shoulder, arm picnic, separable lean and fat, roasted",Pork Products,280.0,20.43,21.35,0.0,0.0,0.0,0.28,0.0,0.24,4.127,0.19,0.612,10.0,0.95,14.0,0.024,221.0,2.51,0.0,0.00093,0.003,0.000113,0.0336,2
pork,"cured, shoulder, arm picnic, separable lean only, roasted",Pork Products,170.0,24.94,7.04,0.0,0.0,0.0,0.37,0.0,0.26,4.798,0.226,0.727,11.0,1.08,16.0,0.03,243.0,2.94,0.0,0.00111,0.004,0.000128,0.0412999999999999,2
pork,"cured, shoulder, blade roll, separable lean and fat, unheated",Pork Products,269.0,16.47,21.98,0.0,0.0,0.0,0.26,0.3,0.0,2.72,0.22,0.54,7.0,0.82,13.0,0.033,199.0,2.35,0.0,0.0013,0.003,8.999999999999999e-05,0.022,2
pork,"cured, shoulder, blade roll, separable lean and fat, roasted",Pork Products,287.0,17.28,23.48,0.37,0.0,0.0,0.21,3.2,0.0,2.377,0.285,0.46,7.0,0.89,13.0,0.023,156.0,2.45,0.0,0.00105,0.003,7.6e-05,0.0286,2
pork,"fresh, variety meats and by-products, feet, cooked, simmered",Pork Products,238.0,21.94,16.05,0.0,0.0,0.0,0.038,0.0,0.09,0.585,0.057,0.016,0.0,0.98,5.0,0.018,82.0,1.05,0.0,0.00041,0.002,6.2e-05,0.023,2
pork,"fresh, variety meats and by-products, tail, raw",Pork Products,378.0,17.75,33.5,0.0,0.0,0.0,0.37,0.0,0.0,2.06,0.11,0.21,18.0,0.99,8.0,0.011,50.0,2.31,0.0,0.00088,0.005,8.400000000000001e-05,0.0027,2
pork,"fresh, variety meats and by-products, tail, cooked, simmered",Pork Products,396.0,17.0,35.8,0.0,0.0,0.0,0.27,0.0,0.0,1.12,0.07,0.07,14.0,0.79,7.0,0.006,47.0,1.64,0.0,0.00055,0.004,6.7e-05,0.0031,2
pork,"fresh, loin, center loin (chops), bone-in, separable lean only, cooked, pan-fried",Pork Products,195.0,29.56,7.66,0.0,0.0,0.0,0.562,0.0,0.22,9.667,0.395,0.567,51.0,0.99,24.0,0.013,268.0,3.42,0.003,0.0008,0.0,0.000118,0.0437,2
pork,"fresh, loin, center rib (chops), bone-in, separable lean only, cooked, pan-fried",Pork Products,211.0,28.84,9.73,0.0,0.0,0.0,0.548,0.0,0.26,9.432,0.385,0.553,45.0,0.88,21.0,0.012,237.0,3.03,0.003,0.00079,0.0,0.0001049999999999,0.0387,2
pork,"fresh, loin, blade (chops), bone-in, separable lean and fat, cooked, pan-fried",Pork Products,256.0,25.02,16.56,0.0,0.0,0.0,0.476,0.0,0.2,8.311,0.335,0.485,48.0,0.84,20.0,0.011,226.0,2.88,0.005,0.0007199999999999,0.0,0.0001049999999999,0.0367,2
pork,"fresh, loin, center loin (chops), bone-in, separable lean and fat, cooked, pan-fried",Pork Products,238.0,27.63,13.32,0.0,0.0,0.0,0.525,0.0,0.2,9.186,0.369,0.536,53.0,0.93,23.0,0.012,251.0,3.2,0.005,0.00079,0.0,0.000118,0.0407999999999999,2
pork,"fresh, loin, center rib (chops), bone-in, separable lean and fat, cooked, pan-fried",Pork Products,256.0,26.81,15.71,0.0,0.0,0.0,0.51,0.0,0.23,8.931,0.358,0.521,48.0,0.83,20.0,0.011,222.0,2.83,0.006,0.00078,0.0,0.000106,0.0361,2
pork,"fresh, loin, top loin (chops), boneless, separable lean only, cooked, pan-fried",Pork Products,172.0,30.46,4.62,0.0,0.0,0.0,0.579,0.0,0.23,10.85,0.233,0.657,8.0,0.84,26.0,0.011,293.0,2.32,0.003,0.00083,0.0,9.4e-05,0.042,2
pork,"cured, ham, boneless, extra lean and regular, unheated",Pork Products,162.0,18.26,8.39,2.28,0.0,0.0,0.38,0.0,0.22,5.09,0.24,0.889,7.0,0.9,18.0,0.032,236.0,2.05,0.0,0.0008,0.003,8.9e-05,0.0163,2
pork,"cured, ham, boneless, extra lean and regular, roasted",Pork Products,165.0,21.97,7.66,0.5,0.0,0.0,0.35,0.0,0.28,5.324,0.28,0.739,8.0,1.4,19.0,0.046,248.0,2.63,0.0,0.00068,0.003,0.0001189999999999,0.0195,2
pork,"cured, ham, extra lean and regular, canned, unheated",Pork Products,144.0,17.97,7.46,0.0,0.0,0.0,0.46,0.0,0.19,4.585,0.23,0.879,6.0,0.9,16.0,0.024,207.0,1.84,0.0,0.0008,0.006,7.8e-05,0.0221,2
pork,"cured, ham, extra lean and regular, canned, roasted",Pork Products,167.0,20.94,8.43,0.49,0.0,0.0,0.4,0.0,0.25,5.032,0.251,0.961,7.0,1.07,20.0,0.026,221.0,2.32,0.0,0.00083,0.005,7.8e-05,0.0266,2
pork,"fresh, loin, top loin (chops), boneless, separable lean and fat, cooked, pan-fried",Pork Products,196.0,29.36,7.86,0.0,0.0,0.0,0.558,0.0,0.22,10.523,0.229,0.635,12.0,0.82,25.0,0.01,283.0,2.26,0.004,0.00082,0.0,9.5e-05,0.0405,2
pork,"fresh, composite of trimmed retail cuts (leg, loin, shoulder, and spareribs), separable lean and fat, raw",Pork Products,216.0,18.95,14.95,0.0,0.0,0.0,0.445,0.5,0.0,4.504,0.254,0.841,19.0,0.86,21.0,0.011,200.0,2.01,0.002,0.00066,0.005,6.4e-05,0.0283999999999999,2
pork,"fresh, composite of trimmed retail cuts (leg, loin, shoulder, and spareribs), separable lean and fat, cooked",Pork Products,238.0,26.36,13.89,0.0,0.0,0.0,0.542,0.1,0.13,6.047,0.29,0.611,20.0,1.11,24.0,0.01,221.0,3.06,0.002,0.0007,0.002,8.999999999999999e-05,0.042,2
pork,"fresh, loin, center loin (chops), boneless, separable lean and fat, cooked, pan-broiled",Pork Products,229.0,26.68,13.6,0.0,0.0,0.0,0.355,0.0,0.17,8.403,0.234,0.55,9.0,0.62,25.0,0.0,222.0,1.6,0.005,0.00061,0.0,6.4e-05,0.0477999999999999,2
pork,"fresh, backribs, separable lean and fat, raw",Pork Products,224.0,19.07,16.33,0.0,0.0,0.0,0.422,0.0,0.24,6.776,0.305,0.457,31.0,0.76,16.0,0.008,154.0,2.54,0.007,0.00056,0.0,9.1e-05,0.0306999999999999,2
pork,"fresh, backribs, separable lean and fat, cooked, roasted",Pork Products,292.0,23.01,21.51,0.0,0.0,0.0,0.413,0.0,0.25,7.636,0.331,0.46,46.0,0.92,17.0,0.01,165.0,3.07,0.006,0.00074,0.0,0.000107,0.0322,2
pork,"fresh, loin, center rib (chops or roasts), boneless, separable lean and fat, raw",Pork Products,211.0,19.9,14.01,0.0,0.0,0.0,0.417,0.3,0.29,4.638,0.247,0.779,5.0,0.71,20.0,0.009,193.0,1.57,0.0,0.0005,0.006,5.4e-05,0.032,2
pork,"fresh, loin, center rib (chops), boneless, separable lean and fat, cooked, braised",Pork Products,255.0,26.29,15.79,0.0,0.0,0.0,0.31,0.3,0.0,4.311,0.242,0.525,5.0,0.92,17.0,0.009,172.0,2.07,0.002,0.00044,0.004,7.099999999999999e-05,0.0334,2
pork,"fresh, loin, center rib (chops), boneless, separable lean and fat, cooked, broiled",Pork Products,260.0,27.63,15.76,0.0,0.0,0.0,0.371,0.3,0.0,4.945,0.3,0.834,28.0,0.77,26.0,0.018,237.0,2.26,0.002,0.00067,0.008,6.8e-05,0.044,2
pork,"fresh, loin, center rib (chops), boneless, separable lean and fat, cooked, pan-fried",Pork Products,273.0,25.82,18.05,0.0,0.0,0.0,0.357,0.0,0.2,4.805,0.313,0.708,11.0,0.73,24.0,0.007,228.0,2.04,0.002,0.0005899999999999,0.007,6.7e-05,0.0419,2
pork,"fresh, loin, center rib (roasts), boneless, separable lean and fat, cooked, roasted",Pork Products,252.0,26.99,15.15,0.0,0.0,0.0,0.363,0.4,0.0,5.044,0.29,0.604,6.0,0.93,22.0,0.01,214.0,2.64,0.0,0.00056,0.008,1.6e-05,0.0402999999999999,2
pork,"fresh, loin, center rib (chops or roasts), boneless, separable lean only, raw",Pork Products,152.0,21.8,6.48,0.0,0.0,0.0,0.47,0.3,0.18,5.036,0.268,0.856,5.0,0.77,22.0,0.01,207.0,1.69,0.002,0.00053,0.007,5.8e-05,0.0354,2
pork,"fresh, loin, center rib (chops), boneless, separable lean only, cooked, braised",Pork Products,211.0,27.95,10.14,0.0,0.0,0.0,0.331,0.3,0.21,4.519,0.258,0.549,5.0,0.99,19.0,0.01,173.0,2.16,0.002,0.00044,0.004,7.4e-05,0.0453999999999999,2
pork,"fresh, loin, center rib (chops), boneless, separable lean only, cooked, broiled",Pork Products,216.0,29.46,10.05,0.0,0.0,0.0,0.4,0.3,0.0,5.231,0.323,0.894,31.0,0.82,28.0,0.02,245.0,2.38,0.002,0.0007,0.009,7.000000000000001e-05,0.0472999999999999,2
pork,"fresh, loin, center rib (chops), boneless, separable lean only, cooked, pan-fried",Pork Products,224.0,27.68,11.8,0.0,0.0,0.0,0.388,0.3,0.22,5.115,0.34,0.761,5.0,0.78,27.0,0.007,237.0,2.14,0.002,0.00061,0.008,6.900000000000001e-05,0.0453999999999999,2
pork,"fresh, loin, center rib (roasts), boneless, separable lean only, cooked, roasted",Pork Products,214.0,28.81,10.13,0.0,0.0,0.0,0.4,0.4,0.0,5.355,0.312,0.639,6.0,1.0,24.0,0.011,222.0,2.83,0.0,0.00055,0.009,1.2e-05,0.0432,2
pork,"fresh, loin, country-style ribs, separable lean and fat, raw",Pork Products,189.0,19.34,11.82,0.0,0.0,0.0,0.539,0.0,0.23,3.082,0.253,0.375,22.0,0.85,21.0,0.011,193.0,2.78,0.002,0.001,0.0,7.8e-05,0.0322999999999999,2
pork,"fresh, loin, country-style ribs, separable lean and fat, cooked, braised",Pork Products,273.0,26.49,17.71,0.0,0.0,0.0,0.472,0.0,0.12,5.548,0.283,0.461,34.0,1.34,23.0,0.01,202.0,4.23,0.002,0.0009599999999999,0.0,0.000101,0.0462999999999999,2
pork,"fresh, loin, country-style ribs, separable lean and fat, bone-in, cooked, roasted",Pork Products,359.0,21.75,29.46,0.0,0.0,0.0,0.419,0.3,0.0,4.196,0.329,0.82,25.0,1.0,22.0,0.003,214.0,2.2,0.002,0.00076,0.004,5.7e-05,0.0345,2
pork,"fresh, loin, country-style ribs, separable lean only, raw",Pork Products,140.0,20.76,5.64,0.0,0.0,0.0,0.577,0.0,0.25,3.097,0.271,0.394,21.0,0.9,23.0,0.012,204.0,3.0,0.0,0.00101,0.0,8.3e-05,0.0348,2
pork,"fresh, loin, country-style ribs, separable lean only, cooked, braised",Pork Products,247.0,27.74,14.26,0.0,0.0,0.0,0.491,0.0,0.11,5.715,0.296,0.477,33.0,1.39,23.0,0.011,208.0,4.46,0.0,0.00094,0.0,0.0001049999999999,0.0486,2
pork,"fresh, loin, country-style ribs, separable lean only, bone-in, cooked, roasted",Pork Products,227.0,29.2,11.38,0.0,0.0,0.0,0.523,0.0,0.27,7.82,0.458,0.574,31.0,0.98,22.0,0.021,235.0,3.94,0.001,0.0009,0.0,0.000107,0.0476,2
pork,"fresh, loin, sirloin (chops or roasts), boneless, separable lean and fat, raw",Pork Products,133.0,22.49,4.05,0.0,0.0,0.0,0.6,0.0,0.18,7.239,0.252,0.6,9.0,0.55,22.0,0.011,247.0,1.7,0.003,0.00049,0.0,6.900000000000001e-05,0.0367,2
pork,"fresh, loin, sirloin (chops), boneless, separable lean and fat, cooked, braised",Pork Products,171.0,28.41,5.47,0.0,0.0,0.0,0.523,0.0,0.18,7.76,0.265,0.656,11.0,0.71,25.0,0.014,291.0,2.01,0.002,0.00062,0.0,8.3e-05,0.0455,2
pork,"fresh, loin, sirloin (chops), boneless, separable lean and fat, cooked, broiled",Pork Products,170.0,28.19,5.53,0.0,0.0,0.0,0.584,0.0,0.26,8.654,0.29,0.653,11.0,0.87,27.0,0.015,292.0,2.15,0.002,0.00075,0.0,8.5e-05,0.0453,2
pork,"fresh, loin, sirloin (roasts), boneless, separable lean and fat, cooked, roasted",Pork Products,192.0,29.62,7.32,0.0,0.0,0.0,0.533,0.0,0.2,8.055,0.327,0.705,13.0,0.66,27.0,0.017,304.0,2.2,0.002,0.00093,0.0,0.0001089999999999,0.0447,2
pork,"fresh, loin, sirloin (chops or roasts), boneless, separable lean only, raw",Pork Products,121.0,22.81,2.59,0.0,0.0,0.0,0.611,0.0,0.17,7.348,0.256,0.61,9.0,0.56,23.0,0.011,251.0,1.72,0.002,0.00049,0.0,6.900000000000001e-05,0.0373999999999999,2
pork,"fresh, loin, sirloin (chops), boneless, separable lean only, cooked, braised",Pork Products,163.0,28.75,4.5,0.0,0.0,0.0,0.528,0.0,0.18,7.834,0.266,0.663,11.0,0.71,25.0,0.014,294.0,2.04,0.002,0.00063,0.0,8.3e-05,0.0461,2
pork,"fresh, loin, sirloin (chops), boneless, separable lean only, cooked, broiled",Pork Products,161.0,28.6,4.36,0.0,0.0,0.0,0.591,0.0,0.26,8.761,0.292,0.662,11.0,0.88,27.0,0.015,296.0,2.18,0.002,0.00075,0.0,8.5e-05,0.0458999999999999,2
pork,"fresh, loin, sirloin (roasts), boneless, separable lean only, cooked, roasted",Pork Products,178.0,30.39,5.31,0.0,0.0,0.0,0.544,0.0,0.2,8.224,0.332,0.722,12.0,0.66,28.0,0.017,311.0,2.25,0.001,0.00094,0.0,0.0001089999999999,0.0458999999999999,2
pork,"fresh, loin, tenderloin, separable lean and fat, raw",Pork Products,120.0,20.65,3.53,0.0,0.0,0.0,0.765,0.0,0.22,6.61,0.337,0.982,6.0,0.97,27.0,0.014,243.0,1.87,0.0,0.00052,0.0,8.9e-05,0.0303,2
pork,"fresh, ground, raw",Pork Products,263.0,16.88,21.19,0.0,0.0,0.0,0.383,0.7,0.0,4.338,0.235,0.732,14.0,0.88,19.0,0.01,175.0,2.2,0.002,0.0007,0.005,4.5e-05,0.0246,2
pork,"fresh, ground, cooked",Pork Products,297.0,25.69,20.77,0.0,0.0,0.0,0.391,0.7,0.21,4.206,0.22,0.706,22.0,1.29,24.0,0.011,226.0,3.21,0.002,0.00054,0.006,4.4e-05,0.0354,2
pork,"fresh, loin, tenderloin, separable lean and fat, cooked, broiled",Pork Products,201.0,29.86,8.11,0.0,0.0,0.0,0.515,1.0,0.0,5.054,0.378,0.968,5.0,1.39,35.0,0.012,290.0,2.89,0.002,0.00098,0.006,6.7e-05,0.0477,2
pork,"fresh, loin, tenderloin, separable lean and fat, cooked, roasted",Pork Products,147.0,26.04,3.96,0.0,0.0,0.0,0.735,0.0,0.08,7.402,0.385,0.944,6.0,1.15,29.0,0.013,265.0,2.41,0.0,0.00057,0.0,0.000111,0.038,2
pork,"fresh, loin, tenderloin, separable lean only, cooked, broiled",Pork Products,187.0,30.42,6.33,0.0,0.0,0.0,0.528,1.0,0.0,5.135,0.387,0.988,5.0,1.43,36.0,0.012,295.0,2.95,0.002,0.001,0.006,6.8e-05,0.0516,2
pork,"fresh, loin, top loin (roasts), boneless, separable lean and fat, raw",Pork Products,166.0,21.34,8.33,0.0,0.0,0.0,0.718,0.0,0.12,5.566,0.181,0.426,7.0,0.53,24.0,0.007,216.0,1.73,0.002,0.00054,0.0,5.6e-05,0.0265,2
pork,"fresh, loin, top loin (roasts), boneless, separable lean only, raw",Pork Products,132.0,22.39,4.06,0.0,0.0,0.0,0.755,0.0,0.13,5.745,0.187,0.443,5.0,0.54,26.0,0.007,225.0,1.8,0.0,0.00051,0.0,5.8e-05,0.0277,2
pork,"fresh, composite of trimmed retail cuts (loin and shoulder blade), separable lean and fat, raw",Pork Products,177.0,20.08,10.14,0.0,0.0,0.0,0.625,0.1,0.16,5.452,0.238,0.582,16.0,0.74,23.0,0.01,205.0,2.01,0.002,0.00064,0.001,7.000000000000001e-05,0.0316,2
pork,"fresh, composite of trimmed retail cuts (loin and shoulder blade), separable lean and fat, cooked",Pork Products,235.0,26.07,13.66,0.0,0.0,0.0,0.561,0.1,0.12,6.368,0.293,0.679,20.0,0.93,24.0,0.006,222.0,2.56,0.002,0.00068,0.002,7.000000000000001e-05,0.0418,2
pork,"fresh, composite of trimmed retail cuts (loin and shoulder blade), separable lean only, raw",Pork Products,144.0,21.23,5.88,0.0,0.0,0.0,0.51,0.6,0.0,4.825,0.272,0.98,17.0,0.88,23.0,0.012,209.0,1.99,0.002,0.00066,0.005,6.500000000000001e-05,0.0324,2
pork,"fresh, composite of trimmed retail cuts (loin and shoulder blade), separable lean only, cooked",Pork Products,211.0,29.47,9.44,0.0,0.0,0.0,0.435,0.4,0.0,5.251,0.344,0.873,22.0,1.07,26.0,0.015,234.0,2.87,0.002,0.00075,0.006,5.3e-05,0.0453999999999999,2
usda commodity,"pork, cured, ham, boneless, cooked, heated",Pork Products,149.0,18.84,7.62,0.0,0.0,0.0,0.256,23.3,0.0,3.553,0.238,0.53,6.0,0.85,21.0,0.047,292.0,2.23,0.0,0.00141,0.003,0.000114,0.0198,2
usda commodity,"pork, ground, fine/coarse, frozen, cooked",Pork Products,265.0,23.55,18.19,0.0,0.0,0.0,0.167,2.3,0.0,3.597,0.247,0.598,8.0,1.51,23.0,0.01,231.0,3.59,0.005,0.0023,0.006,0.000131,0.0354,2
usda commodity,"pork, cured, ham, boneless, cooked, unheated",Pork Products,133.0,17.44,6.16,0.69,0.0,0.0,0.229,22.7,0.0,2.525,0.187,0.534,7.0,1.07,20.0,0.031,278.0,2.3,0.002,0.00068,0.004,0.000111,0.0163999999999999,2
usda commodity,"pork, ground, fine/coarse, frozen, raw",Pork Products,221.0,15.41,17.18,0.0,0.0,0.0,0.35,0.6,0.0,3.959,0.214,0.668,14.0,0.91,20.0,0.01,181.0,2.28,0.002,0.00064,0.005,4.7e-05,0.0246,2
hormel,Cure 81 Ham,Pork Products,106.0,18.43,3.59,0.21,0.0,0.0,0.0,1.6,0.0,0.0,0.0,0.0,4.0,0.8,20.0,0.0,0.0,2.0,0.0,0.0,0.0,0.0001,0.0,2
hormel always tender,"Pork Tenderloin, Teriyaki-Flavored",Pork Products,119.0,18.2,3.07,4.63,3.33,0.0,0.0,2.7,0.0,0.0,0.0,0.0,7.0,1.0,22.0,0.0,0.0,1.5,0.0,0.0,0.0,0.0001,0.0,2
hormel always tender,"Pork Tenderloin, Peppercorn-Flavored",Pork Products,110.0,17.21,3.8,1.82,0.14,0.0,0.0,1.4,0.0,0.0,0.0,0.0,14.0,1.1,21.0,0.0,0.0,1.4,0.0,0.0,0.0,0.0001,0.0,2
hormel always tender,"Pork Loin Filets, Lemon Garlic-Flavored",Pork Products,118.0,17.83,4.16,1.79,0.22,0.0,0.0,1.7,0.0,0.0,0.0,0.0,6.0,0.6,20.0,0.0,0.0,1.3,0.0,0.0,0.0,0.0,0.0,2
hormel always tender,"Center Cut Chops, Fresh Pork",Pork Products,167.0,18.74,9.62,0.84,0.28,0.0,0.0,1.7,0.0,0.0,0.0,0.0,14.0,0.6,21.0,0.0,0.0,1.5,0.0,0.0,0.0,0.0001,0.0,2
hormel always tender,"Boneless Pork Loin, Fresh Pork",Pork Products,145.0,19.02,7.18,0.76,0.08,0.0,0.0,1.3,0.0,0.0,0.0,0.0,4.0,0.6,21.0,0.0,0.0,1.6,0.0,0.0,0.0,0.0001,0.0,2
hormel canadian style bacon,No_descr,Pork Products,122.0,16.88,4.94,1.87,1.43,0.0,0.0,1.4,0.0,0.0,0.0,0.0,6.0,0.9,19.0,0.0,0.0,1.8,0.0,0.0,0.0,0.0001,0.0,2
pork,"fresh, loin, top loin (chops), boneless, enhanced, separable lean only, cooked, pan-broiled",Pork Products,169.0,28.95,5.0,0.0,0.0,0.0,0.489,0.0,0.23,10.323,0.188,0.631,10.0,0.63,28.0,0.0,320.0,2.02,0.0,0.00052,0.001,6.3e-05,0.0377,2
pork,"fresh, loin, top loin (chops), boneless, enhanced, separable lean and fat, cooked, pan-broiled",Pork Products,190.0,28.35,7.66,0.0,0.0,0.0,0.476,0.0,0.24,10.192,0.184,0.616,10.0,0.63,28.0,0.0,317.0,1.98,0.002,0.00055,0.001,6.2e-05,0.0355,2
pork,"cured, bacon, cooked, baked",Pork Products,548.0,35.73,43.27,1.35,0.0,0.0,0.309,0.0,0.32,10.623,0.251,0.348,10.0,1.49,30.0,0.022,506.0,3.36,0.011,0.00116,0.002,0.000182,0.059,2
pork,"cured, bacon, cooked, microwaved",Pork Products,476.0,39.01,34.12,0.48,0.0,0.0,0.513,0.0,0.48,10.714,0.257,0.554,13.0,1.14,34.0,0.023,389.0,3.51,0.0,0.001,0.0,0.000117,0.0650999999999999,2
pork,"cured, bacon, pre-sliced, cooked, pan-fried",Pork Products,468.0,33.92,35.09,1.7,0.0,0.0,0.535,0.0,0.42,10.457,0.232,0.56,11.0,0.95,31.0,0.022,388.0,3.06,0.011,0.00109,0.0,0.0001049999999999,0.0507,2
pork,"fresh, variety meats and by-products, stomach, cooked, simmered",Pork Products,157.0,21.4,7.26,0.09,0.0,0.0,0.021,0.0,0.09,1.38,0.188,0.04,15.0,1.23,15.0,0.071,129.0,2.92,0.0,0.0004799999999999,0.003,0.0002389999999999,0.0402999999999999,2
pork,"bacon, rendered fat, cooked",Pork Products,898.0,0.07,99.5,0.0,0.0,0.0,0.005,0.0,0.0,0.725,0.015,0.004,1.0,0.13,0.0,0.006,9.0,0.06,0.011,8.999999999999999e-05,0.0,2.2e-05,0.0057,4
pork,"cured, ham -- water added, rump, bone-in, separable lean only, heated, roasted",Pork Products,121.0,21.41,3.56,0.87,0.84,0.0,0.434,0.0,0.2,4.43,0.189,0.356,8.0,0.71,18.0,0.022,246.0,1.81,0.011,0.0003599999999999,0.004,9.8e-05,0.0275,2
pork,"cured, ham -- water added, rump, bone-in, separable lean only, unheated",Pork Products,95.0,15.43,3.48,0.67,0.67,0.0,0.265,0.0,0.16,5.32,0.213,0.235,7.0,1.13,16.0,0.022,235.0,1.37,0.009,0.00054,0.003,9.1e-05,0.0288,2
pork,"cured, ham -- water added, shank, bone-in, separable lean only, heated, roasted",Pork Products,128.0,20.92,4.43,1.2,0.91,0.0,0.348,0.0,0.28,5.073,0.192,0.257,9.0,1.56,18.0,0.022,216.0,3.09,0.011,0.0006,0.001,0.000122,0.0261999999999999,2
pork,"cured, ham -- water added, slice, bone-in, separable lean only, heated, pan-broil",Pork Products,131.0,22.04,4.3,1.48,1.48,0.0,0.461,0.0,0.26,5.436,0.182,0.384,11.0,1.12,20.0,0.022,260.0,2.29,0.012,0.00058,0.002,0.000118,0.03,2
pork,"cured, ham and water product, slice, bone-in, separable lean only, heated, pan-broil",Pork Products,122.0,20.9,3.63,1.35,1.1,0.0,0.449,0.0,0.13,5.023,0.184,0.383,12.0,0.93,19.0,0.022,258.0,2.25,0.011,0.00046,0.002,0.000113,0.0245,2
pork,"cured, ham and water product, slice, boneless, separable lean only, heated, pan-broil",Pork Products,123.0,15.09,5.06,4.69,4.69,0.0,0.335,0.0,0.12,4.285,0.137,0.308,8.0,0.74,17.0,0.037,240.0,1.64,0.013,0.00044,0.003,8.5e-05,0.0326,2
pork,"cured, ham and water product, whole, boneless, separable lean only, heated, roasted",Pork Products,123.0,13.88,5.46,4.61,4.61,0.0,0.26,0.0,0.22,3.62,0.141,0.26,8.0,0.74,15.0,0.038,224.0,1.64,0.013,0.00037,0.002,9.5e-05,0.0291,2
pork,"cured, ham and water product, whole, boneless, separable lean only, unheated",Pork Products,116.0,14.07,4.86,4.22,4.22,0.0,0.294,0.0,0.14,3.87,0.146,0.284,8.0,0.78,17.0,0.04,229.0,1.6,0.013,0.00034,0.004,0.000107,0.0294,2
pork,"cured, ham with natural juices, rump, bone-in, separable lean only, heated, roasted",Pork Products,137.0,24.14,4.25,0.48,0.48,0.0,0.384,0.0,0.27,7.62,0.238,0.333,10.0,1.04,22.0,0.022,271.0,2.5,0.011,0.00061,0.001,9.4e-05,0.0499,2
pork,"cured, ham with natural juices, shank, bone-in, separable lean only, heated, roasted",Pork Products,145.0,24.95,4.97,0.34,0.34,0.0,0.381,0.0,0.29,7.793,0.198,0.291,7.0,1.2,21.0,0.022,255.0,3.06,0.011,0.00069,0.003,0.0001729999999999,0.0487,2
pork,"cured, ham with natural juices, slice, bone-in, separable lean only, heated, pan-broil",Pork Products,150.0,27.75,4.38,0.0,0.0,0.0,0.392,0.0,0.23,9.01,0.261,0.308,12.0,1.2,23.0,0.022,291.0,3.03,0.013,0.0006,0.001,9.6e-05,0.051,2
pork,"cured, ham with natural juices, spiral slice, meat only, boneless, separable lean only, heated, roasted",Pork Products,126.0,22.56,3.78,1.08,1.08,0.0,0.428,0.0,0.19,6.72,0.23,0.468,4.0,0.84,22.0,0.022,312.0,1.82,0.013,0.00051,0.001,0.000189,0.0418,2
pork,"cured, ham and water product, rump, bone-in, separable lean only, heated, roasted",Pork Products,131.0,21.28,4.7,1.15,1.15,0.0,0.335,0.0,0.21,4.04,0.188,0.33,10.0,0.87,19.0,0.022,221.0,2.08,0.011,0.00049,0.002,8.9e-05,0.0434,2
pork,"cured, ham -- water added, slice, boneless, separable lean only, heated, pan-broil",Pork Products,119.0,18.82,4.09,1.75,1.75,0.0,0.435,0.0,0.24,5.895,0.19,0.409,9.0,0.86,21.0,0.022,284.0,1.94,0.013,0.00047,0.001,0.000113,0.0392999999999999,2
pork,"cured, ham -- water added, whole, boneless, separable lean only, heated, roasted",Pork Products,117.0,17.99,4.39,1.57,1.57,0.0,0.394,0.0,0.2,5.797,0.183,0.362,9.0,0.82,19.0,0.022,270.0,1.82,0.013,0.0004,0.001,9.1e-05,0.0342,2
pork,"cured, ham -- water added, whole, boneless, separable lean only, unheated",Pork Products,110.0,17.34,3.97,1.45,1.45,0.0,0.413,0.0,0.21,5.473,0.187,0.402,8.0,0.86,19.0,0.022,265.0,1.79,0.013,0.00047,0.002,0.000101,0.0351,2
pork,"cured, ham and water product, shank, bone-in, separable lean only, heated, roasted",Pork Products,132.0,21.69,4.45,1.26,1.26,0.0,0.4,0.0,0.29,4.563,0.199,0.394,9.0,1.17,15.0,0.022,202.0,2.82,0.011,0.00046,0.002,9.9e-05,0.0453,2
pork,"cured, ham with natural juices, slice, boneless, separable lean only, heated, pan-broil",Pork Products,116.0,20.95,3.16,1.05,1.05,0.0,0.506,0.0,0.22,7.395,0.218,0.514,6.0,0.94,22.0,0.026,322.0,2.14,0.013,0.0004199999999999,0.001,0.000271,0.037,2
pork,"cured, ham with natural juices, whole, boneless, separable lean only, heated, roasted",Pork Products,113.0,20.57,3.01,0.84,0.81,0.0,0.462,0.0,0.27,6.83,0.216,0.62,6.0,0.85,22.0,0.027,318.0,1.98,0.013,0.0004199999999999,0.002,0.000272,0.0327,2
pork,"cured, ham with natural juices, whole, boneless, separable lean only, unheated",Pork Products,110.0,19.44,3.21,1.03,1.03,0.0,0.474,0.0,0.26,6.877,0.209,0.531,6.0,0.87,21.0,0.025,303.0,1.98,0.013,0.00041,0.001,0.0001419999999999,0.0345,2
pork,"cured, ham -- water added, shank, bone-in, separable lean only, unheated",Pork Products,91.0,18.65,1.87,0.71,0.71,0.0,0.246,0.0,0.22,3.59,0.218,0.322,7.0,0.76,18.0,0.022,229.0,1.99,0.009,0.00031,0.001,9.7e-05,0.04,2
pork,"cured, ham -- water added, slice, bone-in, separable lean only, unheated",Pork Products,95.0,17.38,2.29,1.23,1.23,0.0,0.295,0.0,0.19,4.71,0.214,0.374,9.0,1.08,17.0,0.022,235.0,1.86,0.009,0.00039,0.001,0.000198,0.0353,2
pork,"cured, ham and water product, rump, bone-in, separable lean only, unheated",Pork Products,107.0,17.93,3.38,1.24,0.97,0.0,0.247,0.0,0.18,4.09,0.222,0.282,10.0,0.67,18.0,0.022,218.0,1.65,0.01,0.00058,0.002,0.000117,0.0402999999999999,2
pork,"cured, ham and water product, slice, bone-in, separable lean only, unheated",Pork Products,103.0,14.47,3.78,2.82,0.91,0.0,0.362,0.0,0.11,4.38,0.178,0.423,9.0,1.5,14.0,0.022,222.0,1.66,0.009,0.0004799999999999,0.001,0.000137,0.013,2
pork,"cured, ham and water product, shank, bone-in, unheated, separable lean only",Pork Products,113.0,17.53,4.18,1.2,1.06,0.0,0.267,0.0,0.25,3.58,0.225,0.696,8.0,0.97,15.0,0.022,209.0,2.19,0.009,0.00055,0.001,0.000134,0.0281,2
pork,"cured, ham with natural juices, rump, bone-in, separable lean only, unheated",Pork Products,122.0,22.71,3.47,0.43,0.43,0.0,0.336,0.0,0.24,7.23,0.225,0.265,9.0,1.05,21.0,0.022,253.0,2.4,0.01,0.00051,0.001,0.0001089999999999,0.041,2
pork,"cured, ham with natural juices, shank, bone-in, separable lean only, unheated",Pork Products,130.0,25.11,3.33,0.3,0.3,0.0,0.393,0.0,0.26,5.28,0.246,0.235,7.0,1.1,20.0,0.022,250.0,2.79,0.01,0.00037,0.003,0.000117,0.0523,2
pork,"cured, ham with natural juices, slice, bone-in, separable lean only, unheated",Pork Products,123.0,24.34,2.87,0.0,0.0,0.0,0.352,0.0,0.2,6.59,0.251,0.24,9.0,1.1,20.0,0.022,258.0,2.3,0.012,0.0006,0.001,9.7e-05,0.0465,2
pork,"cured, ham with natural juices, spiral slice, boneless, separable lean only, unheated",Pork Products,109.0,19.25,3.26,1.22,1.22,0.0,0.365,0.0,0.17,5.733,0.196,0.399,4.0,0.76,20.0,0.0,283.0,1.65,0.012,0.00044,0.001,0.000171,0.0378999999999999,2
pork,"cured, ham, separable fat, boneless, heated",Pork Products,507.0,8.77,51.57,2.0,0.28,0.0,0.201,0.0,0.35,3.08,0.096,0.278,6.0,0.53,16.0,0.022,169.0,1.14,0.012,0.00031,0.001,0.00033,0.016,4
pork,"cured, ham, separable fat, boneless, unheated",Pork Products,515.0,7.5,53.0,1.87,0.44,0.0,0.187,0.0,0.76,2.57,0.021,0.233,4.0,0.5,11.0,0.022,143.0,1.14,0.013,0.00031,0.0,9.7e-05,0.0158,4
pork,pickled pork hocks,Pork Products,171.0,19.11,10.54,0.0,0.0,0.0,0.064,0.0,0.17,1.1,0.068,0.08,19.0,1.14,6.0,0.022,60.0,2.38,0.023,0.00051,0.001,8.2e-05,0.0263,2
pork,"cured, ham, slice, bone-in, separable lean only, heated, pan-broil",Pork Products,148.0,27.18,4.09,0.74,0.74,0.0,0.54,0.0,0.3,7.767,0.317,0.575,15.0,1.42,25.0,0.022,296.0,3.04,0.0,0.00066,0.002,0.000426,0.0253,2
pork,"cured, ham with natural juices, whole, boneless, separable lean and fat, unheated",Pork Products,112.0,19.38,3.43,1.02,1.02,0.0,0.473,0.0,0.26,6.859,0.209,0.53,6.0,0.87,21.0,0.025,302.0,1.97,0.013,0.00041,0.001,0.0001419999999999,0.0344,2
pork,"cured, ham with natural juices, spiral slice, boneless, separable lean and fat, unheated",Pork Products,129.0,18.66,5.75,1.18,1.18,0.0,0.356,0.0,0.2,5.575,0.187,0.391,4.0,0.75,19.0,0.001,276.0,1.63,0.012,0.00043,0.001,0.000168,0.0368,2
pork,"cured, ham with natural juices, slice, bone-in, separable lean and fat, unheated",Pork Products,159.0,22.82,7.4,0.17,0.04,0.0,0.337,0.0,0.25,6.227,0.23,0.239,9.0,1.05,19.0,0.022,248.0,2.2,0.012,0.00057,0.001,9.7e-05,0.0437,2
pork,"cured, ham with natural juices, shank, bone-in, separable lean and fat, unheated",Pork Products,191.0,22.35,11.11,0.32,0.32,0.0,0.361,0.0,0.34,4.856,0.211,0.235,6.0,1.01,19.0,0.022,233.0,2.53,0.01,0.0003599999999999,0.003,0.000114,0.0466,2
pork,"cured, ham with natural juices, rump, bone-in, separable lean and fat, unheated",Pork Products,200.0,19.7,13.26,0.43,0.43,0.0,0.306,0.0,0.34,6.31,0.185,0.259,8.0,0.94,19.0,0.022,231.0,2.15,0.011,0.00047,0.001,0.000107,0.036,2
pork,"cured, ham and water product, whole, boneless, separable lean and fat, unheated",Pork Products,117.0,14.05,4.99,4.21,4.21,0.0,0.294,0.0,0.15,3.867,0.146,0.284,8.0,0.78,17.0,0.04,228.0,1.59,0.013,0.00034,0.003,0.000107,0.0294,2
pork,"cured, ham and water product, slice, bone-in, separable lean and fat, unheated",Pork Products,149.0,13.69,9.29,2.72,0.85,0.0,0.342,0.0,0.18,4.177,0.16,0.402,8.0,1.39,14.0,0.022,213.0,1.6,0.01,0.00046,0.001,0.000132,0.0133,2
pork,"cured, ham and water product, shank, bone-in, separable lean and fat, unheated",Pork Products,243.0,14.28,20.0,1.42,0.86,0.0,0.241,0.0,0.41,3.253,0.159,0.546,6.0,0.82,14.0,0.022,188.0,1.85,0.011,0.00047,0.001,0.000122,0.0241,2
pork,"cured, ham and water product, rump, bone-in, separable lean and fat, unheated",Pork Products,179.0,16.09,12.13,1.35,0.88,0.0,0.236,0.0,0.28,3.822,0.186,0.273,9.0,0.64,17.0,0.022,205.0,1.56,0.01,0.00053,0.001,0.000113,0.036,2
pork,"cured, ham -- water added, whole, boneless, separable lean and fat, unheated",Pork Products,121.0,17.06,5.38,1.42,1.42,0.0,0.407,0.0,0.23,5.389,0.183,0.397,8.0,0.85,19.0,0.022,262.0,1.77,0.013,0.00046,0.002,0.000101,0.0346,2
pork,"cured, ham -- water added, slice, bone-in, separable lean and fat, unheated",Pork Products,164.0,15.73,10.77,1.1,1.1,0.0,0.277,0.0,0.29,4.352,0.182,0.35,8.0,0.98,16.0,0.022,220.0,1.74,0.009,0.00038,0.001,0.0001809999999999,0.032,2
pork,"cured, ham -- water added, shank, bone-in, separable lean and fat, unheated",Pork Products,167.0,16.65,11.02,0.66,0.66,0.0,0.235,0.0,0.32,3.407,0.183,0.306,7.0,0.72,17.0,0.022,214.0,1.84,0.009,0.00031,0.001,9.7e-05,0.0357,2
pork,"cured, ham -- water added, rump, bone-in, separable lean and fat, unheated",Pork Products,172.0,13.99,12.5,0.8,0.62,0.0,0.251,0.0,0.27,4.819,0.178,0.235,6.0,1.02,15.0,0.022,218.0,1.33,0.01,0.0005,0.002,9.2e-05,0.0264,2
pork,"cured, ham -- water added, rump, bone-in, separable lean and fat, heated, roasted",Pork Products,161.0,20.1,8.56,0.99,0.78,0.0,0.41,0.0,0.22,4.29,0.18,0.348,8.0,0.69,18.0,0.022,238.0,1.74,0.011,0.00035,0.004,0.000123,0.0263,2
pork,"cured, ham -- water added, shank, bone-in, separable lean and fat, heated, roasted",Pork Products,200.0,18.62,13.37,1.35,0.79,0.0,0.32,0.0,0.29,4.695,0.173,0.261,9.0,1.37,17.0,0.022,207.0,2.72,0.011,0.00055,0.001,0.000161,0.0242,2
pork,"cured, ham -- water added, slice, bone-in, separable lean and fat, heated, pan-broil",Pork Products,166.0,20.8,8.73,1.54,1.54,0.0,0.437,0.0,0.27,5.215,0.174,0.374,11.0,1.07,19.0,0.022,251.0,2.19,0.012,0.00056,0.002,0.000137,0.0287,2
pork,"cured, ham -- water added, slice, boneless, separable lean and fat, heated, pan-broil",Pork Products,125.0,18.62,5.05,1.72,1.72,0.0,0.43,0.0,0.24,5.838,0.188,0.406,9.0,0.85,21.0,0.022,281.0,1.93,0.013,0.00047,0.001,0.000117,0.0387999999999999,2
pork,"cured, ham -- water added, whole, boneless, separable lean and fat, heated, roasted",Pork Products,126.0,17.77,5.48,1.54,1.54,0.0,0.39,0.0,0.21,5.734,0.181,0.36,9.0,0.82,19.0,0.022,268.0,1.8,0.013,0.0004,0.001,9.7e-05,0.0338,2
pork,"cured, ham and water product, rump, bone-in, separable lean and fat, heated, roasted",Pork Products,186.0,19.46,11.48,1.15,1.03,0.0,0.316,0.0,0.23,3.901,0.175,0.322,10.0,0.82,18.0,0.022,213.0,1.95,0.012,0.00047,0.002,0.000124,0.0394,2
pork,"cured, ham and water product, shank, bone-in, separable lean and fat, heated, roasted",Pork Products,234.0,18.17,17.29,1.42,0.99,0.0,0.346,0.0,0.31,4.159,0.171,0.362,8.0,1.0,15.0,0.022,193.0,2.36,0.012,0.0004199999999999,0.001,0.000162,0.0373,2
pork,"cured, ham and water product, slice, bone-in, separable lean and fat, heated, pan-broil",Pork Products,155.0,19.85,7.78,1.41,1.03,0.0,0.427,0.0,0.15,4.855,0.177,0.374,11.0,0.9,19.0,0.022,250.0,2.16,0.011,0.00044,0.002,0.000131,0.0238,2
pork,"cured, ham and water product, slice, boneless, separable lean and fat, heated, pan-broil",Pork Products,124.0,15.08,5.13,4.69,4.69,0.0,0.335,0.0,0.13,4.283,0.137,0.308,8.0,0.74,17.0,0.037,240.0,1.63,0.013,0.00044,0.002,8.5e-05,0.0326,2
pork,"cured, ham and water product, whole, boneless, separable lean and fat, heated, roasted",Pork Products,123.0,13.88,5.46,4.61,4.61,0.0,0.26,0.0,0.22,3.62,0.141,0.26,8.0,0.74,15.0,0.038,224.0,1.64,0.013,0.00037,0.002,9.5e-05,0.0291,2
pork,"cured, ham with natural juices, rump, bone-in, separable lean and fat, heated, roasted",Pork Products,177.0,22.47,9.39,0.6,0.45,0.0,0.364,0.0,0.27,7.127,0.222,0.327,10.0,0.99,21.0,0.022,260.0,2.35,0.011,0.00058,0.001,0.0001199999999999,0.0462,2
pork,"cured, ham with natural juices, shank, bone-in, separable lean and fat, heated, roasted",Pork Products,191.0,22.88,10.93,0.33,0.33,0.0,0.358,0.0,0.3,7.19,0.185,0.289,7.0,1.11,20.0,0.022,244.0,2.82,0.011,0.00064,0.003,0.000193,0.0445,2
pork,"cured, ham with natural juices, slice, bone-in, separable lean and fat, heated, pan-broil",Pork Products,180.0,26.18,8.28,0.17,0.02,0.0,0.376,0.0,0.24,8.52,0.247,0.306,12.0,1.15,22.0,0.022,280.0,2.87,0.013,0.00058,0.001,0.000115,0.0482,2
pork,"cured, ham with natural juices, slice, boneless, separable lean and fat, heated, pan-broil",Pork Products,118.0,20.89,3.4,1.04,1.04,0.0,0.504,0.0,0.22,7.374,0.217,0.513,6.0,0.93,22.0,0.026,321.0,2.13,0.013,0.0004199999999999,0.001,0.000272,0.0368999999999999,2
pork,"cured, ham with natural juices, spiral slice, boneless, separable lean and fat, heated, roasted",Pork Products,139.0,22.18,5.1,1.06,1.06,0.0,0.422,0.0,0.19,6.619,0.226,0.463,4.0,0.83,22.0,0.022,308.0,1.8,0.013,0.0005,0.001,0.000193,0.0411,2
pork,"cured, ham with natural juices, whole, boneless, separable lean and fat, heated, roasted",Pork Products,114.0,20.54,3.13,0.84,0.81,0.0,0.461,0.0,0.27,6.82,0.215,0.619,6.0,0.84,22.0,0.027,318.0,1.98,0.013,0.0004199999999999,0.002,0.000272,0.0327,2
pork,"cured, ham, rump, bone-in, separable lean and fat, heated, roasted",Pork Products,177.0,23.95,8.88,0.64,0.64,0.0,0.446,0.0,0.33,6.871,0.284,0.531,7.0,1.46,23.0,0.028,263.0,2.91,0.001,0.00061,0.0,0.001093,0.0235,2
pork,"cured, ham, rump, bone-in, separable lean only, heated, roasted",Pork Products,132.0,26.02,3.07,0.68,0.68,0.0,0.479,0.0,0.33,7.387,0.31,0.566,8.0,1.59,24.0,0.029,275.0,3.16,0.0,0.00065,0.0,0.001197,0.0245,2
pork,"cured, ham, rump, bone-in, separable lean only, unheated",Pork Products,125.0,24.46,2.92,0.32,0.0,0.0,0.514,0.0,0.26,6.987,0.225,0.519,7.0,1.08,24.0,0.022,267.0,2.61,0.0,0.00056,0.001,0.000868,0.0214,2
pork,"cured, ham, shank, bone-in, separable lean only, heated, roasted",Pork Products,139.0,26.49,3.68,0.68,0.68,0.0,0.472,0.0,0.33,7.397,0.326,0.484,7.0,1.54,23.0,0.027,269.0,2.78,0.0,0.00061,0.001,0.000135,0.0243999999999999,2
pork,"cured, ham, shank, bone-in, separable lean only, unheated",Pork Products,125.0,23.79,3.19,0.18,0.0,0.0,0.467,0.0,0.24,6.97,0.249,0.476,6.0,0.99,22.0,0.022,258.0,2.34,0.0,0.00058,0.0,0.000386,0.0212,2
pork,"cured, ham, shank, bone-in, separable lean and fat, heated, roasted",Pork Products,191.0,24.39,9.35,0.64,0.64,0.0,0.44,0.0,0.33,6.885,0.298,0.46,7.0,1.42,22.0,0.026,257.0,2.59,0.001,0.00058,0.001,0.000158,0.0233999999999999,2
pork,"cured, ham, shank, bone-in, separable lean and fat, unheated",Pork Products,177.0,21.61,9.85,0.41,0.06,0.0,0.429,0.0,0.31,6.382,0.218,0.444,6.0,0.92,20.0,0.022,243.0,2.18,0.002,0.00054,0.0,0.000347,0.0205,2
pork,"cured, ham, slice, bone-in, separable lean and fat, heated, pan-broil",Pork Products,180.0,25.48,8.48,0.7,0.7,0.0,0.509,0.0,0.3,7.333,0.296,0.547,14.0,1.34,25.0,0.022,285.0,2.87,0.001,0.00063,0.002,0.000417,0.0243999999999999,2
pork,"cured, ham, slice, bone-in, separable lean only, unheated",Pork Products,130.0,24.36,3.59,0.0,0.0,0.0,0.482,0.0,0.29,6.493,0.251,0.492,13.0,1.23,23.0,0.022,263.0,2.43,0.0,0.0006,0.001,0.000148,0.0223,2
pork,"cured, ham, slice, bone-in, separable lean and fat, unheated",Pork Products,173.0,22.45,9.17,0.21,0.05,0.0,0.448,0.0,0.34,6.05,0.225,0.462,12.0,1.15,22.0,0.022,250.0,2.29,0.001,0.00057,0.001,0.0001419999999999,0.0215,2
pork,"fresh, spareribs, separable lean and fat, cooked, roasted",Pork Products,361.0,20.89,30.86,0.0,0.0,0.0,0.59,0.0,0.14,6.103,0.328,0.418,19.0,1.43,18.0,0.01,162.0,3.26,0.0,0.00045,0.0,0.000114,0.0306,2
pork,"fresh, enhanced, composite of separable fat, raw",Pork Products,508.0,9.27,52.33,0.0,0.0,0.0,0.275,0.0,0.04,3.23,0.103,0.204,22.0,0.47,9.0,0.006,121.0,0.9,0.0,0.00147,0.0,5.5e-05,0.0111,4
pork,"fresh, enhanced, loin, tenderloin, separable lean only, cooked, roasted",Pork Products,116.0,21.61,3.15,0.31,0.0,0.0,0.61,0.0,0.07,7.392,0.36,0.789,5.0,0.98,25.0,0.012,316.0,2.0,0.0,0.00047,0.0,0.000106,0.0457,2
pork,"fresh, enhanced, loin, tenderloin, separable lean only, raw",Pork Products,106.0,20.39,2.09,0.0,0.0,0.0,0.756,0.0,0.21,6.45,0.337,0.757,4.0,0.92,23.0,0.011,290.0,1.73,0.0,0.0005,0.0,0.000103,0.0352,2
pork,"fresh, enhanced, shoulder, (Boston butt), blade (steaks), separable lean only, cooked, braised",Pork Products,227.0,27.58,12.14,0.0,0.0,0.0,0.488,0.0,0.11,3.575,0.381,0.424,26.0,1.82,21.0,0.012,234.0,4.85,0.0,0.00094,0.0,0.000208,0.0453,2
pork,"fresh, enhanced, shoulder, (Boston butt), blade (steaks), separable lean only, raw",Pork Products,122.0,18.29,5.36,0.18,0.0,0.0,0.509,0.0,0.23,3.837,0.367,0.512,14.0,1.04,19.0,0.01,223.0,3.1,0.0,0.00089,0.0,0.000125,0.0288,2
pork,"fresh, enhanced, loin, top loin (chops), boneless, separable lean only, cooked, broiled",Pork Products,170.0,29.65,5.73,0.0,0.0,0.0,0.465,0.0,0.43,8.927,0.24,0.664,9.0,0.56,29.0,0.014,317.0,1.74,0.0,0.00068,0.0,6.500000000000001e-05,0.0556,2
pork,"fresh, enhanced, loin, top loin (chops), boneless, separable lean only, raw",Pork Products,117.0,21.09,3.48,0.22,0.0,0.0,0.497,0.0,0.23,7.813,0.21,0.518,7.0,0.41,23.0,0.011,264.0,1.28,0.0,0.00041,0.0,4.8e-05,0.0479,2
pork,"fresh, enhanced, loin, top loin (chops), boneless, separable lean and fat, raw",Pork Products,171.0,19.45,10.26,0.0,0.0,0.0,0.467,0.0,0.2,7.178,0.195,0.475,9.0,0.42,21.0,0.01,244.0,1.22,0.0,0.00056,0.0,4.9000000000000005e-05,0.0428,2
pork,"fresh, enhanced, loin, top loin (chops), boneless, separable lean and fat, cooked, broiled",Pork Products,198.0,28.33,9.42,0.02,0.0,0.0,0.45,0.0,0.42,8.589,0.233,0.636,11.0,0.57,28.0,0.013,307.0,1.7,0.0,0.00073,0.0,6.4e-05,0.0528999999999999,2
pork,"fresh, enhanced, loin, tenderloin, separable lean and fat, raw",Pork Products,114.0,20.16,3.14,0.0,0.0,0.0,0.746,0.0,0.21,6.382,0.333,0.745,5.0,0.91,23.0,0.01,286.0,1.72,0.0,0.00052,0.0,0.000102,0.0347,2
pork,"fresh, enhanced, loin, tenderloin, separable lean and fat, cooked, roasted",Pork Products,121.0,21.5,3.7,0.31,0.0,0.0,0.607,0.0,0.07,7.36,0.358,0.784,5.0,0.97,25.0,0.012,315.0,1.99,0.0,0.0004799999999999,0.0,0.0001049999999999,0.0453999999999999,2
pork,"fresh, enhanced, shoulder, (Boston butt), blade (steaks), separable lean and fat, raw",Pork Products,169.0,17.19,11.12,0.16,0.0,0.0,0.48,0.0,0.21,3.763,0.335,0.474,15.0,0.97,18.0,0.01,211.0,2.83,0.0,0.0009599999999999,0.0,0.000116,0.0266,2
pork,"fresh, enhanced, shoulder, (Boston butt), blade (steaks), separable lean and fat, cooked, braised",Pork Products,263.0,25.84,16.94,0.03,0.0,0.0,0.463,0.0,0.12,3.61,0.357,0.406,27.0,1.72,20.0,0.012,227.0,4.48,0.0,0.00098,0.0,0.000192,0.0423,2
pork,"cured, ham, rump, bone-in, separable lean and fat, unheated",Pork Products,176.0,22.27,9.38,0.52,0.06,0.0,0.472,0.0,0.32,6.417,0.199,0.482,7.0,1.01,22.0,0.022,251.0,2.42,0.002,0.00053,0.001,0.000769,0.0206,2
pork,"loin, leg cap steak, boneless, separable lean and fat, cooked, broiled",Pork Products,158.0,27.57,4.41,0.0,0.0,0.0,0.43,0.0,0.1,8.205,0.387,0.481,7.0,0.97,23.0,0.01,221.0,4.11,0.0,0.00069,0.001,7.3e-05,0.0321,2
pork,"Leg Cap Steak, boneless, separable lean and fat, raw",Pork Products,123.0,21.64,3.39,0.0,0.0,0.0,0.553,0.0,0.08,7.092,0.423,0.525,7.0,0.84,22.0,0.009,207.0,3.18,0.0,0.00064,0.001,5.7e-05,0.0252,2
pork,"Shoulder breast, boneless, separable lean and fat, raw",Pork Products,127.0,22.54,3.4,0.0,0.0,0.0,0.722,0.0,0.08,9.602,0.465,0.645,7.0,0.89,26.0,0.014,229.0,1.95,0.0,0.00087,0.0,7.6e-05,0.0258,2
pork,"Shoulder breast, boneless, separable lean and fat, cooked, broiled",Pork Products,162.0,28.47,4.49,0.0,0.0,0.0,0.541,0.0,0.1,10.412,0.432,0.542,7.0,0.92,26.0,0.012,240.0,2.43,0.0,0.00061,0.002,7.000000000000001e-05,0.0337,2
pork,"shoulder, petite tender, boneless, separable lean and fat, cooked, broiled",Pork Products,155.0,27.47,4.23,0.0,0.0,0.0,0.594,0.0,0.1,6.345,0.465,0.733,8.0,1.25,27.0,0.012,254.0,2.74,0.0,0.00076,0.001,9.9e-05,0.027,2
pork,"Shoulder petite tender, boneless, separable lean and fat, raw",Pork Products,128.0,21.65,3.91,0.0,0.0,0.0,0.65,0.0,0.08,5.312,0.6,0.831,6.0,1.07,24.0,0.011,229.0,2.16,0.0,0.0005899999999999,0.002,8.999999999999999e-05,0.0215,2
pork,"Leg sirloin tip roast, boneless, separable lean and fat, cooked, braised",Pork Products,156.0,31.11,2.56,0.0,0.0,0.0,0.491,0.0,0.11,7.685,0.51,0.603,5.0,1.06,25.0,0.009,237.0,2.86,0.0,0.00058,0.001,6.8e-05,0.0377,2
pork,"Leg sirloin tip roast, boneless, separable lean and fat, raw",Pork Products,113.0,22.88,1.71,0.0,0.0,0.0,0.689,0.0,0.08,7.183,0.357,0.654,5.0,0.8,25.0,0.009,232.0,2.05,0.0,0.00053,0.0,6.7e-05,0.0264,2
pork,"ground, 84% lean / 16% fat, raw",Pork Products,218.0,17.99,16.0,0.44,0.0,0.0,0.551,0.0,0.45,6.416,0.338,0.332,15.0,0.88,16.0,0.01,161.0,1.91,0.0,0.00073,0.002,3.2e-05,0.0301999999999999,2
pork,"ground, 96% lean / 4% fat, raw",Pork Products,121.0,21.1,4.0,0.21,0.0,0.0,0.668,0.0,0.29,7.914,0.368,0.414,15.0,0.86,19.0,0.01,190.0,1.93,0.0,0.00064,0.002,3.3e-05,0.0348,2
pork,"ground, 72% lean / 28% fat, cooked, crumbles",Pork Products,393.0,22.83,32.93,1.39,0.0,0.0,0.508,0.0,0.35,7.522,0.488,0.341,20.0,1.15,19.0,0.013,192.0,2.58,0.0,0.00117,0.002,3.8e-05,0.038,2
pork,"ground, 84% lean / 16% fat, cooked, crumbles",Pork Products,289.0,26.69,20.04,0.58,0.0,0.0,0.613,0.0,0.31,9.286,0.486,0.421,20.0,1.1,23.0,0.013,226.0,2.57,0.0,0.00102,0.001,4e-05,0.0424,2
pork,"ground, 96% lean / 4% fat, cooked, crumbles",Pork Products,187.0,30.55,7.15,0.0,0.0,0.0,0.717,0.0,0.26,11.05,0.484,0.5,19.0,1.05,27.0,0.013,261.0,2.56,0.0,0.00086,0.0,4.1e-05,0.0467,2
pork,"ground, 72% lean / 28% fat, cooked, pan-broiled",Pork Products,377.0,22.59,31.42,1.08,0.0,0.0,0.443,0.0,0.47,6.852,0.488,0.271,20.0,1.21,18.0,0.013,181.0,2.48,0.0,0.00111,0.004,3.8e-05,0.0378999999999999,2
pork,"ground, 84% lean / 16% fat, cooked, pan-broiled",Pork Products,301.0,27.14,21.39,0.0,0.0,0.0,0.535,0.0,0.44,8.573,0.462,0.352,20.0,1.16,22.0,0.013,221.0,2.54,0.0,0.0009699999999999,0.004,3.8e-05,0.0435,2
pork,"ground, 96% lean / 4% fat, cooked, pan-broiled",Pork Products,185.0,31.69,6.2,0.57,0.0,0.0,0.627,0.0,0.4,10.293,0.435,0.433,20.0,1.11,25.0,0.013,261.0,2.59,0.0,0.00083,0.003,3.9e-05,0.0491,2
pork loin,"fresh, backribs, bone-in, raw, lean only",Pork Products,172.0,20.85,9.84,0.0,0.0,0.0,0.465,0.0,0.2,7.247,0.331,0.496,26.0,0.84,17.0,0.009,165.0,2.73,0.003,0.00054,0.0,9.1e-05,0.0332999999999999,2
pork loin,"fresh, backribs, bone-in, cooked-roasted, lean only",Pork Products,255.0,24.15,17.65,0.0,0.0,0.0,0.433,0.0,0.27,7.883,0.348,0.479,44.0,0.96,17.0,0.011,171.0,3.24,0.004,0.00075,0.0,0.000107,0.0337,2
pork,"fresh, loin, blade (chops or roasts), boneless, separable lean only, raw",Pork Products,123.0,21.35,3.78,0.82,0.0,0.0,0.575,0.0,0.18,6.848,0.237,0.631,6.0,0.77,22.0,0.01,244.0,1.82,0.003,0.00049,0.0,5.2e-05,0.0391,2
pork,"fresh, loin, blade (roasts), boneless, separable lean only, cooked, roasted",Pork Products,175.0,27.58,7.14,0.0,0.0,0.0,0.494,0.0,0.23,7.68,0.273,0.622,11.0,0.92,24.0,0.016,277.0,2.5,0.001,0.00085,0.0,7.8e-05,0.0456,2
pork,"fresh, loin, blade (chops), boneless, separable lean only, boneless, cooked, broiled",Pork Products,169.0,26.14,6.74,0.89,0.0,0.0,0.54,0.0,0.23,8.063,0.256,0.671,7.0,0.92,25.0,0.01,284.0,2.45,0.002,0.00069,0.0,6.8e-05,0.0472,2
pork,"fresh, loin, country-style ribs, separable lean only, boneless, cooked, broiled",Pork Products,216.0,27.83,11.65,0.0,0.0,0.0,0.575,0.0,0.26,9.152,0.367,0.571,7.0,0.92,26.0,0.01,285.0,2.46,0.003,0.00073,0.0,6.900000000000001e-05,0.0474,2
pork,"fresh, loin, country-style ribs, separable lean only, bone-in, cooked, broiled",Pork Products,216.0,27.83,11.65,0.0,0.0,0.0,0.575,0.0,0.26,9.152,0.367,0.571,61.0,1.02,24.0,0.012,284.0,3.73,0.003,0.00073,0.0,0.000117,0.0429,2
pork,"fresh, loin, country-style ribs, separable lean only, boneless, cooked, roasted",Pork Products,219.0,29.2,11.38,0.0,0.0,0.0,0.523,0.0,0.27,8.13,0.289,0.658,12.0,0.98,26.0,0.017,294.0,2.66,0.001,0.0009,0.0,8.3e-05,0.0485,2
pork,"fresh, blade, (chops), boneless, separable lean and fat, cooked, broiled",Pork Products,202.0,24.73,11.13,0.83,0.0,0.0,0.515,0.0,0.21,7.698,0.252,0.637,8.0,0.89,24.0,0.009,271.0,2.32,0.004,0.00068,0.0,7.000000000000001e-05,0.0446,2
pork,"fresh, loin, blade (chops or roasts), boneless, separable lean and fat only, raw",Pork Products,157.0,20.54,7.94,0.76,0.0,0.0,0.546,0.0,0.19,6.564,0.227,0.599,6.0,0.74,21.0,0.009,233.0,1.74,0.004,0.00049,0.0,5.3e-05,0.0371,2
pork,"fresh, loin, blade (roasts), boneless, separable lean and fat, cooked, roasted",Pork Products,199.0,26.48,10.32,0.0,0.0,0.0,0.478,0.0,0.22,7.435,0.269,0.6,12.0,0.89,23.0,0.015,268.0,2.41,0.002,0.0008399999999999,0.0,7.9e-05,0.0437,2
pork,"fresh, loin, country-style ribs, separable lean and fat, boneless, cooked, broiled",Pork Products,247.0,26.28,15.73,0.0,0.0,0.0,0.547,0.0,0.24,8.699,0.354,0.544,8.0,0.89,24.0,0.009,272.0,2.33,0.004,0.0007199999999999,0.0,7.000000000000001e-05,0.0447,2
pork,"fresh, loin, country-style ribs, separable lean and fat, bone-in, cooked, broiled",Pork Products,260.0,25.58,17.56,0.0,0.0,0.0,0.534,0.0,0.23,8.497,0.348,0.532,57.0,0.96,22.0,0.011,265.0,3.41,0.005,0.0007099999999999,0.0,0.000114,0.0395,2
pork,"fresh, loin, country-style ribs, separable lean and fat, boneless, cooked, roasted",Pork Products,270.0,26.4,18.31,0.0,0.0,0.0,0.481,0.0,0.23,7.496,0.278,0.601,13.0,0.91,24.0,0.015,271.0,2.42,0.004,0.00086,0.0,8.400000000000001e-05,0.0438,2
bacon,"pre-sliced, reduced/low sodium, unprepared",Pork Products,407.0,12.53,39.27,0.83,0.83,0.0,0.0,0.0,0.43,0.0,0.0,0.0,4.0,0.42,12.0,0.011,180.0,1.19,0.0,0.0005,0.0,4.7e-05,0.0,2
canadian bacon,"cooked, pan-fried",Pork Products,146.0,27.97,2.88,1.92,1.2,0.0,0.287,0.0,0.37,9.597,0.184,0.641,7.0,0.57,26.0,0.016,317.0,1.72,0.0,0.0004199999999999,0.004,6.2e-05,0.0505,2
alfalfa seeds,"sprouted, raw",Vegetables,23.0,3.99,0.69,2.1,0.2,1.9,0.034,8.2,0.02,0.481,0.126,0.076,32.0,0.96,27.0,0.188,70.0,0.92,0.008,0.0,0.036,0.000157,0.0006,0
amaranth leaves,raw,Vegetables,23.0,2.46,0.33,4.02,0.0,0.0,0.192,43.3,0.0,0.658,0.158,0.027,215.0,2.32,55.0,0.885,50.0,0.9,0.146,0.0,0.085,0.000162,0.0009,0
amaranth leaves,"cooked, boiled, drained, without salt",Vegetables,21.0,2.11,0.18,4.11,0.0,0.0,0.177,41.1,0.0,0.559,0.134,0.02,209.0,2.26,55.0,0.861,72.0,0.88,0.139,0.0,0.057,0.000158,0.0009,0
arrowhead,raw,Vegetables,99.0,5.33,0.29,20.23,0.0,0.0,0.26,1.1,0.0,1.65,0.073,0.17,10.0,2.57,51.0,0.36,174.0,0.28,0.0,0.0,0.014,0.000171,0.0007,0
arrowhead,"cooked, boiled, drained, without salt",Vegetables,78.0,4.49,0.1,16.14,0.0,0.0,0.206,0.3,0.0,1.16,0.06,0.144,7.0,1.21,49.0,0.285,197.0,0.22,0.0,0.0,0.009,0.000135,0.0006,0
artichokes,"(globe or french), raw",Vegetables,47.0,3.27,0.15,10.51,0.99,5.4,0.116,11.7,0.19,1.046,0.066,0.072,44.0,1.28,60.0,0.256,90.0,0.49,0.001,0.0,0.068,0.000231,0.0002,0
artichokes,"(globe or french), cooked, boiled, drained, without salt",Vegetables,53.0,2.89,0.34,11.95,0.99,8.6,0.081,7.4,0.19,1.11,0.089,0.05,21.0,0.61,42.0,0.225,73.0,0.4,0.001,0.0,0.089,0.000127,0.0002,0
artichokes,"(globe or french), frozen, unprepared",Vegetables,38.0,2.63,0.43,7.75,0.0,3.9,0.082,5.3,0.0,0.86,0.14,0.058,19.0,0.5,27.0,0.243,58.0,0.32,0.008,0.0,0.126,5.4e-05,0.0002,0
artichokes,"(globe or french), frozen, cooked, boiled, drained, without salt",Vegetables,45.0,3.11,0.5,9.18,0.84,4.6,0.087,5.0,0.16,0.915,0.158,0.062,21.0,0.56,31.0,0.273,61.0,0.36,0.001,0.0,0.119,6.1e-05,0.0002,0
asparagus,raw,Vegetables,20.0,2.2,0.12,3.88,1.88,2.1,0.091,5.6,1.13,0.978,0.141,0.143,24.0,2.14,14.0,0.158,52.0,0.54,0.038,0.0,0.052,0.000189,0.0023,0
asparagus,"cooked, boiled, drained",Vegetables,22.0,2.4,0.22,4.11,1.3,2.0,0.079,7.7,1.5,1.084,0.139,0.162,23.0,0.91,14.0,0.154,54.0,0.6,0.05,0.0,0.149,0.000165,0.0060999999999999,0
asparagus,"canned, regular pack, solids and liquids",Vegetables,15.0,1.8,0.18,2.48,0.0,1.0,0.098,16.5,1.16,0.851,0.089,0.054,15.0,0.6,9.0,0.152,38.0,0.47,0.0,0.0,0.085,0.000107,0.0016,0
asparagus,"canned, drained solids",Vegetables,19.0,2.14,0.65,2.46,1.06,1.6,0.11,18.4,1.22,0.954,0.1,0.061,16.0,1.83,10.0,0.17,43.0,0.4,0.041,0.0,0.096,9.6e-05,0.0017,0
asparagus,"frozen, unprepared",Vegetables,24.0,3.23,0.23,4.1,0.0,1.9,0.111,31.8,0.0,1.202,0.131,0.121,25.0,0.73,14.0,0.203,64.0,0.59,0.047,0.0,0.191,0.000137,0.0017,0
asparagus,"frozen, cooked, boiled, drained, without salt",Vegetables,18.0,2.95,0.42,1.92,0.32,1.6,0.02,24.4,1.2,1.038,0.103,0.065,18.0,0.56,10.0,0.14,49.0,0.41,0.04,0.0,0.135,0.0001049999999999,0.0039,0
balsam-pear (bitter gourd),"leafy tips, raw",Vegetables,30.0,5.3,0.69,3.29,0.0,0.0,0.803,88.0,0.0,1.11,0.362,0.181,84.0,2.04,85.0,0.536,99.0,0.3,0.087,0.0,0.128,0.000201,0.0009,0
balsam-pear (bitter gourd),"leafy tips, cooked, boiled, drained, without salt",Vegetables,34.0,3.6,0.2,6.68,1.04,1.9,0.76,55.6,1.45,0.995,0.282,0.147,42.0,1.02,94.0,0.536,77.0,0.3,0.121,0.0,0.088,0.000201,0.0009,0
balsam-pear (bitter gourd),"pods, raw",Vegetables,17.0,1.0,0.17,3.7,0.0,2.8,0.043,84.0,0.0,0.4,0.04,0.04,19.0,0.43,17.0,0.089,31.0,0.8,0.024,0.0,0.072,3.4e-05,0.0002,0
balsam-pear (bitter gourd),"pods, cooked, boiled, drained, without salt",Vegetables,19.0,0.84,0.18,4.32,1.95,2.0,0.041,33.0,0.14,0.28,0.053,0.051,9.0,0.38,16.0,0.086,36.0,0.77,0.006,0.0,0.051,3.3e-05,0.0002,0
bamboo shoots,raw,Vegetables,27.0,2.6,0.3,5.2,3.0,2.2,0.24,4.0,1.0,0.6,0.07,0.15,13.0,0.5,3.0,0.262,59.0,1.1,0.001,0.0,0.007,0.00019,0.0008,0
bamboo shoots,"cooked, boiled, drained, without salt",Vegetables,12.0,1.53,0.22,1.92,0.0,1.0,0.098,0.0,0.0,0.3,0.05,0.02,12.0,0.24,3.0,0.113,20.0,0.47,0.0,0.0,0.002,8.2e-05,0.0004,0
bamboo shoots,"canned, drained solids",Vegetables,19.0,1.72,0.4,3.22,1.89,1.4,0.136,1.1,0.63,0.14,0.026,0.026,8.0,0.32,4.0,0.157,25.0,0.65,0.001,0.0,0.003,0.000114,0.0005,0
beans,"kidney, mature seeds, sprouted, raw",Vegetables,29.0,4.2,0.5,4.1,0.0,0.0,0.085,38.7,0.0,2.92,0.25,0.37,17.0,0.81,21.0,0.182,37.0,0.4,0.0,0.0,0.059,0.000159,0.0006,0
beans,"kidney, mature seeds, sprouted, cooked, boiled, drained, without salt",Vegetables,33.0,4.83,0.58,4.72,0.0,0.0,0.093,35.6,0.0,3.024,0.273,0.362,19.0,0.89,23.0,0.199,38.0,0.44,0.0,0.0,0.047,0.000174,0.0006,0
lima beans,"immature seeds, raw",Vegetables,113.0,6.84,0.86,20.17,1.48,4.9,0.204,23.4,0.32,1.474,0.103,0.217,34.0,3.14,58.0,1.215,136.0,0.78,0.01,0.0,0.034,0.000318,0.0018,0
lima beans,"immature seeds, cooked, boiled, drained, without salt",Vegetables,123.0,6.81,0.32,23.64,1.63,5.3,0.193,10.1,0.14,1.04,0.096,0.14,32.0,2.45,74.0,1.252,130.0,0.79,0.015,0.0,0.026,0.000305,0.002,0
beans,"lima, immature seeds, canned, regular pack, solids and liquids",Vegetables,71.0,4.07,0.29,13.33,0.0,3.6,0.062,7.3,0.0,0.532,0.043,0.029,28.0,1.61,34.0,0.7,71.0,0.64,0.008,0.0,0.016,0.000162,0.0011,0
lima beans,"immature seeds, frozen, fordhook, unprepared",Vegetables,106.0,6.4,0.35,19.83,1.39,5.5,0.136,19.3,0.72,1.187,0.067,0.092,24.0,1.51,38.0,0.345,74.0,0.49,0.011,0.0,0.032,6.2e-05,0.0017,0
lima beans,"immature seeds, frozen, fordhook, cooked, boiled, drained, without salt",Vegetables,103.0,6.07,0.34,19.32,1.34,5.8,0.122,12.8,0.29,1.069,0.061,0.074,30.0,1.82,42.0,0.648,97.0,0.74,0.01,0.0,0.021,0.00017,0.0006,0
lima beans,"immature seeds, frozen, baby, unprepared",Vegetables,132.0,7.59,0.44,25.14,0.0,6.0,0.16,8.3,0.0,1.023,0.075,0.114,35.0,2.21,50.0,0.702,104.0,0.63,0.009,0.0,0.028,0.000128,0.0021,0
lima beans,"immature seeds, frozen, baby, cooked, boiled, drained, without salt",Vegetables,105.0,6.65,0.3,19.45,1.37,6.0,0.115,5.8,0.64,0.77,0.055,0.07,28.0,1.96,56.0,0.813,112.0,0.55,0.008,0.0,0.016,0.000197,0.0017,0
mung beans,"mature seeds, sprouted, raw",Vegetables,30.0,3.04,0.18,5.94,4.13,1.8,0.088,13.2,0.1,0.749,0.124,0.084,13.0,0.91,21.0,0.188,54.0,0.41,0.001,0.0,0.061,0.000164,0.0006,0
mung beans,"mature seeds, sprouted, cooked, boiled, drained, without salt",Vegetables,21.0,2.03,0.09,4.19,2.84,0.8,0.054,11.4,0.07,0.817,0.102,0.05,12.0,0.65,14.0,0.14,28.0,0.47,0.001,0.0,0.029,0.000122,0.0006,0
mung beans,"mature seeds, sprouted, cooked, stir-fried",Vegetables,50.0,4.3,0.21,10.59,0.0,1.9,0.13,16.0,0.0,1.2,0.18,0.14,13.0,1.9,33.0,0.292,79.0,0.9,0.002,0.0,0.07,0.000255,0.0006,0
beans,"navy, mature seeds, sprouted, raw",Vegetables,67.0,6.15,0.7,13.05,0.0,0.0,0.191,18.8,0.0,1.22,0.215,0.39,15.0,1.93,101.0,0.408,100.0,0.89,0.0,0.0,0.132,0.000356,0.0006,0
beans,"navy, mature seeds, sprouted, cooked, boiled, drained, without salt",Vegetables,78.0,7.07,0.81,15.01,0.0,0.0,0.198,17.3,0.0,1.263,0.235,0.381,16.0,2.11,111.0,0.446,103.0,0.97,0.0,0.0,0.106,0.000389,0.0006,0
beans,"pinto, immature seeds, frozen, unprepared",Vegetables,170.0,9.8,0.5,32.5,0.0,5.7,0.215,1.0,0.0,0.7,0.12,0.34,58.0,3.0,60.0,0.546,117.0,0.77,0.0,0.0,0.05,9.8e-05,0.0015,0
beans,"pinto, immature seeds, frozen, cooked, boiled, drained, without salt",Vegetables,162.0,9.31,0.48,30.88,0.0,8.6,0.194,0.7,0.0,0.632,0.108,0.274,52.0,2.71,54.0,0.493,100.0,0.69,0.0,0.0,0.034,8.8e-05,0.0014,3
beans,"shellie, canned, solids and liquids",Vegetables,30.0,1.76,0.19,6.19,0.63,3.4,0.049,3.1,0.03,0.205,0.054,0.032,29.0,0.99,15.0,0.382,30.0,0.27,0.011,0.0,0.018,8e-05,0.0021,0
beans,"snap, green, raw",Vegetables,31.0,1.83,0.22,6.97,3.26,2.7,0.141,12.2,0.41,0.734,0.104,0.082,37.0,1.03,25.0,0.216,38.0,0.24,0.035,0.0,0.033,6.900000000000001e-05,0.0006,0
beans,"snap, green, cooked, boiled, drained, without salt",Vegetables,35.0,1.89,0.28,7.88,1.55,3.2,0.056,9.7,0.45,0.614,0.097,0.074,44.0,0.65,18.0,0.285,29.0,0.25,0.035,0.0,0.033,5.7e-05,0.0002,0
beans,"snap, green variety, canned, regular pack, solids and liquids",Vegetables,15.0,0.72,0.17,3.27,1.25,1.5,0.03,2.2,0.21,0.2,0.02,0.015,29.0,1.02,13.0,0.205,18.0,0.36,0.016,0.0,0.026,3.7e-05,0.0,0
beans,"snap, green, canned, regular pack, drained solids",Vegetables,22.0,1.12,0.46,4.32,0.78,1.9,0.03,2.8,0.03,0.206,0.046,0.016,38.0,1.06,13.0,0.163,20.0,0.2,0.018,0.0,0.028,3.4e-05,0.0004,0
beans,"snap, canned, all styles, seasoned, solids and liquids",Vegetables,16.0,0.83,0.2,3.49,0.0,1.5,0.044,3.1,0.0,0.233,0.049,0.025,22.0,0.47,13.0,0.312,16.0,0.14,0.026,0.0,0.018,6e-05,0.0002,0
beans,"snap, green, frozen, all styles, unprepared",Vegetables,39.0,1.79,0.21,7.54,2.21,2.6,0.044,12.9,0.42,0.496,0.091,0.098,42.0,0.85,22.0,0.369,32.0,0.26,0.027,0.0,0.015,4.9000000000000005e-05,0.0006,0
beans,"snap, green, frozen, cooked, boiled, drained without salt",Vegetables,28.0,1.49,0.17,6.45,1.23,3.0,0.06,4.1,0.04,0.383,0.09,0.035,42.0,0.66,19.0,0.288,29.0,0.24,0.028,0.0,0.023,5.9e-05,0.0004,0
beans,"snap, green, frozen, all styles, microwaved",Vegetables,40.0,1.98,0.41,6.98,2.6,3.4,0.063,11.0,0.42,0.485,0.103,0.073,61.0,0.8,29.0,0.33,42.0,0.31,0.026,0.0,0.0,6.6e-05,0.001,0
beans,"snap, green, microwaved",Vegetables,39.0,2.31,0.5,6.41,3.22,3.4,0.124,7.3,0.0,0.773,0.075,0.078,55.0,0.83,28.0,0.332,49.0,0.38,0.0,0.0,0.0,8.999999999999999e-05,0.0,0
beets,raw,Vegetables,43.0,1.61,0.17,9.56,6.76,2.8,0.067,4.9,0.04,0.334,0.04,0.031,16.0,0.8,23.0,0.329,40.0,0.35,0.002,0.0,0.109,7.5e-05,0.0007,0
beets,"cooked, boiled, drained",Vegetables,44.0,1.68,0.18,9.96,7.96,2.0,0.067,3.6,0.04,0.331,0.04,0.027,16.0,0.79,23.0,0.326,38.0,0.35,0.002,0.0,0.08,7.4e-05,0.0007,0
beets,"canned, regular pack, solids and liquids",Vegetables,30.0,0.73,0.09,7.14,6.53,1.2,0.055,2.8,0.03,0.151,0.038,0.01,18.0,0.73,18.0,0.411,15.0,0.34,0.001,0.0,0.029,4.3e-05,0.0001,0
beets,"canned, drained solids",Vegetables,31.0,0.91,0.14,7.21,5.51,1.8,0.057,4.1,0.03,0.157,0.04,0.01,15.0,1.82,17.0,0.287,17.0,0.21,0.001,0.0,0.03,5.9e-05,0.0005,0
beet greens,raw,Vegetables,22.0,2.2,0.13,4.33,0.5,3.7,0.106,30.0,1.5,0.4,0.22,0.1,117.0,2.57,70.0,0.391,41.0,0.38,0.316,0.0,0.015,0.000191,0.0009,0
beet greens,"cooked, boiled, drained, without salt",Vegetables,27.0,2.57,0.2,5.46,0.6,2.9,0.132,24.9,1.81,0.499,0.289,0.117,114.0,1.9,68.0,0.514,41.0,0.5,0.383,0.0,0.014,0.000251,0.0009,0
broadbeans,"immature seeds, raw",Vegetables,72.0,5.6,0.6,11.7,0.0,4.2,0.038,33.0,0.0,1.5,0.11,0.17,22.0,1.9,38.0,0.32,95.0,0.58,0.018,0.0,0.096,7.4e-05,0.0012,0
broadbeans,"immature seeds, cooked, boiled, drained, without salt",Vegetables,62.0,4.8,0.5,10.1,0.0,3.6,0.029,19.8,0.0,1.2,0.09,0.128,18.0,1.5,31.0,0.261,73.0,0.47,0.014,0.0,0.058,6e-05,0.001,0
broccoli,raw,Vegetables,34.0,2.82,0.37,6.64,1.7,2.6,0.175,89.2,0.78,0.639,0.117,0.071,47.0,0.73,21.0,0.21,66.0,0.41,0.031,0.0,0.063,4.9000000000000005e-05,0.0025,0
broccoli,"cooked, boiled, drained, without salt",Vegetables,35.0,2.38,0.41,7.18,1.39,3.3,0.2,64.9,1.45,0.553,0.123,0.063,40.0,0.67,21.0,0.194,67.0,0.45,0.077,0.0,0.108,6.1e-05,0.0016,0
broccoli,"frozen, chopped, unprepared",Vegetables,26.0,2.81,0.29,4.78,1.35,3.0,0.13,56.4,1.22,0.47,0.096,0.053,56.0,0.81,18.0,0.294,50.0,0.48,0.052,0.0,0.067,3.8e-05,0.0028,0
broccoli,"frozen, chopped, cooked, boiled, drained, without salt",Vegetables,28.0,3.1,0.12,5.35,1.47,3.0,0.13,40.1,1.32,0.458,0.081,0.055,33.0,0.61,13.0,0.223,49.0,0.28,0.051,0.0,0.056,3.4e-05,0.0007,0
broccoli,"frozen, spears, unprepared",Vegetables,29.0,3.06,0.34,5.35,1.47,3.0,0.175,68.3,1.35,0.462,0.114,0.072,41.0,0.72,16.0,0.256,59.0,0.34,0.057,0.0,0.094,3.5999999999999994e-05,0.0019,0
broccoli,"frozen, spears, cooked, boiled, drained, without salt",Vegetables,28.0,3.1,0.11,5.36,1.47,3.0,0.13,40.1,1.32,0.458,0.081,0.055,51.0,0.61,20.0,0.325,55.0,0.3,0.051,0.0,0.03,4.3e-05,0.0019,0
broccoli raab,raw,Vegetables,22.0,3.17,0.49,2.85,0.38,2.7,0.171,20.2,1.62,1.221,0.129,0.162,108.0,2.14,22.0,0.395,73.0,0.77,0.131,0.0,0.083,4.2e-05,0.001,0
broccoli raab,cooked,Vegetables,33.0,3.83,0.52,3.12,0.62,2.8,0.22,37.0,2.53,2.015,0.14,0.169,118.0,1.27,27.0,0.38,82.0,0.54,0.227,0.0,0.071,7.5e-05,0.0013,0
brussels sprouts,raw,Vegetables,43.0,3.38,0.3,8.95,2.2,3.8,0.219,85.0,0.88,0.745,0.09,0.139,42.0,1.4,23.0,0.337,69.0,0.42,0.038,0.0,0.061,7.000000000000001e-05,0.0016,0
brussels sprouts,"cooked, boiled, drained, without salt",Vegetables,36.0,2.55,0.5,7.1,1.74,2.6,0.178,62.0,0.43,0.607,0.08,0.107,36.0,1.2,20.0,0.227,56.0,0.33,0.039,0.0,0.06,8.3e-05,0.0015,0
brussels sprouts,"frozen, unprepared",Vegetables,41.0,3.78,0.41,7.86,0.0,3.8,0.202,74.1,0.0,0.638,0.122,0.105,26.0,0.93,20.0,0.311,62.0,0.31,0.031,0.0,0.123,3.3e-05,0.0015,0
brussels sprouts,"frozen, cooked, boiled, drained, without salt",Vegetables,42.0,3.64,0.39,8.32,2.08,4.1,0.289,45.7,0.51,0.537,0.113,0.103,26.0,0.48,18.0,0.206,56.0,0.24,0.046,0.0,0.101,3.4e-05,0.0006,0
burdock root,raw,Vegetables,72.0,1.53,0.15,17.34,2.9,3.3,0.24,3.0,0.38,0.3,0.03,0.01,41.0,0.8,38.0,0.232,51.0,0.33,0.0,0.0,0.023,7.7e-05,0.0007,0
burdock root,"cooked, boiled, drained, without salt",Vegetables,88.0,2.09,0.14,21.15,3.55,1.8,0.279,2.6,0.46,0.32,0.058,0.039,49.0,0.77,39.0,0.27,93.0,0.38,0.0,0.0,0.02,8.9e-05,0.0009,0
butterbur,"(fuki), raw",Vegetables,14.0,0.39,0.04,3.61,0.0,0.0,0.096,31.5,0.0,0.2,0.02,0.02,103.0,0.1,14.0,0.274,12.0,0.16,0.003,0.0,0.01,0.000103,0.0009,0
butterbur,"cooked, boiled, drained, without salt",Vegetables,8.0,0.23,0.02,2.16,0.0,0.0,0.052,18.9,0.0,0.1,0.01,0.01,59.0,0.1,8.0,0.156,7.0,0.09,0.001,0.0,0.004,5.9e-05,0.0009,0
butterbur,canned,Vegetables,3.0,0.11,0.13,0.38,0.0,0.0,0.033,11.9,0.0,0.14,0.006,0.006,34.0,0.63,2.0,0.098,4.0,0.06,0.0,0.0,0.003,3.7e-05,0.0009,0
cabbage,raw,Vegetables,25.0,1.28,0.1,5.8,3.2,2.5,0.124,36.6,0.15,0.234,0.04,0.061,40.0,0.47,12.0,0.16,26.0,0.18,0.005,0.0,0.043,1.9e-05,0.0003,0
cabbage,"cooked, boiled, drained, without salt",Vegetables,23.0,1.27,0.06,5.51,2.79,1.9,0.112,37.5,0.14,0.248,0.038,0.061,48.0,0.17,15.0,0.205,33.0,0.2,0.004,0.0,0.03,1.7e-05,0.0006,0
cabbage,"red, raw",Vegetables,31.0,1.43,0.16,7.37,3.83,2.1,0.209,57.0,0.11,0.418,0.069,0.064,45.0,0.8,16.0,0.243,30.0,0.22,0.056,0.0,0.018,1.7e-05,0.0006,0
cabbage,"red, cooked, boiled, drained, without salt",Vegetables,29.0,1.51,0.09,6.94,3.32,2.6,0.225,34.4,0.12,0.382,0.06,0.071,42.0,0.66,17.0,0.223,33.0,0.25,0.002,0.0,0.024,5.4e-05,0.0023,0
cabbage,"savoy, raw",Vegetables,27.0,2.0,0.1,6.1,2.27,3.1,0.19,31.0,0.17,0.3,0.03,0.07,35.0,0.4,28.0,0.18,42.0,0.27,0.05,0.0,0.08,6.2e-05,0.0009,0
cabbage,"savoy, cooked, boiled, drained, without salt",Vegetables,24.0,1.8,0.09,5.41,0.0,2.8,0.152,17.0,0.0,0.024,0.02,0.051,30.0,0.38,24.0,0.152,33.0,0.23,0.044,0.0,0.046,5.2e-05,0.0007,0
cabbage,"chinese (pak-choi), raw",Vegetables,13.0,1.5,0.2,2.18,1.18,1.0,0.194,45.0,0.09,0.5,0.07,0.04,105.0,0.8,19.0,0.159,37.0,0.19,0.223,0.0,0.066,2.1e-05,0.0005,0
cabbage,"chinese (pak-choi), cooked, boiled, drained, without salt",Vegetables,12.0,1.56,0.16,1.78,0.83,1.0,0.166,26.0,0.09,0.428,0.063,0.032,93.0,1.04,11.0,0.144,29.0,0.17,0.212,0.0,0.041,1.9e-05,0.0004,0
cabbage,"chinese (pe-tsai), raw",Vegetables,16.0,1.2,0.2,3.23,1.41,1.2,0.232,27.0,0.12,0.4,0.05,0.04,77.0,0.31,13.0,0.19,29.0,0.23,0.016,0.0,0.079,3.5999999999999994e-05,0.0006,0
cabbage,"chinese (pe-tsai), cooked, boiled, drained, without salt",Vegetables,14.0,1.5,0.17,2.41,0.0,1.7,0.177,15.8,0.0,0.5,0.044,0.044,32.0,0.3,10.0,0.153,39.0,0.18,0.048,0.0,0.053,2.9e-05,0.0004,0
cardoon,raw,Vegetables,17.0,0.7,0.1,4.07,0.0,1.6,0.116,2.0,0.0,0.3,0.03,0.02,70.0,0.7,42.0,0.256,23.0,0.17,0.0,0.0,0.068,0.000231,0.0002,0
cardoon,"cooked, boiled, drained, without salt",Vegetables,22.0,0.76,0.11,5.33,0.0,1.7,0.042,1.7,0.0,0.294,0.031,0.018,72.0,0.73,43.0,0.133,23.0,0.18,0.006,0.0,0.022,0.0,0.001,0
carrots,raw,Vegetables,41.0,0.93,0.24,9.58,4.74,2.8,0.138,5.9,0.66,0.983,0.058,0.066,33.0,0.3,12.0,0.143,35.0,0.24,0.835,0.0,0.019,4.5e-05,0.0001,0
carrots,"cooked, boiled, drained, without salt",Vegetables,35.0,0.76,0.18,8.22,3.45,3.0,0.153,3.6,1.03,0.645,0.044,0.066,30.0,0.34,10.0,0.155,30.0,0.2,0.852,0.0,0.014,1.7e-05,0.0007,0
carrots,"canned, regular pack, solids and liquids",Vegetables,23.0,0.58,0.14,5.37,2.46,1.8,0.112,2.0,0.73,0.421,0.027,0.019,31.0,0.52,9.0,0.45,20.0,0.29,0.613,0.0,0.008,0.000103,0.0004,0
carrots,"canned, regular pack, drained solids",Vegetables,25.0,0.64,0.19,5.54,2.48,1.5,0.112,2.7,0.74,0.552,0.03,0.018,25.0,0.64,8.0,0.45,24.0,0.26,0.558,0.0,0.009,0.000104,0.0004,0
carrots,"frozen, unprepared",Vegetables,36.0,0.78,0.46,7.9,4.76,3.3,0.095,2.5,0.57,0.464,0.037,0.044,36.0,0.44,12.0,0.171,33.0,0.33,0.71,0.0,0.01,7.4e-05,0.0007,0
carrots,"frozen, cooked, boiled, drained, without salt",Vegetables,37.0,0.58,0.68,7.73,4.08,3.3,0.084,2.3,1.01,0.416,0.037,0.03,35.0,0.53,11.0,0.167,31.0,0.35,0.846,0.0,0.011,8.2e-05,0.0006,0
cassava,raw,Vegetables,160.0,1.36,0.28,38.06,1.7,1.8,0.088,20.6,0.19,0.854,0.048,0.087,16.0,0.27,21.0,0.384,27.0,0.34,0.001,0.0,0.027,0.0001,0.0007,0
cauliflower,raw,Vegetables,25.0,1.92,0.28,4.97,1.91,2.0,0.184,48.2,0.08,0.507,0.06,0.05,22.0,0.42,15.0,0.155,44.0,0.27,0.0,0.0,0.057,3.9e-05,0.0006,0
cauliflower,"cooked, boiled, drained, without salt",Vegetables,23.0,1.84,0.45,4.11,2.08,2.3,0.173,44.3,0.07,0.41,0.052,0.042,16.0,0.32,9.0,0.132,32.0,0.17,0.001,0.0,0.044,1.7999999999999997e-05,0.0006,0
cauliflower,"frozen, unprepared",Vegetables,24.0,2.01,0.27,4.68,2.22,2.3,0.123,48.8,0.07,0.429,0.07,0.051,22.0,0.54,12.0,0.197,35.0,0.17,0.001,0.0,0.064,3.1e-05,0.0008,0
cauliflower,"frozen, cooked, boiled, drained, without salt",Vegetables,19.0,1.61,0.22,3.75,1.05,2.7,0.088,31.3,0.06,0.31,0.053,0.037,17.0,0.41,9.0,0.15,24.0,0.13,0.0,0.0,0.041,2.4e-05,0.0006,0
celeriac,raw,Vegetables,42.0,1.5,0.3,9.2,1.6,1.8,0.165,8.0,0.36,0.7,0.06,0.05,43.0,0.7,20.0,0.158,115.0,0.33,0.0,0.0,0.008,7.000000000000001e-05,0.0007,0
celeriac,"cooked, boiled, drained, without salt",Vegetables,27.0,0.96,0.19,5.9,0.0,1.2,0.101,3.6,0.0,0.427,0.037,0.027,26.0,0.43,12.0,0.096,66.0,0.2,0.0,0.0,0.003,4.3e-05,0.0004,0
celery,raw,Vegetables,16.0,0.69,0.17,2.97,1.34,1.6,0.074,3.1,0.27,0.32,0.057,0.021,40.0,0.2,11.0,0.103,24.0,0.13,0.022,0.0,0.036,3.5000000000000004e-05,0.0004,0
celery,"cooked, boiled, drained, without salt",Vegetables,18.0,0.83,0.16,4.0,2.37,1.6,0.086,6.1,0.35,0.372,0.07,0.023,42.0,0.42,12.0,0.106,25.0,0.14,0.026,0.0,0.033,3.5999999999999994e-05,0.001,0
celtuce,raw,Vegetables,18.0,0.85,0.3,3.65,0.0,1.7,0.05,19.5,0.0,0.55,0.07,0.055,39.0,0.55,28.0,0.688,39.0,0.27,0.175,0.0,0.046,4e-05,0.0009,0
chard,"swiss, raw",Vegetables,19.0,1.8,0.2,3.74,1.1,1.6,0.099,30.0,1.89,0.4,0.09,0.04,51.0,1.8,81.0,0.366,46.0,0.36,0.306,0.0,0.014,0.000179,0.0009,0
chard,"swiss, cooked, boiled, drained, without salt",Vegetables,20.0,1.88,0.08,4.13,1.1,2.1,0.085,18.0,1.89,0.36,0.086,0.034,58.0,2.26,86.0,0.334,33.0,0.33,0.306,0.0,0.009,0.000163,0.0009,0
chayote,"fruit, raw",Vegetables,19.0,0.82,0.13,4.51,1.66,1.7,0.076,7.7,0.12,0.47,0.029,0.025,17.0,0.34,12.0,0.189,18.0,0.74,0.0,0.0,0.093,0.000123,0.0002,0
chayote,"fruit, cooked, boiled, drained, without salt",Vegetables,24.0,0.62,0.48,5.09,0.0,2.8,0.118,8.0,0.0,0.42,0.04,0.026,13.0,0.22,12.0,0.169,29.0,0.31,0.002,0.0,0.018,0.00011,0.0003,0
chicory,"witloof, raw",Vegetables,17.0,0.9,0.1,4.0,0.0,3.1,0.042,2.8,0.0,0.16,0.027,0.062,19.0,0.24,10.0,0.1,26.0,0.16,0.001,0.0,0.037,5.1e-05,0.0002,0
chicory greens,raw,Vegetables,23.0,1.7,0.3,4.7,0.7,4.0,0.105,24.0,2.26,0.5,0.1,0.06,100.0,0.9,30.0,0.429,47.0,0.42,0.286,0.0,0.11,0.0002949999999999,0.0003,0
chicory roots,raw,Vegetables,72.0,1.4,0.2,17.51,8.73,1.5,0.241,5.0,0.0,0.4,0.03,0.04,41.0,0.8,22.0,0.233,61.0,0.33,0.0,0.0,0.023,7.7e-05,0.0007,0
chives,raw,Vegetables,30.0,3.27,0.73,4.35,1.85,2.5,0.138,58.1,0.21,0.647,0.115,0.078,92.0,1.6,42.0,0.373,58.0,0.56,0.218,0.0,0.105,0.000157,0.0009,0
chrysanthemum,"garland, raw",Vegetables,24.0,3.36,0.56,3.02,0.0,3.0,0.176,1.4,0.0,0.531,0.144,0.13,117.0,2.29,32.0,0.943,54.0,0.71,0.116,0.0,0.177,0.000137,0.0,0
chrysanthemum,"garland, cooked, boiled, drained, without salt",Vegetables,20.0,1.64,0.09,4.31,2.01,2.3,0.118,23.9,2.5,0.72,0.16,0.021,69.0,3.74,18.0,0.355,43.0,0.2,0.129,0.0,0.05,0.000133,0.0003,0
collards,raw,Vegetables,32.0,3.02,0.61,5.42,0.46,4.0,0.165,35.3,2.26,0.742,0.13,0.054,232.0,0.47,27.0,0.658,25.0,0.21,0.251,0.0,0.129,4.6e-05,0.0013,0
collards,"cooked, boiled, drained, without salt",Vegetables,33.0,2.71,0.72,5.65,0.4,4.0,0.128,18.2,0.88,0.575,0.106,0.04,141.0,1.13,21.0,0.51,32.0,0.23,0.38,0.0,0.016,5.1e-05,0.0005,0
collards,"frozen, chopped, unprepared",Vegetables,33.0,2.69,0.37,6.46,0.0,3.6,0.115,40.0,0.0,0.641,0.11,0.05,201.0,1.07,29.0,0.633,27.0,0.26,0.459,0.0,0.073,5.3e-05,0.0014,0
collards,"frozen, chopped, cooked, boiled, drained, without salt",Vegetables,36.0,2.97,0.41,7.1,0.57,2.8,0.114,26.4,1.25,0.635,0.115,0.047,210.0,1.12,30.0,0.663,27.0,0.27,0.575,0.0,0.076,5.5e-05,0.0015,0
coriander (cilantro) leaves,raw,Vegetables,23.0,2.13,0.52,3.67,0.87,2.8,0.149,27.0,2.5,1.114,0.162,0.067,67.0,1.77,26.0,0.426,48.0,0.5,0.337,0.0,0.062,0.000225,0.0009,0
corn,"sweet, yellow, raw",Vegetables,86.0,3.27,1.35,18.7,6.26,2.0,0.093,6.8,0.07,1.77,0.055,0.155,2.0,0.52,37.0,0.163,89.0,0.46,0.009,0.0,0.042,5.4e-05,0.0006,0
corn,"sweet, yellow, cooked, boiled, drained, without salt",Vegetables,96.0,3.41,1.5,20.98,4.54,2.4,0.139,5.5,0.09,1.683,0.057,0.093,3.0,0.45,26.0,0.167,77.0,0.62,0.013,0.0,0.023,4.9000000000000005e-05,0.0002,0
corn,"sweet, yellow, canned, brine pack, regular pack, solids and liquids",Vegetables,61.0,1.95,0.77,13.86,2.83,1.7,0.037,2.6,0.03,0.884,0.015,0.015,4.0,0.36,15.0,0.082,46.0,0.39,0.002,0.0,0.038,2.8e-05,0.0005,0
corn,"sweet, yellow, canned, whole kernel, drained solids",Vegetables,71.0,2.32,1.37,15.06,2.42,2.3,0.065,2.1,0.07,0.883,0.016,0.015,3.0,0.28,13.0,0.066,46.0,0.31,0.002,0.0,0.036,3.1e-05,0.0006,0
corn,"sweet, yellow, canned, cream style, regular pack",Vegetables,72.0,1.74,0.42,18.13,3.23,1.2,0.063,4.6,0.07,0.96,0.053,0.025,3.0,0.38,17.0,0.068,51.0,0.53,0.004,0.0,0.045,5.2e-05,0.0004,0
corn,"sweet, yellow, canned, vacuum pack, regular pack",Vegetables,79.0,2.41,0.5,19.44,3.56,2.0,0.055,8.1,0.04,1.167,0.073,0.041,5.0,0.42,23.0,0.067,64.0,0.46,0.004,0.0,0.049,4.8e-05,0.0007,0
corn,"sweet, yellow, canned, drained solids, rinsed with tap water",Vegetables,74.0,2.18,1.43,13.02,0.0,0.0,0.0,1.7,0.0,0.78,0.015,0.015,2.0,0.22,11.0,0.056,41.0,0.28,0.0,0.0,0.029,3.1e-05,0.0,0
corn,"sweet, yellow, frozen, kernels cut off cob, unprepared",Vegetables,88.0,3.02,0.78,20.71,2.5,2.1,0.168,6.4,0.08,1.739,0.068,0.083,4.0,0.42,18.0,0.123,70.0,0.38,0.01,0.0,0.036,3.5999999999999994e-05,0.0007,0
corn,"sweet, yellow, frozen, kernels cut off cob, boiled, drained, without salt",Vegetables,81.0,2.55,0.67,19.3,3.07,2.4,0.099,3.5,0.07,1.311,0.062,0.03,3.0,0.47,28.0,0.155,79.0,0.63,0.01,0.0,0.035,4.8e-05,0.0007,0
corn,"sweet, yellow, frozen, kernels on cob, unprepared",Vegetables,98.0,3.28,0.78,23.5,3.78,2.8,0.179,7.2,0.09,1.681,0.088,0.103,4.0,0.68,32.0,0.158,87.0,0.7,0.012,0.0,0.04,5.1e-05,0.0008,0
corn,"sweet, yellow, frozen, kernels on cob, cooked, boiled, drained, without salt",Vegetables,94.0,3.11,0.74,22.33,3.59,2.8,0.224,4.8,0.08,1.517,0.069,0.174,3.0,0.61,29.0,0.142,75.0,0.63,0.012,0.0,0.031,4.6e-05,0.0007,0
corn,"yellow, whole kernel, frozen, microwaved",Vegetables,131.0,3.62,1.42,25.87,3.36,2.6,0.12,0.0,0.1,2.07,0.05,0.083,5.0,0.39,25.0,0.129,95.0,0.53,0.012,0.0,0.0,5.4e-05,0.0,0
corn with red and green peppers,"canned, solids and liquids",Vegetables,75.0,2.33,0.55,18.17,0.0,0.0,0.097,8.8,0.0,0.95,0.08,0.022,5.0,0.79,25.0,0.043,62.0,0.37,0.012,0.0,0.034,6e-05,0.0006,0
cornsalad,raw,Vegetables,21.0,2.0,0.4,3.6,0.0,0.0,0.273,38.2,0.0,0.415,0.087,0.071,38.0,2.18,13.0,0.359,53.0,0.59,0.355,0.0,0.014,0.000134,0.0009,0
cowpeas (blackeyes),"immature seeds, raw",Vegetables,90.0,2.95,0.35,18.83,3.0,5.0,0.067,2.5,0.0,1.45,0.145,0.11,126.0,1.1,51.0,0.56,53.0,1.01,0.041,0.0,0.168,0.00013,0.0023,0
cowpeas (blackeyes),"immature seeds, cooked, boiled, drained, without salt",Vegetables,97.0,3.17,0.38,20.32,3.23,5.0,0.065,2.2,0.22,1.403,0.148,0.101,128.0,1.12,52.0,0.572,51.0,1.03,0.04,0.0,0.127,0.000133,0.0025,0
cowpeas (blackeyes),"immature seeds, frozen, unprepared",Vegetables,139.0,8.98,0.7,25.13,0.0,5.0,0.106,4.0,0.0,0.811,0.071,0.245,26.0,2.35,55.0,0.881,122.0,1.58,0.004,0.0,0.187,0.000205,0.0036,0
cowpeas (blackeyes),"immature seeds, frozen, cooked, boiled, drained, without salt",Vegetables,132.0,8.49,0.66,23.76,4.46,6.4,0.095,2.6,0.3,0.728,0.064,0.26,23.0,2.12,50.0,0.791,122.0,1.42,0.004,0.0,0.141,0.000184,0.0034,0
cowpeas,"young pods with seeds, raw",Vegetables,44.0,3.3,0.3,9.5,5.04,3.3,0.173,33.0,0.49,1.2,0.14,0.15,65.0,1.0,58.0,0.308,65.0,0.34,0.068,0.0,0.053,0.0001,0.0009,0
cowpeas,"young pods with seeds, cooked, boiled, drained, without salt",Vegetables,34.0,2.6,0.3,7.0,0.0,0.0,0.123,17.0,0.0,0.8,0.09,0.09,55.0,0.7,41.0,0.219,49.0,0.24,0.07,0.0,0.026,7.099999999999999e-05,0.0007,0
yardlong bean,raw,Vegetables,47.0,2.8,0.4,8.35,0.0,0.0,0.024,18.8,0.0,0.41,0.11,0.107,50.0,0.47,44.0,0.205,59.0,0.37,0.043,0.0,0.062,4.8e-05,0.0015,0
yardlong bean,"cooked, boiled, drained, without salt",Vegetables,47.0,2.53,0.1,9.18,0.0,0.0,0.024,16.2,0.0,0.63,0.099,0.085,44.0,0.98,42.0,0.201,57.0,0.36,0.023,0.0,0.045,4.7e-05,0.0015,0
cowpeas,"leafy tips, raw",Vegetables,29.0,4.1,0.25,4.82,0.0,0.0,0.177,36.0,0.0,1.12,0.175,0.354,63.0,1.92,43.0,0.509,9.0,0.29,0.036,0.0,0.101,0.000191,0.0009,0
cowpeas,"leafy tips, cooked, boiled, drained, without salt",Vegetables,22.0,4.67,0.1,2.8,0.0,0.0,0.135,18.4,0.0,1.008,0.142,0.256,69.0,1.09,62.0,0.412,42.0,0.24,0.029,0.0,0.06,0.000154,0.0009,0
cress,"garden, raw",Vegetables,32.0,2.6,0.7,5.5,4.4,1.1,0.247,69.0,0.7,1.0,0.26,0.08,81.0,1.3,38.0,0.553,76.0,0.23,0.346,0.0,0.08,0.00017,0.0009,0
cress,"garden, cooked, boiled, drained, without salt",Vegetables,23.0,1.9,0.6,3.8,3.11,0.7,0.157,23.0,0.5,0.8,0.16,0.06,61.0,0.8,26.0,0.372,48.0,0.15,0.232,0.0,0.037,0.000114,0.0009,0
cucumber,"with peel, raw",Vegetables,15.0,0.65,0.11,3.63,1.67,0.5,0.04,2.8,0.03,0.098,0.033,0.027,16.0,0.28,13.0,0.079,24.0,0.2,0.005,0.0,0.007,4.1e-05,0.0003,0
cucumber,"peeled, raw",Vegetables,12.0,0.59,0.16,2.16,1.38,0.7,0.051,3.2,0.03,0.037,0.025,0.031,14.0,0.22,12.0,0.073,21.0,0.17,0.004,0.0,0.014,7.099999999999999e-05,0.0001,0
dandelion greens,raw,Vegetables,45.0,2.7,0.7,9.2,0.71,3.5,0.251,35.0,3.44,0.806,0.26,0.19,187.0,3.1,36.0,0.342,66.0,0.41,0.508,0.0,0.027,0.000171,0.0005,0
dandelion greens,"cooked, boiled, drained, without salt",Vegetables,33.0,2.0,0.6,6.4,0.5,2.9,0.16,18.0,2.44,0.514,0.175,0.13,140.0,1.8,24.0,0.23,42.0,0.28,0.342,0.0,0.013,0.000115,0.0003,0
eggplant,raw,Vegetables,25.0,0.98,0.18,5.88,3.53,3.0,0.084,2.2,0.3,0.649,0.037,0.039,9.0,0.23,14.0,0.232,24.0,0.16,0.001,0.0,0.022,8.1e-05,0.0003,0
eggplant,"cooked, boiled, drained, without salt",Vegetables,35.0,0.83,0.23,8.73,3.2,2.5,0.086,1.3,0.41,0.6,0.02,0.076,6.0,0.25,11.0,0.113,15.0,0.12,0.002,0.0,0.014,5.9e-05,0.0001,0
edamame,"frozen, unprepared",Vegetables,110.0,10.25,4.73,8.58,2.48,4.8,0.135,9.7,0.72,0.925,0.265,0.15,60.0,2.11,61.0,1.01,161.0,1.32,0.0,0.0,0.303,0.000324,0.0,0
edamame,"frozen, prepared",Vegetables,122.0,10.88,5.2,9.94,2.18,5.2,0.1,6.1,0.68,0.915,0.155,0.2,63.0,2.27,64.0,1.024,169.0,1.37,0.0,0.0,0.311,0.000345,0.0,0
endive,raw,Vegetables,17.0,1.25,0.2,3.35,0.25,3.1,0.02,6.5,0.44,0.4,0.075,0.08,52.0,0.83,15.0,0.42,28.0,0.79,0.108,0.0,0.142,9.9e-05,0.0002,0
garlic,raw,Vegetables,149.0,6.36,0.5,33.06,1.0,2.1,1.235,31.2,0.08,0.7,0.11,0.2,181.0,1.7,25.0,1.672,153.0,1.16,0.0,0.0,0.003,0.000299,0.0141999999999999,0
ginger root,raw,Vegetables,80.0,1.82,0.75,17.77,1.7,2.0,0.16,5.0,0.26,0.75,0.034,0.025,16.0,0.6,43.0,0.229,34.0,0.34,0.0,0.0,0.011,0.000226,0.0007,0
gourd,"white-flowered (calabash), raw",Vegetables,14.0,0.62,0.02,3.39,0.0,0.5,0.04,10.1,0.0,0.32,0.022,0.029,26.0,0.2,11.0,0.066,13.0,0.7,0.0,0.0,0.006,2.6e-05,0.0002,0
gourd,"white-flowered (calabash), cooked, boiled, drained, without salt",Vegetables,15.0,0.6,0.02,3.69,0.0,1.2,0.038,8.5,0.0,0.39,0.022,0.029,24.0,0.25,11.0,0.066,13.0,0.7,0.0,0.0,0.004,2.6e-05,0.0002,0
gourd,"dishcloth (towelgourd), raw",Vegetables,20.0,1.2,0.2,4.35,2.02,1.1,0.043,12.0,0.1,0.4,0.06,0.05,20.0,0.36,14.0,0.092,32.0,0.07,0.0,0.0,0.007,3.5000000000000004e-05,0.0002,0
gourd,"dishcloth (towelgourd), cooked, boiled, drained, without salt",Vegetables,56.0,0.66,0.34,14.34,5.17,2.9,0.099,5.7,0.24,0.26,0.042,0.046,9.0,0.36,20.0,0.223,31.0,0.17,0.0,0.0,0.012,8.5e-05,0.0002,0
drumstick leaves,raw,Vegetables,64.0,9.4,1.4,8.28,0.0,2.0,1.2,51.7,0.0,2.22,0.66,0.257,185.0,4.0,147.0,1.063,112.0,0.6,0.378,0.0,0.04,0.0001049999999999,0.0009,0
drumstick leaves,"cooked, boiled, drained, without salt",Vegetables,60.0,5.27,0.93,11.15,1.0,2.0,0.929,31.0,0.1,1.995,0.509,0.222,151.0,2.32,151.0,0.868,67.0,0.49,0.351,0.0,0.023,8.599999999999999e-05,0.0009,0
hyacinth-beans,"immature seeds, raw",Vegetables,46.0,2.1,0.2,9.19,4.08,3.3,0.024,12.9,0.51,0.52,0.092,0.077,50.0,0.74,40.0,0.205,49.0,0.37,0.043,0.0,0.062,4.7e-05,0.0015,0
hyacinth-beans,"immature seeds, cooked, boiled, drained, without salt",Vegetables,50.0,2.95,0.27,9.2,0.0,0.0,0.023,5.1,0.0,0.48,0.088,0.056,41.0,0.76,42.0,0.21,49.0,0.38,0.007,0.0,0.047,4.8e-05,0.0016,0
jerusalem-artichokes,raw,Vegetables,73.0,2.0,0.01,17.44,9.6,1.6,0.077,4.0,0.19,1.3,0.06,0.2,14.0,3.4,17.0,0.06,78.0,0.12,0.001,0.0,0.013,0.00014,0.0007,0
jew's ear,"(pepeao), raw",Vegetables,25.0,0.48,0.04,6.75,0.0,0.0,0.088,0.6,0.0,0.07,0.204,0.081,16.0,0.56,25.0,0.101,14.0,0.66,0.0,0.0,0.019,0.000445,0.0111,0
pepeao,dried,Vegetables,298.0,4.82,0.44,81.03,0.0,0.0,0.95,1.4,0.0,3.0,0.35,0.826,113.0,6.14,146.0,1.151,116.0,7.52,0.0,0.0,0.16,0.00507,0.0453,3
jute,"potherb, raw",Vegetables,34.0,4.65,0.25,5.8,0.0,0.0,0.6,37.0,0.0,1.26,0.546,0.133,208.0,4.76,64.0,0.123,83.0,0.79,0.278,0.0,0.123,0.000255,0.0009,0
jute,"potherb, cooked, boiled, drained, without salt",Vegetables,37.0,3.68,0.2,7.29,1.0,2.0,0.57,33.0,0.7,0.89,0.192,0.091,211.0,3.14,62.0,0.123,72.0,0.79,0.259,0.0,0.104,0.000255,0.0009,0
kale,raw,Vegetables,49.0,4.28,0.93,8.75,2.26,3.6,0.271,120.0,1.54,1.0,0.13,0.11,150.0,1.47,47.0,0.659,92.0,0.56,0.5,0.0,0.141,0.001499,0.0009,0
kale,"cooked, boiled, drained, without salt",Vegetables,28.0,1.9,0.4,5.63,1.25,2.0,0.138,41.0,0.85,0.5,0.07,0.053,72.0,0.9,18.0,0.416,28.0,0.24,0.681,0.0,0.013,0.000156,0.0009,0
kale,"frozen, unprepared",Vegetables,28.0,2.66,0.46,4.9,0.0,2.0,0.09,39.3,0.0,0.698,0.112,0.056,136.0,0.93,18.0,0.443,29.0,0.18,0.313,0.0,0.017,4.6e-05,0.0009,0
kale,"frozen, cooked, boiled, drained, without salt",Vegetables,30.0,2.84,0.49,5.23,1.34,2.0,0.086,25.2,0.92,0.672,0.114,0.043,138.0,0.94,18.0,0.45,28.0,0.18,0.735,0.0,0.014,4.7e-05,0.0009,0
kanpyo,(dried gourd strips),Vegetables,258.0,8.58,0.56,65.03,0.0,9.8,0.532,0.2,0.0,2.9,0.044,0.0,280.0,5.12,125.0,1.137,188.0,5.86,0.0,0.0,0.061,0.000433,0.0026,3
mushrooms,"shiitake, raw",Vegetables,34.0,2.24,0.49,6.79,2.38,2.5,0.293,0.0,0.0,3.877,0.217,0.015,2.0,0.41,20.0,0.23,112.0,1.03,0.0,0.0,0.013,0.0001419999999999,0.0057,0
mushrooms,"Chanterelle, raw",Vegetables,38.0,1.49,0.53,6.86,1.16,3.8,0.044,0.0,0.0,4.085,0.215,0.015,15.0,3.47,13.0,0.286,57.0,0.71,0.0,0.0,0.002,0.0003529999999999,0.0022,0
mushrooms,"morel, raw",Vegetables,31.0,3.12,0.57,5.1,0.6,2.8,0.136,0.0,0.0,2.252,0.205,0.069,43.0,12.18,19.0,0.587,194.0,2.03,0.0,0.0,0.009,0.000625,0.0022,0
kohlrabi,raw,Vegetables,27.0,1.7,0.1,6.2,2.6,3.6,0.15,62.0,0.48,0.4,0.02,0.05,24.0,0.4,19.0,0.139,46.0,0.03,0.002,0.0,0.016,0.000129,0.0007,0
kohlrabi,"cooked, boiled, drained, without salt",Vegetables,29.0,1.8,0.11,6.69,2.8,1.1,0.154,54.0,0.52,0.39,0.02,0.04,25.0,0.4,19.0,0.142,45.0,0.31,0.002,0.0,0.012,0.000132,0.0008,0
mushrooms,"portabella, grilled",Vegetables,29.0,3.28,0.58,4.44,2.26,2.2,0.122,0.0,0.0,6.255,0.403,0.072,3.0,0.4,13.0,0.067,135.0,0.65,0.0,0.0,0.019,0.000389,0.0219,0
lambsquarters,raw,Vegetables,43.0,4.2,0.8,7.3,0.0,4.0,0.274,80.0,0.0,1.2,0.44,0.16,309.0,1.2,34.0,0.782,72.0,0.44,0.58,0.0,0.03,0.0002929999999999,0.0009,0
lambsquarters,"cooked, boiled, drained, without salt",Vegetables,32.0,3.2,0.7,5.0,0.62,2.1,0.174,37.0,1.85,0.9,0.26,0.1,258.0,0.7,23.0,0.525,45.0,0.3,0.391,0.0,0.014,0.000197,0.0009,0
leeks,"(bulb and lower leaf-portion), raw",Vegetables,61.0,1.5,0.3,14.15,3.9,1.8,0.233,12.0,0.92,0.4,0.03,0.06,59.0,2.1,28.0,0.481,35.0,0.12,0.083,0.0,0.064,0.0001199999999999,0.001,0
leeks,"(bulb and lower leaf-portion), cooked, boiled, drained, without salt",Vegetables,31.0,0.81,0.2,7.62,2.11,1.0,0.113,4.2,0.5,0.2,0.02,0.026,30.0,1.1,14.0,0.247,17.0,0.06,0.041,0.0,0.024,6.2e-05,0.0005,0
lentils,"sprouted, raw",Vegetables,106.0,8.96,0.55,22.14,0.0,0.0,0.19,16.5,0.0,1.128,0.128,0.228,25.0,3.21,37.0,0.506,173.0,1.51,0.002,0.0,0.1,0.000352,0.0006,0
lentils,"sprouted, cooked, stir-fried, without salt",Vegetables,101.0,8.8,0.45,21.25,0.0,0.0,0.164,12.6,0.0,1.2,0.09,0.22,14.0,3.1,35.0,0.502,153.0,1.6,0.002,0.0,0.067,0.000337,0.0006,0
lettuce,"butterhead (includes boston and bibb types), raw",Vegetables,13.0,1.35,0.22,2.23,0.94,1.1,0.082,3.7,0.18,0.357,0.062,0.057,35.0,1.24,13.0,0.179,33.0,0.2,0.166,0.0,0.073,1.6e-05,0.0006,0
lettuce,"cos or romaine, raw",Vegetables,17.0,1.23,0.3,3.29,1.19,2.1,0.074,4.0,0.13,0.313,0.067,0.072,33.0,0.97,14.0,0.155,30.0,0.23,0.436,0.0,0.136,4.8e-05,0.0004,0
lettuce,"iceberg (includes crisphead types), raw",Vegetables,14.0,0.9,0.14,2.97,1.97,1.2,0.042,2.8,0.18,0.123,0.025,0.041,18.0,0.41,7.0,0.125,20.0,0.15,0.025,0.0,0.029,2.5e-05,0.0001,0
lettuce,"green leaf, raw",Vegetables,15.0,1.36,0.15,2.87,0.78,1.3,0.09,9.2,0.22,0.375,0.08,0.07,36.0,0.86,13.0,0.25,29.0,0.18,0.37,0.0,0.038,2.9e-05,0.0006,0
lotus root,raw,Vegetables,74.0,2.6,0.1,17.23,0.0,4.9,0.258,44.0,0.0,0.4,0.22,0.16,45.0,1.16,23.0,0.261,100.0,0.39,0.0,0.0,0.013,0.000257,0.0007,0
lotus root,"cooked, boiled, drained, without salt",Vegetables,66.0,1.58,0.07,16.02,0.5,3.1,0.218,27.4,0.01,0.3,0.01,0.127,26.0,0.9,22.0,0.22,78.0,0.33,0.0,0.0,0.008,0.000217,0.0006,0
lettuce,"red leaf, raw",Vegetables,16.0,1.33,0.22,2.26,0.48,0.9,0.1,3.7,0.15,0.321,0.077,0.064,33.0,1.2,12.0,0.203,28.0,0.2,0.375,0.0,0.036,2.8e-05,0.0015,0
mountain yam,"hawaii, raw",Vegetables,67.0,1.34,0.1,16.3,0.31,2.5,0.179,2.6,0.21,0.481,0.019,0.102,26.0,0.44,12.0,0.242,34.0,0.27,0.0,0.0,0.014,0.00011,0.0007,0
mountain yam,"hawaii, cooked, steamed, without salt",Vegetables,82.0,1.73,0.08,20.0,0.0,0.0,0.209,0.0,0.0,0.13,0.014,0.086,8.0,0.43,10.0,0.283,40.0,0.32,0.0,0.0,0.012,0.000129,0.0009,0
mushrooms,"white, raw",Vegetables,22.0,3.09,0.34,3.26,1.98,1.0,0.104,2.1,0.01,3.607,0.402,0.081,3.0,0.5,9.0,0.047,86.0,0.52,0.0,4e-05,0.017,0.000318,0.0093,0
mushrooms,"white, cooked, boiled, drained, without salt",Vegetables,28.0,2.17,0.47,5.29,2.34,2.2,0.095,4.0,0.01,4.46,0.3,0.073,6.0,1.74,12.0,0.115,87.0,0.87,0.0,0.0,0.018,0.000504,0.0119,0
mushrooms,"white, stir-fried",Vegetables,26.0,3.58,0.33,4.04,0.0,1.8,0.042,0.0,0.0,3.987,0.463,0.096,4.0,0.25,11.0,0.047,105.0,0.57,0.0,0.0,0.02,0.0002909999999999,0.0139,0
mushrooms,"canned, drained solids",Vegetables,25.0,1.87,0.29,5.09,2.34,2.4,0.061,0.0,0.01,1.593,0.021,0.085,11.0,0.79,15.0,0.086,66.0,0.72,0.0,0.0,0.012,0.000235,0.0040999999999999,0
mushrooms,"portabella, raw",Vegetables,22.0,2.11,0.35,3.87,2.5,1.3,0.148,0.0,0.02,4.494,0.13,0.059,3.0,0.31,0.0,0.069,108.0,0.53,0.0,5e-05,0.028,0.0002859999999999,0.0186,0
mushrooms,"brown, italian, or crimini, raw",Vegetables,22.0,2.5,0.1,4.3,1.72,0.6,0.11,0.0,0.01,3.8,0.49,0.095,18.0,0.4,9.0,0.142,120.0,1.1,0.0,0.0001,0.025,0.0005,0.026,0
mushrooms,"shiitake, stir-fried",Vegetables,39.0,3.45,0.35,7.68,0.3,3.6,0.174,0.0,0.0,3.87,0.274,0.099,2.0,0.53,19.0,0.223,111.0,0.96,0.0,0.0,0.014,0.000163,0.0063,0
mushrooms,"shiitake, dried",Vegetables,296.0,9.58,0.99,75.37,2.21,11.5,0.965,3.5,0.0,14.1,1.27,0.3,11.0,1.72,132.0,1.176,294.0,7.66,0.0,0.0,0.163,0.005165,0.0461,3
mushrooms,"shiitake, cooked, without salt",Vegetables,56.0,1.56,0.22,14.39,3.84,2.1,0.159,0.3,0.0,1.5,0.17,0.037,3.0,0.44,14.0,0.204,29.0,1.33,0.0,0.0,0.021,0.000896,0.0248,0
mustard greens,raw,Vegetables,27.0,2.86,0.42,4.67,1.32,3.2,0.18,70.0,2.01,0.8,0.11,0.08,115.0,1.64,32.0,0.0,58.0,0.25,0.151,0.0,0.012,0.000165,0.0009,0
mustard greens,"cooked, boiled, drained, without salt",Vegetables,26.0,2.56,0.47,4.51,1.41,2.0,0.098,25.3,1.78,0.433,0.063,0.041,118.0,0.87,13.0,0.0,42.0,0.22,0.618,0.0,0.009,0.000146,0.0006,0
mustard greens,"frozen, unprepared",Vegetables,20.0,2.49,0.27,3.41,0.0,3.3,0.131,25.3,0.0,0.314,0.061,0.048,116.0,1.29,15.0,0.339,30.0,0.23,0.258,0.0,0.138,6.7e-05,0.0007,0
mustard greens,"frozen, cooked, boiled, drained, without salt",Vegetables,19.0,2.27,0.25,3.11,0.32,2.8,0.108,13.8,1.35,0.258,0.053,0.04,101.0,1.12,13.0,0.294,24.0,0.2,0.354,0.0,0.07,5.8e-05,0.0006,0
mustard spinach,"(tendergreen), raw",Vegetables,22.0,2.2,0.3,3.9,0.0,2.8,0.153,130.0,0.0,0.678,0.093,0.068,210.0,1.5,11.0,0.407,28.0,0.17,0.495,0.0,0.159,7.5e-05,0.0008,0
mustard spinach,"(tendergreen), cooked, boiled, drained, without salt",Vegetables,16.0,1.7,0.2,2.8,0.0,2.0,0.097,65.0,0.0,0.43,0.062,0.041,158.0,0.8,7.0,0.27,18.0,0.11,0.41,0.0,0.073,5e-05,0.0006,0
new zealand spinach,raw,Vegetables,14.0,1.5,0.2,2.5,0.29,1.5,0.304,30.0,1.42,0.5,0.13,0.04,58.0,0.8,39.0,0.639,28.0,0.38,0.0,0.0,0.015,9.3e-05,0.0007,0
new zealand spinach,"cooked, boiled, drained, without salt",Vegetables,12.0,1.3,0.17,2.13,0.25,1.4,0.237,16.0,1.23,0.39,0.107,0.03,48.0,0.66,32.0,0.526,22.0,0.31,0.0,0.0,0.008,7.7e-05,0.0009,0
okra,raw,Vegetables,33.0,1.93,0.19,7.45,1.48,3.2,0.215,23.0,0.27,1.0,0.06,0.2,82.0,0.62,57.0,0.788,61.0,0.58,0.036,0.0,0.06,0.0001089999999999,0.0007,0
okra,"cooked, boiled, drained, without salt",Vegetables,22.0,1.87,0.21,4.51,2.4,2.5,0.187,16.3,0.27,0.871,0.055,0.132,77.0,0.28,36.0,0.294,32.0,0.43,0.014,0.0,0.046,8.5e-05,0.0004,0
okra,"frozen, unprepared",Vegetables,30.0,1.69,0.25,6.63,2.97,2.2,0.042,12.4,0.33,0.708,0.105,0.089,81.0,0.57,43.0,0.873,42.0,0.53,0.018,0.0,0.148,8.3e-05,0.0006,0
okra,"frozen, cooked, boiled, drained, without salt",Vegetables,29.0,1.63,0.24,6.41,2.87,2.1,0.037,9.6,0.32,0.616,0.096,0.073,74.0,0.52,40.0,0.844,37.0,0.49,0.015,0.0,0.1,7.6e-05,0.0006,0
onions,raw,Vegetables,40.0,1.1,0.1,9.34,4.24,1.7,0.12,7.4,0.02,0.116,0.027,0.046,23.0,0.21,10.0,0.129,29.0,0.17,0.0,0.0,0.019,3.9e-05,0.0005,0
onions,"cooked, boiled, drained, without salt",Vegetables,44.0,1.36,0.19,10.15,4.73,1.4,0.129,5.2,0.02,0.165,0.023,0.042,22.0,0.24,11.0,0.153,35.0,0.21,0.0,0.0,0.015,6.7e-05,0.0006,0
onions,dehydrated flakes,Vegetables,349.0,8.95,0.46,83.28,37.41,9.2,1.6,75.0,0.18,0.99,0.1,0.5,257.0,1.55,92.0,1.389,303.0,1.89,0.001,0.0,0.166,0.000416,0.005,1
onions,"canned, solids and liquids",Vegetables,19.0,0.85,0.09,4.02,2.2,1.2,0.137,4.3,0.07,0.061,0.006,0.032,45.0,0.13,6.0,0.102,28.0,0.29,0.0,0.0,0.01,5.5e-05,0.0003,0
onions,"yellow, sauteed",Vegetables,132.0,0.95,10.8,7.86,0.0,1.7,0.207,1.8,0.68,0.037,0.041,0.049,20.0,0.27,9.0,0.102,33.0,0.21,0.0,0.0,0.0,1.7e-05,0.0,0
onions,"frozen, chopped, unprepared",Vegetables,29.0,0.79,0.1,6.82,0.0,1.8,0.075,3.3,0.0,0.151,0.027,0.03,17.0,0.33,7.0,0.074,22.0,0.07,0.002,0.0,0.017,1.9e-05,0.0004,0
onions,"frozen, chopped, cooked, boiled, drained, without salt",Vegetables,28.0,0.77,0.1,6.59,2.9,1.8,0.069,2.6,0.01,0.139,0.025,0.023,16.0,0.3,6.0,0.071,19.0,0.07,0.0,0.0,0.013,1.9e-05,0.0004,0
onions,"frozen, whole, unprepared",Vegetables,35.0,0.89,0.06,8.45,3.81,1.7,0.093,8.0,0.02,0.175,0.024,0.026,36.0,0.46,10.0,0.125,23.0,0.12,0.0,0.0,0.021,5e-05,0.0004,0
onions,"frozen, whole, cooked, boiled, drained, without salt",Vegetables,28.0,0.71,0.05,6.7,2.9,1.4,0.07,5.1,0.01,0.132,0.018,0.016,27.0,0.34,8.0,0.04,2.0,0.09,0.0,0.0,0.013,2.4e-05,0.0004,0
onions,"spring or scallions (includes tops and bulb), raw",Vegetables,32.0,1.83,0.19,7.34,2.33,2.6,0.061,18.8,0.55,0.525,0.08,0.055,72.0,1.48,20.0,0.16,37.0,0.39,0.05,0.0,0.064,8.3e-05,0.0006,0
onions,"young green, tops only",Vegetables,27.0,0.97,0.47,5.74,3.91,1.8,0.088,13.4,0.21,0.33,0.026,0.03,52.0,0.51,16.0,0.15,25.0,0.2,0.2,0.0,0.03,3.1e-05,0.0005,0
onions,"welsh, raw",Vegetables,34.0,1.9,0.4,6.5,2.18,2.4,0.072,27.0,0.51,0.4,0.09,0.05,18.0,1.22,23.0,0.137,49.0,0.52,0.0,0.0,0.016,7.000000000000001e-05,0.0006,0
onions,"sweet, raw",Vegetables,32.0,0.8,0.08,7.55,5.02,0.9,0.13,4.8,0.02,0.133,0.02,0.041,20.0,0.26,9.0,0.076,27.0,0.13,0.0,0.0,0.0,5.6e-05,0.0005,0
onion rings,"breaded, par fried, frozen, unprepared",Vegetables,258.0,3.15,14.1,30.53,0.0,1.8,0.132,4.6,0.0,0.693,0.079,0.1,46.0,0.93,14.0,0.299,49.0,0.36,0.0,0.0,0.068,7.4e-05,0.0024,0
onion rings,"breaded, par fried, frozen, prepared, heated in oven",Vegetables,276.0,4.14,14.3,33.79,5.1,2.2,0.117,1.6,0.46,1.349,0.116,0.185,31.0,1.25,17.0,0.348,71.0,0.42,0.0,0.0,0.033,7.3e-05,0.0056,0
parsley,fresh,Vegetables,36.0,2.97,0.79,6.33,0.85,3.3,0.09,133.0,0.75,1.313,0.098,0.086,138.0,6.2,50.0,0.16,58.0,1.07,0.421,0.0,0.152,0.000149,0.0001,0
parsnips,raw,Vegetables,75.0,1.2,0.3,17.99,4.8,4.9,0.09,17.0,1.49,0.7,0.05,0.09,36.0,0.59,29.0,0.56,71.0,0.59,0.0,0.0,0.067,0.0001199999999999,0.0018,0
parsnips,"cooked, boiled, drained, without salt",Vegetables,71.0,1.32,0.3,17.01,4.8,3.6,0.093,13.0,1.0,0.724,0.051,0.083,37.0,0.58,29.0,0.294,69.0,0.26,0.0,0.0,0.058,0.000138,0.0017,0
peas,"edible-podded, raw",Vegetables,42.0,2.8,0.2,7.55,4.0,2.6,0.16,60.0,0.39,0.6,0.08,0.15,43.0,2.08,24.0,0.244,53.0,0.27,0.054,0.0,0.042,7.9e-05,0.0007,0
peas,"edible-podded, boiled, drained, without salt",Vegetables,42.0,3.27,0.23,7.05,3.99,2.8,0.144,47.9,0.39,0.539,0.076,0.128,42.0,1.97,26.0,0.168,55.0,0.37,0.052,0.0,0.029,7.7e-05,0.0007,0
peas,"edible-podded, frozen, unprepared",Vegetables,42.0,2.8,0.3,7.2,0.0,3.1,0.154,22.0,0.0,0.5,0.1,0.06,50.0,2.0,23.0,0.235,51.0,0.41,0.007,0.0,0.04,7.6e-05,0.0007,0
peas,"edible-podded, frozen, cooked, boiled, drained, without salt",Vegetables,52.0,3.5,0.38,9.02,4.82,3.1,0.174,22.0,0.47,0.563,0.119,0.064,59.0,2.4,28.0,0.28,58.0,0.49,0.066,0.0,0.035,8.999999999999999e-05,0.0008,0
peas,"green, raw",Vegetables,81.0,5.42,0.4,14.45,5.67,5.1,0.169,40.0,0.13,2.09,0.132,0.266,25.0,1.47,33.0,0.41,108.0,1.24,0.038,0.0,0.065,0.000176,0.0018,0
peas,"green, cooked, boiled, drained, without salt",Vegetables,84.0,5.36,0.22,15.63,5.93,5.5,0.216,14.2,0.14,2.021,0.149,0.259,27.0,1.54,39.0,0.525,117.0,1.19,0.04,0.0,0.063,0.0001729999999999,0.0019,0
peas,"green, canned, regular pack, solids and liquids",Vegetables,58.0,3.01,0.48,10.6,3.2,3.3,0.065,7.8,0.02,0.995,0.024,0.077,20.0,1.29,19.0,0.211,63.0,0.72,0.076,0.0,0.024,9.9e-05,0.0013,0
peas,"green (includes baby and lesuer types), canned, drained solids, unprepared",Vegetables,68.0,4.47,0.8,11.36,2.99,4.9,0.056,4.2,0.38,0.979,0.053,0.107,23.0,1.18,18.0,0.213,67.0,0.66,0.043,0.0,0.031,0.000106,0.0017,0
peas,"green, canned, seasoned, solids and liquids",Vegetables,50.0,3.09,0.27,9.25,0.0,2.0,0.098,11.5,0.0,0.69,0.071,0.096,15.0,1.2,15.0,0.268,54.0,0.65,0.022,0.0,0.029,9.9e-05,0.0013,0
peas,"green, canned, drained solids, rinsed in tap water",Vegetables,71.0,4.33,0.95,11.82,0.0,0.0,0.0,9.3,0.0,1.012,0.04,0.067,24.0,1.09,18.0,0.222,65.0,0.68,0.0,0.0,0.03,0.000108,0.0,0
peas,"green, frozen, unprepared",Vegetables,77.0,5.22,0.4,13.62,5.0,4.5,0.083,18.0,0.02,1.723,0.1,0.259,22.0,1.53,26.0,0.336,82.0,0.82,0.103,0.0,0.053,0.000124,0.0019,0
peas,"green, frozen, cooked, boiled, drained, without salt",Vegetables,78.0,5.15,0.27,14.26,4.65,5.5,0.113,9.9,0.03,1.48,0.1,0.283,24.0,1.52,22.0,0.279,77.0,0.67,0.105,0.0,0.059,0.0001049999999999,0.001,0
peas,"mature seeds, sprouted, raw",Vegetables,124.0,8.8,0.68,27.11,0.0,0.0,0.265,10.4,0.0,3.088,0.155,0.225,36.0,2.26,56.0,0.438,165.0,1.05,0.0,0.0,0.144,0.000272,0.0006,0
peas,"mature seeds, sprouted, cooked, boiled, drained, without salt",Vegetables,98.0,7.05,0.51,17.08,0.0,0.0,0.128,6.6,0.0,1.072,0.285,0.216,26.0,1.67,41.0,0.325,24.0,0.78,0.005,0.0,0.036,2e-05,0.0006,0
peas and carrots,"canned, regular pack, solids and liquids",Vegetables,38.0,2.17,0.27,8.48,0.0,2.0,0.088,6.6,0.0,0.581,0.053,0.074,23.0,0.75,14.0,0.357,46.0,0.58,0.289,0.0,0.018,0.000103,0.0009,0
peas and carrots,"frozen, unprepared",Vegetables,53.0,3.4,0.47,11.15,0.0,3.4,0.101,11.2,0.0,1.412,0.081,0.19,27.0,1.09,18.0,0.235,60.0,0.52,0.475,0.0,0.036,8.9e-05,0.0012,0
peas and carrots,"frozen, cooked, boiled, drained, without salt",Vegetables,48.0,3.09,0.42,10.12,4.36,3.1,0.087,8.1,0.52,1.154,0.064,0.225,23.0,0.94,16.0,0.202,49.0,0.45,0.476,0.0,0.026,7.6e-05,0.0011,0
peas and onions,"canned, solids and liquids",Vegetables,51.0,3.28,0.38,8.57,0.0,2.3,0.192,3.0,0.0,1.28,0.07,0.1,17.0,0.87,16.0,0.255,51.0,0.58,0.008,0.0,0.027,0.0001,0.0004,0
peas and onions,"frozen, unprepared",Vegetables,70.0,3.98,0.32,13.51,0.0,3.5,0.144,14.0,0.0,1.72,0.114,0.297,23.0,1.54,21.0,0.274,59.0,0.48,0.027,0.0,0.045,0.000103,0.0006,0
peas and onions,"frozen, cooked, boiled, drained, without salt",Vegetables,45.0,2.54,0.2,8.63,3.77,2.2,0.087,6.9,0.02,1.044,0.069,0.15,14.0,0.94,13.0,0.166,34.0,0.29,0.053,0.0,0.02,6.3e-05,0.0004,0
peppers,"hot chili, green, canned, pods, excluding seeds, solids and liquids",Vegetables,21.0,0.9,0.1,5.1,3.12,1.3,0.153,68.0,0.69,0.8,0.05,0.02,7.0,0.5,14.0,0.138,17.0,0.17,0.036,0.0,0.01,0.000101,0.0003,0
peppers,"sweet, green, raw",Vegetables,20.0,0.86,0.17,4.64,2.4,1.7,0.224,80.4,0.37,0.48,0.028,0.057,10.0,0.34,10.0,0.122,20.0,0.13,0.018,0.0,0.01,6.6e-05,0.0,0
peppers,"sweet, green, cooked, boiled, drained, without salt",Vegetables,28.0,0.92,0.2,6.7,3.19,1.2,0.233,74.4,0.5,0.477,0.03,0.059,9.0,0.46,10.0,0.115,18.0,0.12,0.023,0.0,0.016,6.500000000000001e-05,0.0003,0
peppers,"sweet, green, canned, solids and liquids",Vegetables,18.0,0.8,0.3,3.9,0.0,1.2,0.178,46.5,0.0,0.55,0.03,0.025,41.0,0.8,11.0,0.16,20.0,0.18,0.008,0.0,0.016,0.00013,0.0003,0
peppers,"sweet, green, frozen, chopped, unprepared",Vegetables,20.0,1.08,0.21,4.45,0.0,1.6,0.137,58.7,0.0,1.37,0.038,0.069,9.0,0.62,8.0,0.117,17.0,0.06,0.018,0.0,0.014,5.3e-05,0.0002,0
peppers,"sweet, green, frozen, chopped, boiled, drained, without salt",Vegetables,18.0,0.95,0.18,3.9,0.0,0.9,0.108,41.2,0.0,1.082,0.031,0.051,8.0,0.52,7.0,0.097,13.0,0.05,0.015,0.0,0.01,4.4e-05,0.0002,0
peppers,"sweet, green, sauteed",Vegetables,127.0,0.78,11.85,4.22,2.17,1.8,0.196,177.0,1.4,0.582,0.048,0.042,8.0,0.3,8.0,0.062,15.0,0.06,0.014,0.0,0.0,1.7e-05,0.0006,0
pigeonpeas,"immature seeds, raw",Vegetables,136.0,7.2,1.64,23.88,3.0,5.1,0.068,39.0,0.39,2.2,0.17,0.4,42.0,1.6,68.0,0.574,127.0,1.04,0.003,0.0,0.173,0.000134,0.0015,0
pigeonpeas,"immature seeds, cooked, boiled, drained, without salt",Vegetables,111.0,5.96,1.36,19.49,2.48,6.2,0.053,28.1,0.32,2.153,0.166,0.35,41.0,1.57,40.0,0.451,118.0,0.82,0.002,0.0,0.1,0.0001049999999999,0.0012,0
poi,No_descr,Vegetables,112.0,0.38,0.14,27.23,0.39,0.4,0.273,4.0,2.3,1.1,0.04,0.13,16.0,0.88,24.0,0.37,39.0,0.22,0.003,0.0,0.021,0.000166,0.0007,0
pokeberry shoots,"(poke), raw",Vegetables,23.0,2.6,0.4,3.7,0.0,1.7,0.146,136.0,0.0,1.2,0.33,0.08,53.0,1.7,18.0,0.418,44.0,0.24,0.435,0.0,0.016,0.000157,0.0009,0
pokeberry shoots,"(poke), cooked, boiled, drained, without salt",Vegetables,20.0,2.3,0.4,3.1,1.6,1.5,0.111,82.0,0.85,1.1,0.25,0.07,53.0,1.2,14.0,0.336,33.0,0.19,0.435,0.0,0.009,0.000126,0.0009,0
potatoes,"flesh and skin, raw",Vegetables,77.0,2.02,0.09,17.47,0.78,2.2,0.295,19.7,0.01,1.054,0.032,0.08,12.0,0.78,23.0,0.153,57.0,0.29,0.0,0.0,0.016,0.000108,0.0003,0
potatoes,"russet, flesh and skin, raw",Vegetables,79.0,2.14,0.08,18.07,0.62,1.3,0.345,5.7,0.01,1.035,0.033,0.082,13.0,0.86,23.0,0.157,55.0,0.29,0.0,0.0,0.014,0.000103,0.0004,0
potatoes,"white, flesh and skin, raw",Vegetables,69.0,1.68,0.1,15.71,1.15,2.4,0.203,9.1,0.01,1.066,0.034,0.071,9.0,0.52,21.0,0.145,62.0,0.29,0.0,0.0,0.018,0.000116,0.0003,0
potatoes,"red, flesh and skin, raw",Vegetables,70.0,1.89,0.14,15.9,1.29,1.7,0.17,8.6,0.01,1.149,0.031,0.081,10.0,0.73,22.0,0.141,61.0,0.33,0.0,0.0,0.018,0.000134,0.0005,0
potatoes,"Russet, flesh and skin, baked",Vegetables,97.0,2.63,0.13,21.44,1.08,2.3,0.354,8.3,0.07,1.348,0.048,0.067,18.0,1.07,30.0,0.228,71.0,0.35,0.001,0.0,0.026,0.000107,0.0005,0
potatoes,"white, flesh and skin, baked",Vegetables,94.0,2.1,0.15,21.08,1.53,2.1,0.211,12.6,0.04,1.528,0.043,0.048,10.0,0.64,27.0,0.189,75.0,0.35,0.001,0.0,0.038,0.000127,0.0005,0
potatoes,"red, flesh and skin, baked",Vegetables,89.0,2.3,0.15,19.59,1.43,1.8,0.212,12.6,0.08,1.595,0.05,0.072,9.0,0.7,28.0,0.173,72.0,0.4,0.001,0.0,0.027,0.000174,0.0,0
potatoes,"french fried, crinkle or regular cut, salt added in processing, frozen, as purchased",Vegetables,150.0,2.34,4.99,23.96,0.21,2.0,0.196,7.7,0.1,2.14,0.037,0.106,13.0,0.62,21.0,0.157,81.0,0.34,0.0,0.0,0.031,7.7e-05,0.0005,0
potatoes,"french fried, crinkle or regular cut, salt added in processing, frozen, oven-heated",Vegetables,166.0,2.51,5.13,27.5,0.29,2.3,0.172,11.8,0.1,2.135,0.031,0.122,13.0,0.75,28.0,0.219,97.0,0.4,0.0,0.0,0.0,0.000145,0.0001,0
potatoes,"roasted, salt added in processing, frozen, unprepared",Vegetables,130.0,2.22,1.81,26.15,0.69,2.6,0.0,1.7,0.0,0.0,0.0,0.0,15.0,0.5,0.0,0.0,0.0,0.0,0.0,0.0,0.0,0.0,0.0,0
potatoes,"raw, skin",Vegetables,58.0,2.57,0.1,12.44,0.0,2.5,0.239,11.4,0.0,1.033,0.038,0.021,30.0,3.24,23.0,0.602,38.0,0.35,0.0,0.0,0.017,0.000423,0.0003,0
potatoes,"baked, flesh, without salt",Vegetables,93.0,1.96,0.1,21.55,1.7,1.5,0.301,12.8,0.04,1.395,0.021,0.105,5.0,0.35,25.0,0.161,50.0,0.29,0.0,0.0,0.009,0.000215,0.0003,0
potatoes,"baked, skin, without salt",Vegetables,198.0,4.29,0.1,46.06,1.4,7.9,0.614,13.5,0.04,3.065,0.106,0.122,34.0,7.04,43.0,0.616,101.0,0.49,0.001,0.0,0.022,0.0008169999999999,0.0007,3
potatoes,"boiled, cooked in skin, flesh, without salt",Vegetables,87.0,1.87,0.1,20.13,0.87,1.8,0.299,13.0,0.01,1.439,0.02,0.106,5.0,0.31,22.0,0.138,44.0,0.3,0.0,0.0,0.01,0.000188,0.0003,0
potatoes,"boiled, cooked in skin, skin, without salt",Vegetables,78.0,2.86,0.1,17.21,0.0,3.3,0.239,5.2,0.0,1.222,0.036,0.032,45.0,6.07,30.0,1.338,54.0,0.44,0.0,0.0,0.01,0.000878,0.0003,0
potatoes,"boiled, cooked without skin, flesh, without salt",Vegetables,86.0,1.71,0.1,20.01,0.85,1.8,0.269,7.4,0.01,1.312,0.019,0.098,8.0,0.31,20.0,0.14,40.0,0.27,0.0,0.0,0.009,0.000167,0.0003,0
potatoes,"microwaved, cooked in skin, flesh, without salt",Vegetables,100.0,2.1,0.1,23.28,0.0,1.6,0.319,15.1,0.0,1.625,0.025,0.129,5.0,0.41,25.0,0.17,109.0,0.33,0.0,0.0,0.012,0.000237,0.0004,0
potatoes,"microwaved, cooked in skin, skin, without salt",Vegetables,132.0,4.39,0.1,29.63,0.0,5.5,0.492,15.3,0.0,2.22,0.075,0.071,46.0,5.94,37.0,0.98,82.0,0.51,0.0,0.0,0.017,0.000882,0.0005,0
potatoes,"hash brown, home-prepared",Vegetables,265.0,3.0,12.52,35.11,1.49,3.2,0.472,13.0,0.01,2.302,0.033,0.172,14.0,0.55,35.0,0.247,70.0,0.47,0.0,0.0,0.016,0.0002929999999999,0.0005,0
potatoes,"mashed, home-prepared, whole milk and margarine added",Vegetables,113.0,1.96,4.2,16.94,1.41,1.5,0.247,10.5,0.42,1.174,0.042,0.092,21.0,0.26,19.0,0.113,48.0,0.3,0.044,7.000000000000001e-05,0.009,0.000155,0.0008,0
potatoes,"scalloped, home-prepared with butter",Vegetables,88.0,2.87,3.68,10.78,0.0,1.9,0.178,10.6,0.0,1.053,0.092,0.069,57.0,0.57,19.0,0.166,63.0,0.4,0.0,0.0,0.013,0.000163,0.0016,0
potatoes,"au gratin, home-prepared from recipe using butter",Vegetables,132.0,5.06,7.59,11.27,0.0,1.8,0.174,9.9,0.0,0.993,0.116,0.064,119.0,0.64,20.0,0.161,113.0,0.69,0.064,0.0,0.013,0.00016,0.0027,0
potatoes,"canned, solids and liquids",Vegetables,44.0,1.2,0.11,9.89,0.0,1.4,0.137,7.6,0.0,0.889,0.02,0.034,39.0,0.72,14.0,0.071,22.0,0.39,0.0,0.0,0.005,7.000000000000001e-05,0.0007,0
potatoes,"canned, drained solids",Vegetables,60.0,1.41,0.21,13.61,0.0,2.3,0.188,5.1,0.0,0.915,0.013,0.068,5.0,1.26,14.0,0.097,28.0,0.28,0.0,0.0,0.006,5.7e-05,0.0009,0
potatoes,"mashed, dehydrated, flakes without milk, dry form",Vegetables,354.0,8.34,0.41,81.17,3.36,6.6,0.748,81.0,0.03,6.264,0.11,0.988,27.0,1.21,66.0,0.161,156.0,0.7,0.001,0.0,0.046,0.000161,0.0134,3
potatoes,"mashed, dehydrated, prepared from flakes without milk, whole milk and butter added",Vegetables,97.0,1.77,5.13,10.87,1.61,0.8,0.098,9.7,0.14,0.776,0.054,0.13,32.0,0.16,11.0,0.021,39.0,0.18,0.047,0.00011,0.007,3.1e-05,0.0025,0
potatoes,"mashed, dehydrated, granules without milk, dry form",Vegetables,372.0,8.22,0.54,85.51,3.47,7.1,0.861,37.0,0.27,4.765,0.253,0.453,41.0,1.09,98.0,1.121,245.0,0.91,0.001,0.0,0.04,0.000102,0.0271,3
potatoes,"mashed, dehydrated, prepared from granules without milk, whole milk and butter added",Vegetables,108.0,2.05,4.96,14.36,0.0,2.2,0.009,6.0,0.0,0.764,0.077,0.079,35.0,0.19,19.0,0.003,60.0,0.25,0.043,0.0,0.008,2.2e-05,0.0013,0
potatoes,"mashed, dehydrated, granules with milk, dry form",Vegetables,357.0,10.9,1.1,77.7,3.37,6.6,0.887,16.0,0.03,4.2,0.3,0.19,142.0,3.5,74.0,0.488,237.0,1.2,0.018,0.0,0.03,0.000578,0.0263,3
potatoes,"mashed, dehydrated, prepared from granules with milk, water and margarine added",Vegetables,116.0,2.13,4.8,16.13,1.74,1.3,0.16,6.5,0.51,0.86,0.083,0.09,35.0,0.2,20.0,0.199,62.0,0.24,0.051,0.0001,0.008,2.9e-05,0.0056,0
potatoes,"au gratin, dry mix, unprepared",Vegetables,314.0,8.9,3.7,74.31,0.0,4.1,0.15,15.5,0.0,4.063,0.253,0.07,311.0,1.63,64.0,0.59,404.0,0.9,0.054,0.0,0.04,0.0002399999999999,0.01,3
potatoes,"au gratin, dry mix, prepared with water, whole milk and butter",Vegetables,93.0,2.3,4.12,12.84,0.0,0.9,0.04,3.1,0.0,0.939,0.081,0.02,83.0,0.32,15.0,0.13,95.0,0.24,0.052,0.0,0.007,4.6e-05,0.0027,0
potatoes,"scalloped, dry mix, unprepared",Vegetables,358.0,7.77,4.59,73.93,0.0,8.6,0.18,16.5,0.0,4.533,0.123,0.06,62.0,2.01,59.0,0.622,197.0,0.92,0.0,0.0,0.032,0.00026,0.0079,3
potatoes,"scalloped, dry mix, prepared with water, whole milk and butter",Vegetables,93.0,2.12,4.3,12.77,0.0,1.1,0.042,3.3,0.0,1.029,0.056,0.019,36.0,0.38,14.0,0.181,56.0,0.25,0.035,0.0,0.01,4.9000000000000005e-05,0.0016,0
potatoes,"hash brown, frozen, plain, unprepared",Vegetables,82.0,2.06,0.62,17.72,0.0,1.4,0.087,8.2,0.0,1.664,0.014,0.097,10.0,0.98,11.0,0.146,47.0,0.21,0.0,0.0,0.004,9.9e-05,0.0003,0
potatoes,"hash brown, frozen, plain, prepared, pan fried in canola oil",Vegetables,219.0,2.65,11.59,28.51,0.27,3.2,0.236,6.7,2.19,2.314,0.033,0.134,17.0,0.54,28.0,0.184,79.0,0.38,0.0,0.0,0.016,0.000115,0.0005,0
potatoes,"hash brown, frozen, with butter sauce, unprepared",Vegetables,135.0,1.87,6.66,18.28,0.0,2.9,0.212,5.7,0.0,1.133,0.025,0.053,25.0,0.75,11.0,0.185,29.0,0.25,0.019,0.0,0.012,7.7e-05,0.0003,0
potatoes,"hash brown, frozen, with butter sauce, prepared",Vegetables,178.0,2.46,8.79,24.13,0.0,3.8,0.266,3.8,0.0,1.421,0.031,0.052,33.0,0.99,15.0,0.244,38.0,0.33,0.026,0.0,0.013,0.000102,0.0003,0
potatoes,"french fried, shoestring, salt added in processing, frozen, as purchased",Vegetables,167.0,2.16,6.24,25.59,0.2,2.3,0.17,12.3,0.12,1.97,0.034,0.09,11.0,0.72,21.0,0.155,90.0,0.36,0.0,0.0,0.036,0.00011,0.0005,0
potatoes,"french fried, shoestring, salt added in processing, frozen, oven-heated",Vegetables,199.0,2.9,6.76,31.66,0.31,2.8,0.192,14.2,0.16,2.28,0.034,0.129,12.0,0.8,25.0,0.187,112.0,0.43,0.0,0.0,0.0,0.000114,0.0006,0
potatoes,"o'brien, frozen, unprepared",Vegetables,76.0,1.83,0.14,17.47,0.0,1.9,0.209,11.3,0.0,1.129,0.045,0.054,13.0,1.03,18.0,0.119,49.0,0.29,0.007,0.0,0.008,0.000127,0.0012,0
potatoes,"o'brien, frozen, prepared",Vegetables,204.0,2.22,13.21,21.86,0.0,1.7,0.377,10.4,0.0,1.448,0.135,0.052,20.0,0.96,34.0,0.226,93.0,0.55,0.009,0.0,0.012,0.000241,0.0012,0
potato puffs,"frozen, unprepared",Vegetables,185.0,1.93,8.71,24.8,0.28,2.3,0.194,6.9,0.11,1.815,0.061,0.184,13.0,0.47,16.0,0.111,64.0,0.26,0.0,0.0,0.017,7.5e-05,0.0003,0
potato puffs,"frozen, oven-heated",Vegetables,192.0,2.13,9.05,27.29,0.27,2.0,0.121,4.0,0.26,1.449,0.037,0.069,14.0,0.58,17.0,0.127,84.0,0.3,0.0,0.0,0.023,7.9e-05,0.0004,0
potatoes,"frozen, whole, unprepared",Vegetables,78.0,2.38,0.16,17.47,0.78,1.2,0.256,14.2,0.01,1.68,0.031,0.154,8.0,1.01,13.0,0.223,32.0,0.3,0.0,0.0,0.013,9.4e-05,0.0003,0
potatoes,"frozen, whole, cooked, boiled, drained, without salt",Vegetables,65.0,1.98,0.13,14.52,0.0,1.4,0.202,9.4,0.0,1.326,0.025,0.102,7.0,0.84,11.0,0.185,26.0,0.25,0.0,0.0,0.008,7.8e-05,0.0002,0
potatoes,"french fried, all types, salt added in processing, frozen, unprepared",Vegetables,147.0,2.24,4.66,24.81,0.2,1.9,0.178,17.3,0.1,2.038,0.048,0.098,9.0,0.62,21.0,0.158,83.0,0.35,0.0,0.0,0.035,9.3e-05,0.0,0
potatoes,"french fried, all types, salt added in processing, frozen, home-prepared, oven heated",Vegetables,158.0,2.75,5.48,25.55,0.37,2.0,0.261,8.6,0.39,2.077,0.032,0.13,12.0,0.57,24.0,0.154,87.0,0.35,0.0,0.0,0.023,0.000104,0.0004,0
potatoes,"french fried, cottage-cut, salt not added in processing, frozen, as purchased",Vegetables,153.0,2.42,5.78,23.98,0.0,3.0,0.18,8.4,0.0,1.789,0.023,0.099,7.0,1.05,16.0,0.214,46.0,0.29,0.0,0.0,0.015,0.0001409999999999,0.0003,0
potatoes,"french fried, cottage-cut, salt not added in processing, frozen, oven-heated",Vegetables,218.0,3.44,8.2,34.03,0.0,3.2,0.243,9.5,0.0,2.413,0.031,0.119,10.0,1.49,22.0,0.304,65.0,0.41,0.0,0.0,0.017,0.0002,0.0004,0
potatoes,"frozen, french fried, par fried, extruded, unprepared",Vegetables,260.0,2.83,14.95,30.15,0.0,4.5,0.18,6.3,0.0,2.241,0.031,0.074,9.0,1.32,18.0,0.227,77.0,0.33,0.0,0.0,0.022,3.2e-05,0.0005,0
potatoes,"frozen, french fried, par fried, extruded, prepared, heated in oven, without salt",Vegetables,333.0,3.55,18.71,39.68,0.0,3.2,0.213,6.2,0.0,2.665,0.037,0.08,12.0,1.66,23.0,0.285,96.0,0.41,0.0,0.0,0.022,4e-05,0.0006,3
usda commodity,"Potato wedges, frozen",Vegetables,123.0,2.7,2.2,25.5,0.3,2.0,0.35,11.2,0.0,1.54,0.04,0.1,15.0,0.7,19.0,0.0,87.0,0.37,0.0,0.0,0.0,0.0,0.0,0
potatoes,"french fried, steak fries, salt added in processing, frozen, as purchased",Vegetables,133.0,2.19,3.39,23.51,0.2,1.9,0.168,18.4,0.08,2.005,0.072,0.098,9.0,0.65,21.0,0.161,78.0,0.36,0.0,0.0,0.0,9.2e-05,0.0004,0
potatoes,"french fried, steak fries, salt added in processing, frozen, oven-heated",Vegetables,152.0,2.57,3.76,26.98,0.25,2.6,0.192,14.0,0.08,2.24,0.029,0.132,10.0,0.64,23.0,0.189,90.0,0.41,0.0,0.0,0.0,9.5e-05,0.0,0
potato flour,No_descr,Vegetables,357.0,6.9,0.34,83.1,3.52,5.9,0.769,3.8,0.25,3.507,0.051,0.228,65.0,1.38,65.0,0.313,168.0,0.54,0.0,0.0,0.025,0.000197,0.0011,3
potato salad,home-prepared,Vegetables,143.0,2.68,8.2,11.17,0.0,1.3,0.141,10.0,0.0,0.89,0.06,0.077,19.0,0.65,15.0,0.101,52.0,0.31,0.032,0.0,0.007,0.000118,0.0040999999999999,0
pumpkin flowers,raw,Vegetables,15.0,1.03,0.07,3.28,0.0,0.0,0.0,28.0,0.0,0.69,0.075,0.042,39.0,0.7,24.0,0.0,49.0,0.0,0.097,0.0,0.059,0.0,0.0007,0
pumpkin flowers,"cooked, boiled, drained, without salt",Vegetables,15.0,1.09,0.08,3.3,2.4,0.9,0.05,5.0,0.04,0.31,0.032,0.018,37.0,0.88,25.0,0.0,34.0,0.1,0.087,0.0,0.041,0.0001,0.0007,0
pumpkin leaves,raw,Vegetables,19.0,3.15,0.4,2.33,0.0,0.0,0.207,11.0,0.0,0.92,0.128,0.094,39.0,2.22,38.0,0.355,104.0,0.2,0.097,0.0,0.036,0.000133,0.0009,0
pumpkin leaves,"cooked, boiled, drained, without salt",Vegetables,21.0,2.72,0.22,3.39,0.69,2.7,0.196,1.0,0.96,0.85,0.136,0.068,43.0,3.2,38.0,0.355,79.0,0.2,0.08,0.0,0.025,0.000133,0.0009,0
pumpkin,raw,Vegetables,26.0,1.0,0.1,6.5,2.76,0.5,0.061,9.0,1.06,0.6,0.11,0.05,21.0,0.8,12.0,0.125,44.0,0.32,0.426,0.0,0.016,0.000127,0.0003,0
pumpkin,"cooked, boiled, drained, without salt",Vegetables,20.0,0.72,0.07,4.9,2.08,1.1,0.044,4.7,0.8,0.413,0.078,0.031,15.0,0.57,9.0,0.089,30.0,0.23,0.288,0.0,0.009,9.1e-05,0.0002,0
pumpkin,"canned, without salt",Vegetables,34.0,1.1,0.28,8.09,3.3,2.9,0.056,4.2,1.06,0.367,0.054,0.024,26.0,1.39,23.0,0.149,35.0,0.17,0.778,0.0,0.012,0.000107,0.0004,0
pumpkin pie mix,canned,Vegetables,104.0,1.09,0.13,26.39,0.0,8.3,0.159,3.5,0.0,0.374,0.118,0.016,37.0,1.06,16.0,0.401,45.0,0.27,0.415,0.0,0.035,6.8e-05,0.0011,0
purslane,raw,Vegetables,20.0,2.03,0.36,3.39,0.0,0.0,0.073,21.0,0.0,0.48,0.112,0.047,65.0,1.99,68.0,0.303,44.0,0.17,0.0,0.0,0.012,0.000113,0.0009,0
purslane,"cooked, boiled, drained, without salt",Vegetables,18.0,1.49,0.19,3.55,0.0,0.0,0.07,10.5,0.0,0.46,0.09,0.031,78.0,0.77,67.0,0.307,37.0,0.17,0.093,0.0,0.009,0.000114,0.0009,0
radishes,raw,Vegetables,16.0,0.68,0.1,3.4,1.86,1.6,0.071,14.8,0.0,0.254,0.039,0.012,25.0,0.34,10.0,0.069,20.0,0.28,0.0,0.0,0.025,5e-05,0.0006,0
radishes,"oriental, raw",Vegetables,18.0,0.6,0.1,4.1,2.5,1.6,0.046,22.0,0.0,0.2,0.02,0.02,27.0,0.4,16.0,0.038,23.0,0.15,0.0,0.0,0.028,0.000115,0.0007,0
radishes,"oriental, cooked, boiled, drained, without salt",Vegetables,17.0,0.67,0.24,3.43,1.83,1.6,0.038,15.1,0.0,0.15,0.023,0.0,17.0,0.15,9.0,0.033,24.0,0.13,0.0,0.0,0.017,0.000101,0.0007,0
radishes,"oriental, dried",Vegetables,271.0,7.9,0.72,63.37,37.32,23.9,0.618,0.0,0.01,3.4,0.68,0.27,629.0,6.73,170.0,0.539,204.0,2.13,0.0,0.0,0.295,0.001631,0.0007,3
rutabagas,raw,Vegetables,37.0,1.08,0.16,8.62,4.46,2.3,0.1,25.0,0.3,0.7,0.04,0.09,43.0,0.44,20.0,0.131,53.0,0.24,0.0,0.0,0.021,3.2e-05,0.0007,0
rutabagas,"cooked, boiled, drained, without salt",Vegetables,30.0,0.93,0.18,6.84,3.95,1.8,0.102,18.8,0.24,0.715,0.041,0.082,18.0,0.18,10.0,0.097,41.0,0.12,0.0,0.0,0.015,2.9e-05,0.0007,0
salsify,"(vegetable oyster), raw",Vegetables,82.0,3.3,0.2,18.6,0.0,3.3,0.277,8.0,0.0,0.5,0.22,0.08,60.0,0.7,23.0,0.268,75.0,0.38,0.0,0.0,0.026,8.9e-05,0.0008,0
salsify,"cooked, boiled, drained, without salt",Vegetables,68.0,2.73,0.17,15.36,2.9,3.1,0.218,4.6,0.19,0.392,0.173,0.056,47.0,0.55,18.0,0.21,56.0,0.3,0.0,0.0,0.015,7.000000000000001e-05,0.0006,0
sauerkraut,"canned, solids and liquids",Vegetables,19.0,0.91,0.14,4.28,1.78,2.9,0.13,14.7,0.14,0.143,0.022,0.021,30.0,1.47,13.0,0.151,20.0,0.19,0.001,0.0,0.024,9.6e-05,0.0006,0
seaweed,"agar, raw",Vegetables,26.0,0.54,0.03,6.75,0.28,0.5,0.032,0.0,0.87,0.055,0.022,0.005,54.0,1.86,67.0,0.373,5.0,0.58,0.0,0.0,0.085,6.1e-05,0.0007,0
seaweed,"irishmoss, raw",Vegetables,49.0,1.51,0.16,12.29,0.61,1.3,0.069,3.0,0.87,0.593,0.466,0.015,72.0,8.9,144.0,0.37,157.0,1.95,0.006,0.0,0.182,0.000149,0.0007,0
seaweed,"kelp, raw",Vegetables,43.0,1.68,0.56,9.57,0.6,1.3,0.002,3.0,0.87,0.47,0.15,0.05,168.0,2.85,121.0,0.2,42.0,1.23,0.006,0.0,0.18,0.00013,0.0007,0
seaweed,"laver, raw",Vegetables,35.0,5.81,0.28,5.11,0.49,0.3,0.159,39.0,1.0,1.47,0.446,0.098,70.0,1.8,2.0,0.988,58.0,1.05,0.26,0.0,0.146,0.000264,0.0007,0
sesbania flower,raw,Vegetables,27.0,1.28,0.04,6.73,0.0,0.0,0.0,73.0,0.0,0.43,0.081,0.083,19.0,0.84,12.0,0.0,30.0,0.0,0.0,0.0,0.102,0.0,0.0009,0
sesbania flower,"cooked, steamed, without salt",Vegetables,22.0,1.14,0.05,5.23,0.0,0.0,0.0,37.0,0.0,0.25,0.043,0.048,22.0,0.56,12.0,0.0,21.0,0.0,0.0,0.0,0.057,0.0,0.0007,0
soybeans,"green, raw",Vegetables,147.0,12.95,6.8,11.05,0.0,4.2,0.065,29.0,0.0,1.65,0.175,0.435,197.0,3.55,65.0,0.547,194.0,0.99,0.009,0.0,0.165,0.000128,0.0015,0
soybeans,"green, cooked, boiled, drained, without salt",Vegetables,141.0,12.35,6.4,11.05,0.0,4.2,0.06,17.0,0.0,1.25,0.155,0.26,145.0,2.5,60.0,0.502,158.0,0.91,0.008,0.0,0.111,0.000117,0.0014,0
soybeans,"mature seeds, sprouted, raw",Vegetables,122.0,13.09,6.7,9.57,0.0,1.1,0.176,15.3,0.0,1.148,0.118,0.34,67.0,2.1,72.0,0.702,164.0,1.17,0.001,0.0,0.172,0.0004269999999999,0.0006,0
soybeans,"mature seeds, sprouted, cooked, steamed",Vegetables,81.0,8.47,4.45,6.53,0.52,0.8,0.105,8.3,0.21,1.092,0.053,0.205,59.0,1.31,60.0,0.71,135.0,1.04,0.002,0.0,0.08,0.00033,0.0006,0
soybeans,"mature seeds, sprouted, cooked, stir-fried",Vegetables,125.0,13.1,7.1,9.4,0.0,0.8,0.168,12.0,0.0,1.1,0.19,0.42,82.0,0.4,96.0,1.133,216.0,2.1,0.001,0.0,0.127,0.000527,0.0006,0
spinach,raw,Vegetables,23.0,2.86,0.39,3.63,0.42,2.2,0.195,28.1,2.03,0.724,0.189,0.078,99.0,2.71,79.0,0.897,49.0,0.53,0.469,0.0,0.194,0.00013,0.001,0
spinach,"cooked, boiled, drained, without salt",Vegetables,23.0,2.97,0.26,3.75,0.43,2.4,0.242,9.8,2.08,0.49,0.236,0.095,136.0,3.57,87.0,0.935,56.0,0.76,0.524,0.0,0.146,0.000174,0.0015,0
spinach,"canned, regular pack, solids and liquids",Vegetables,19.0,2.11,0.37,2.92,0.0,1.6,0.08,13.5,0.0,0.271,0.106,0.018,83.0,1.58,56.0,0.493,32.0,0.42,0.322,0.0,0.058,0.000116,0.0012,0
spinach,"canned, regular pack, drained solids",Vegetables,23.0,2.81,0.5,3.4,0.4,2.4,0.1,14.3,1.94,0.388,0.138,0.016,127.0,2.3,76.0,0.597,44.0,0.46,0.49,0.0,0.098,0.0001799999999999,0.0014,0
spinach,"frozen, chopped or leaf, unprepared",Vegetables,29.0,3.63,0.57,4.21,0.65,2.9,0.172,5.5,2.9,0.507,0.224,0.094,129.0,1.89,75.0,0.704,49.0,0.56,0.586,0.0,0.145,0.0001439999999999,0.006,0
spinach,"frozen, chopped or leaf, cooked, boiled, drained, without salt",Vegetables,34.0,4.01,0.87,4.8,0.51,3.7,0.136,2.2,3.54,0.439,0.176,0.078,153.0,1.96,82.0,0.717,50.0,0.49,0.603,0.0,0.121,0.000161,0.0055,0
squash,"summer, crookneck and straightneck, raw",Vegetables,19.0,1.01,0.27,3.88,2.88,1.0,0.104,19.3,0.13,0.448,0.041,0.051,21.0,0.44,20.0,0.172,32.0,0.29,0.008,0.0,0.019,9.2e-05,0.0002,0
squash,"summer, crookneck and straightneck, cooked, boiled, drained, without salt",Vegetables,23.0,1.04,0.39,3.79,2.48,1.1,0.078,11.6,0.12,0.507,0.025,0.043,22.0,0.37,16.0,0.157,29.0,0.22,0.056,0.0,0.023,6.500000000000001e-05,0.0002,0
squash,"summer, crookneck and straightneck, canned, drained, solid, without salt",Vegetables,13.0,0.61,0.07,2.96,1.19,1.4,0.042,2.7,0.12,0.418,0.027,0.016,12.0,0.71,13.0,0.097,21.0,0.29,0.005,0.0,0.01,8e-05,0.0002,0
squash,"summer, crookneck and straightneck, frozen, unprepared",Vegetables,20.0,0.83,0.14,4.8,0.0,1.2,0.088,6.4,0.0,0.4,0.048,0.04,18.0,0.48,23.0,0.162,35.0,0.37,0.014,0.0,0.012,8.5e-05,0.0002,0
squash,"summer, crookneck and straightneck, frozen, cooked, boiled, drained, without salt",Vegetables,25.0,1.28,0.2,5.54,2.33,1.4,0.099,6.8,0.15,0.44,0.047,0.036,20.0,0.52,27.0,0.263,41.0,0.34,0.01,0.0,0.013,7.3e-05,0.0003,0
squash,"summer, scallop, raw",Vegetables,18.0,1.2,0.2,3.84,2.39,1.2,0.109,18.0,0.13,0.6,0.03,0.07,19.0,0.4,23.0,0.157,36.0,0.29,0.011,0.0,0.03,0.000102,0.0002,0
squash,"summer, scallop, cooked, boiled, drained, without salt",Vegetables,16.0,1.03,0.17,3.3,1.5,1.9,0.085,10.8,0.12,0.464,0.025,0.051,15.0,0.33,19.0,0.128,28.0,0.24,0.004,0.0,0.021,8.3e-05,0.0002,0
squash,"summer, zucchini, includes skin, raw",Vegetables,17.0,1.21,0.32,3.11,2.5,1.0,0.163,17.9,0.12,0.451,0.094,0.045,16.0,0.37,18.0,0.177,38.0,0.32,0.01,0.0,0.024,5.3e-05,0.0002,0
squash,"summer, zucchini, includes skin, cooked, boiled, drained, without salt",Vegetables,15.0,1.14,0.36,2.69,1.71,1.0,0.08,12.9,0.12,0.51,0.024,0.035,18.0,0.37,19.0,0.173,37.0,0.33,0.056,0.0,0.028,5.2e-05,0.0002,0
squash,"summer, zucchini, includes skin, frozen, unprepared",Vegetables,17.0,1.16,0.13,3.58,1.71,1.3,0.05,5.3,0.12,0.433,0.042,0.048,18.0,0.51,13.0,0.244,28.0,0.21,0.01,0.0,0.01,5e-05,0.0002,0
squash,"summer, zucchini, includes skin, frozen, cooked, boiled, drained, without salt",Vegetables,17.0,1.15,0.13,3.56,1.69,1.3,0.045,3.7,0.12,0.386,0.04,0.041,17.0,0.48,13.0,0.23,25.0,0.2,0.009,0.0,0.008,4.7e-05,0.0002,0
squash,"summer, zucchini, italian style, canned",Vegetables,29.0,1.03,0.11,6.85,0.0,0.0,0.152,2.3,0.0,0.528,0.04,0.042,17.0,0.68,14.0,0.24,29.0,0.26,0.027,0.0,0.03,9.8e-05,0.0004,0
squash,"winter, acorn, raw",Vegetables,40.0,0.8,0.1,10.42,0.0,1.5,0.154,11.0,0.0,0.7,0.01,0.14,33.0,0.7,32.0,0.167,36.0,0.13,0.018,0.0,0.017,6.500000000000001e-05,0.0005,0
squash,"winter, acorn, cooked, baked, without salt",Vegetables,56.0,1.12,0.14,14.58,0.0,4.4,0.194,10.8,0.0,0.881,0.013,0.167,44.0,0.93,43.0,0.242,45.0,0.17,0.021,0.0,0.019,8.599999999999999e-05,0.0007,0
squash,"winter, acorn, cooked, boiled, mashed, without salt",Vegetables,34.0,0.67,0.08,8.79,0.0,2.6,0.117,6.5,0.0,0.531,0.008,0.1,26.0,0.56,26.0,0.146,27.0,0.11,0.041,0.0,0.011,5.2e-05,0.0004,0
squash,"winter, butternut, raw",Vegetables,45.0,1.0,0.1,11.69,2.2,2.0,0.154,21.0,1.44,1.2,0.02,0.1,48.0,0.7,34.0,0.202,33.0,0.15,0.532,0.0,0.027,7.199999999999999e-05,0.0005,0
squash,"winter, butternut, cooked, baked, without salt",Vegetables,40.0,0.9,0.09,10.49,1.97,3.2,0.124,15.1,1.29,0.969,0.017,0.072,41.0,0.6,29.0,0.172,27.0,0.13,0.558,0.0,0.019,6.500000000000001e-05,0.0005,0
squash,"winter, butternut, frozen, unprepared",Vegetables,57.0,1.76,0.1,14.41,2.83,1.3,0.11,6.2,1.85,0.74,0.059,0.09,29.0,0.88,14.0,0.248,22.0,0.17,0.24,0.0,0.024,5.1e-05,0.0007,0
squash,"winter, butternut, frozen, cooked, boiled, without salt",Vegetables,39.0,1.23,0.07,10.05,0.0,0.0,0.069,3.5,0.0,0.464,0.039,0.05,19.0,0.58,9.0,0.173,14.0,0.12,0.167,0.0,0.016,3.5999999999999994e-05,0.0005,0
squash,"winter, hubbard, raw",Vegetables,40.0,2.0,0.5,8.7,3.95,3.9,0.154,11.0,0.16,0.5,0.04,0.07,14.0,0.4,19.0,0.179,21.0,0.13,0.068,0.0,0.016,6.4e-05,0.0005,0
squash,"winter, hubbard, baked, without salt",Vegetables,50.0,2.48,0.62,10.81,4.9,4.9,0.172,9.5,0.2,0.558,0.047,0.074,17.0,0.47,22.0,0.17,23.0,0.15,0.335,0.0,0.016,4.5e-05,0.0006,0
squash,"winter, hubbard, cooked, boiled, mashed, without salt",Vegetables,30.0,1.48,0.37,6.46,2.93,2.9,0.103,6.5,0.12,0.334,0.028,0.042,10.0,0.28,13.0,0.126,14.0,0.1,0.2,0.0,0.01,4.7e-05,0.0003,0
squash,"winter, spaghetti, raw",Vegetables,31.0,0.64,0.57,6.91,2.76,1.5,0.101,2.1,0.13,0.95,0.018,0.037,23.0,0.31,12.0,0.125,12.0,0.19,0.006,0.0,0.012,3.7e-05,0.0003,0
squash,"winter, spaghetti, cooked, boiled, drained, or baked, without salt",Vegetables,27.0,0.66,0.26,6.46,2.53,1.4,0.099,3.5,0.12,0.81,0.022,0.038,21.0,0.34,11.0,0.109,14.0,0.2,0.006,0.0,0.008,3.5000000000000004e-05,0.0003,0
succotash,"(corn and limas), raw",Vegetables,99.0,5.03,1.02,19.59,0.0,3.8,0.13,15.1,0.0,1.587,0.082,0.208,18.0,1.83,48.0,0.688,113.0,0.61,0.015,0.0,0.04,0.000186,0.0006,0
succotash,"(corn and limas), cooked, boiled, drained, without salt",Vegetables,115.0,5.07,0.8,24.38,0.0,4.5,0.116,8.2,0.0,1.327,0.096,0.168,17.0,1.52,53.0,0.769,117.0,0.63,0.015,0.0,0.033,0.000179,0.0006,0
succotash,"(corn and limas), canned, with cream style corn",Vegetables,77.0,2.64,0.54,17.61,0.0,3.0,0.128,6.4,0.0,0.607,0.065,0.027,11.0,0.55,1.0,0.645,59.0,0.43,0.007,0.0,0.044,0.000178,0.0006,0
succotash,"(corn and limas), canned, with whole kernel corn, solids and liquids",Vegetables,63.0,2.6,0.49,13.98,0.0,2.6,0.049,4.6,0.0,0.64,0.058,0.029,11.0,0.53,19.0,0.366,55.0,0.5,0.007,0.0,0.032,0.0001089999999999,0.0006,0
succotash,"(corn and limas), frozen, unprepared",Vegetables,93.0,4.31,0.89,19.94,0.0,4.0,0.1,8.5,0.0,1.375,0.072,0.087,16.0,0.94,24.0,0.295,78.0,0.47,0.013,0.0,0.042,6.3e-05,0.0006,0
succotash,"(corn and limas), frozen, cooked, boiled, drained, without salt",Vegetables,93.0,4.31,0.89,19.95,2.21,4.1,0.095,5.9,0.18,1.306,0.068,0.074,15.0,0.89,23.0,0.28,70.0,0.45,0.01,0.0,0.033,6e-05,0.0006,0
swamp cabbage,"(skunk cabbage), raw",Vegetables,19.0,2.6,0.2,3.14,0.0,2.1,0.096,55.0,0.0,0.9,0.1,0.03,77.0,1.67,71.0,0.16,39.0,0.18,0.315,0.0,0.057,2.3e-05,0.0009,0
swamp cabbage,"cooked, boiled, drained, without salt",Vegetables,20.0,2.08,0.24,3.71,0.0,1.9,0.081,16.0,0.0,0.5,0.08,0.05,54.0,1.32,30.0,0.143,42.0,0.16,0.26,0.0,0.035,2.1e-05,0.0009,0
sweet potato leaves,raw,Vegetables,42.0,2.49,0.51,8.82,0.0,5.3,0.19,11.0,0.0,1.13,0.345,0.156,78.0,0.97,70.0,0.0,81.0,0.0,0.189,0.0,0.001,0.0,0.0009,0
sweet potato leaves,"cooked, steamed, without salt",Vegetables,41.0,2.18,0.34,7.38,5.48,1.9,0.16,1.5,0.96,1.003,0.267,0.112,33.0,0.63,48.0,0.229,40.0,0.26,0.147,0.0,0.049,3.3e-05,0.0009,0
sweet potato,"raw, unprepared",Vegetables,86.0,1.57,0.05,20.12,4.18,3.0,0.209,2.4,0.26,0.557,0.061,0.078,30.0,0.61,25.0,0.258,47.0,0.3,0.709,0.0,0.011,0.0001509999999999,0.0006,0
sweet potato,"cooked, baked in skin, flesh, without salt",Vegetables,90.0,2.01,0.15,20.71,6.48,3.3,0.286,19.6,0.71,1.487,0.106,0.107,38.0,0.69,27.0,0.497,54.0,0.32,0.961,0.0,0.006,0.000161,0.0002,0
sweet potato,"cooked, boiled, without skin",Vegetables,76.0,1.37,0.14,17.72,5.74,2.5,0.165,12.8,0.94,0.538,0.047,0.056,27.0,0.72,18.0,0.266,32.0,0.2,0.787,0.0,0.006,9.4e-05,0.0002,0
sweet potato,"canned, vacuum pack",Vegetables,91.0,1.65,0.2,21.12,5.0,1.8,0.19,26.4,1.0,0.741,0.057,0.037,22.0,0.89,22.0,0.455,49.0,0.18,0.399,0.0,0.017,0.000139,0.0007,0
sweet potato,"canned, mashed",Vegetables,101.0,1.98,0.2,23.19,5.45,1.7,0.235,5.2,1.09,0.955,0.09,0.027,30.0,1.33,24.0,0.988,52.0,0.21,0.435,0.0,0.011,0.000278,0.0008,0
sweet potato,"frozen, unprepared",Vegetables,96.0,1.71,0.18,22.22,0.0,1.7,0.177,13.3,0.0,0.597,0.051,0.067,37.0,0.53,22.0,0.665,45.0,0.31,0.518,0.0,0.021,0.000177,0.0006,0
sweet potato,"frozen, cooked, baked, without salt",Vegetables,100.0,1.71,0.12,23.4,9.17,1.8,0.186,9.1,0.77,0.555,0.056,0.066,35.0,0.54,21.0,0.665,44.0,0.3,1.043,0.0,0.022,0.000183,0.0006,0
taro,raw,Vegetables,112.0,1.5,0.2,26.46,0.4,4.1,0.283,4.5,2.38,0.6,0.025,0.095,43.0,0.55,33.0,0.383,84.0,0.23,0.004,0.0,0.022,0.0001719999999999,0.0007,0
taro,"cooked, without salt",Vegetables,142.0,0.52,0.11,34.6,0.49,5.1,0.331,5.0,2.93,0.51,0.028,0.107,18.0,0.72,30.0,0.449,76.0,0.27,0.004,0.0,0.019,0.000201,0.0009,0
taro leaves,raw,Vegetables,42.0,4.98,0.74,6.7,3.01,3.7,0.146,52.0,2.02,1.513,0.456,0.209,107.0,2.25,45.0,0.714,60.0,0.41,0.241,0.0,0.126,0.00027,0.0009,0
taro leaves,"cooked, steamed, without salt",Vegetables,24.0,2.72,0.41,4.02,0.0,2.0,0.072,35.5,0.0,1.267,0.38,0.139,86.0,1.18,20.0,0.371,27.0,0.21,0.212,0.0,0.048,0.00014,0.0009,0
taro shoots,raw,Vegetables,11.0,0.92,0.09,2.32,0.0,0.0,0.111,21.0,0.0,0.8,0.05,0.04,12.0,0.6,8.0,0.122,28.0,0.51,0.003,0.0,0.003,8.8e-05,0.0009,0
taro shoots,"cooked, without salt",Vegetables,14.0,0.73,0.08,3.2,0.0,0.0,0.112,18.9,0.0,0.81,0.053,0.038,14.0,0.41,8.0,0.13,26.0,0.54,0.003,0.0,0.003,9.4e-05,0.001,0
taro,"tahitian, raw",Vegetables,44.0,2.79,0.97,6.91,0.0,0.0,0.116,96.0,0.0,0.995,0.244,0.062,129.0,1.3,47.0,0.157,45.0,0.09,0.102,0.0,0.009,7.099999999999999e-05,0.0007,0
taro,"tahitian, cooked, without salt",Vegetables,44.0,4.16,0.68,6.85,0.0,0.0,0.117,38.0,0.0,0.48,0.198,0.044,149.0,1.56,51.0,0.168,67.0,0.1,0.088,0.0,0.007,7.6e-05,0.0008,0
tomatoes,"green, raw",Vegetables,23.0,1.2,0.2,5.1,4.0,1.1,0.081,23.4,0.38,0.5,0.04,0.06,13.0,0.51,10.0,0.1,28.0,0.07,0.032,0.0,0.009,8.999999999999999e-05,0.0004,0
tomatoes,"red, ripe, raw, year round average",Vegetables,18.0,0.88,0.2,3.89,2.63,1.2,0.08,13.7,0.54,0.594,0.019,0.037,10.0,0.27,11.0,0.114,24.0,0.17,0.042,0.0,0.015,5.9e-05,0.0,0
tomatoes,"red, ripe, cooked",Vegetables,18.0,0.95,0.11,4.01,2.49,0.7,0.079,22.8,0.56,0.532,0.022,0.036,11.0,0.68,9.0,0.105,28.0,0.14,0.024,0.0,0.013,7.5e-05,0.0005,0
tomatoes,"red, ripe, canned, packed in tomato juice",Vegetables,16.0,0.79,0.25,3.47,2.55,1.9,0.111,12.6,0.59,0.712,0.055,0.575,33.0,0.57,10.0,0.068,17.0,0.12,0.02,0.0,0.008,5.2e-05,0.0007,0
tomatoes,"red, ripe, canned, stewed",Vegetables,26.0,0.91,0.19,6.19,3.52,1.0,0.017,7.9,0.83,0.714,0.035,0.046,34.0,1.33,12.0,0.059,20.0,0.17,0.009,0.0,0.005,0.000112,0.0006,0
tomatoes,"red, ripe, canned, with green chilies",Vegetables,15.0,0.69,0.08,3.62,0.0,0.0,0.103,6.2,0.0,0.64,0.019,0.034,20.0,0.26,11.0,0.132,14.0,0.13,0.02,0.0,0.009,8.999999999999999e-05,0.0004,0
tomato juice,"canned, with salt added",Vegetables,17.0,0.85,0.29,3.53,2.58,0.4,0.07,70.1,0.32,0.673,0.078,0.1,10.0,0.39,11.0,0.068,19.0,0.11,0.023,0.0,0.02,4.2e-05,0.0005,0
tomato products,"canned, paste, without salt added",Vegetables,82.0,4.32,0.47,18.91,12.18,4.1,0.216,21.9,4.3,3.076,0.153,0.06,36.0,2.98,42.0,0.302,83.0,0.63,0.076,0.0,0.012,0.000365,0.0053,0
tomato products,"canned, puree, without salt added",Vegetables,38.0,1.65,0.21,8.98,4.83,1.9,0.126,10.6,1.97,1.466,0.08,0.025,18.0,1.78,23.0,0.169,40.0,0.36,0.026,0.0,0.011,0.000287,0.0007,0
tomato powder,No_descr,Vegetables,302.0,12.91,0.44,74.68,43.9,16.5,0.457,116.7,12.25,9.133,0.761,0.913,166.0,4.56,178.0,1.951,295.0,1.71,0.862,0.0,0.12,0.001241,0.0053,1
tomato products,"canned, sauce",Vegetables,24.0,1.2,0.3,5.31,3.56,1.5,0.098,7.0,1.44,0.991,0.065,0.024,14.0,0.96,15.0,0.113,27.0,0.22,0.022,0.0,0.009,0.000115,0.0006,0
tomato products,"canned, sauce, with mushrooms",Vegetables,35.0,1.45,0.13,8.43,5.77,1.5,0.133,12.4,1.92,1.265,0.108,0.072,13.0,0.89,19.0,0.188,32.0,0.21,0.048,0.0,0.009,0.000199,0.0002,0
tomato products,"canned, sauce, with onions",Vegetables,42.0,1.56,0.19,9.94,0.0,1.8,0.267,12.7,0.0,1.242,0.133,0.073,17.0,0.93,19.0,0.301,39.0,0.23,0.043,0.0,0.022,0.0001809999999999,0.0008,0
tomato products,"canned, sauce, with herbs and cheese",Vegetables,59.0,2.13,1.93,10.24,0.0,2.2,0.019,10.0,0.0,1.209,0.124,0.076,37.0,0.87,19.0,0.188,54.0,0.36,0.049,0.0,0.008,0.000174,0.0009,0
tomato products,"canned, sauce, with onions, green peppers, and celery",Vegetables,41.0,0.94,0.74,8.77,7.36,1.4,0.194,13.2,1.18,1.095,0.12,0.067,13.0,0.76,21.0,0.244,38.0,0.28,0.041,0.0,0.014,0.000198,0.0006,0
tomato products,"canned, sauce, with tomato tidbits",Vegetables,32.0,1.32,0.39,7.09,0.0,1.4,0.155,21.5,0.0,1.183,0.097,0.073,10.0,0.68,20.0,0.22,42.0,0.19,0.04,0.0,0.009,1.4e-05,0.0006,0
tree fern,"cooked, without salt",Vegetables,40.0,0.29,0.07,10.98,0.0,3.7,0.179,30.0,0.0,3.5,0.3,0.0,8.0,0.16,5.0,0.539,4.0,0.31,0.01,0.0,0.015,0.000202,0.0009,0
turnips,raw,Vegetables,28.0,0.9,0.1,6.43,3.8,1.8,0.09,21.0,0.03,0.4,0.03,0.04,30.0,0.3,11.0,0.134,27.0,0.27,0.0,0.0,0.015,8.5e-05,0.0007,0
turnips,"cooked, boiled, drained, without salt",Vegetables,22.0,0.71,0.08,5.06,2.99,2.0,0.067,11.6,0.02,0.299,0.023,0.027,33.0,0.18,9.0,0.071,26.0,0.12,0.0,0.0,0.009,2e-06,0.0002,0
turnips,"frozen, unprepared",Vegetables,16.0,1.04,0.16,2.94,0.0,1.8,0.048,4.4,0.0,0.4,0.02,0.03,23.0,0.7,10.0,0.071,20.0,0.14,0.001,0.0,0.008,4.5e-05,0.0004,0
turnips,"frozen, cooked, boiled, drained, without salt",Vegetables,23.0,1.53,0.24,4.35,2.35,2.0,0.067,3.9,0.02,0.56,0.028,0.035,32.0,0.98,14.0,0.1,26.0,0.2,0.0,0.0,0.008,6.3e-05,0.0006,0
turnip greens,raw,Vegetables,32.0,1.5,0.3,7.13,0.81,3.2,0.263,60.0,2.86,0.6,0.1,0.07,190.0,1.1,31.0,0.466,42.0,0.19,0.579,0.0,0.194,0.00035,0.0012,0
turnip greens,"cooked, boiled, drained, without salt",Vegetables,20.0,1.14,0.23,4.36,0.53,3.5,0.18,27.4,1.88,0.411,0.072,0.045,137.0,0.8,22.0,0.337,29.0,0.14,0.381,0.0,0.118,0.000253,0.0009,0
turnip greens,"canned, solids and liquids",Vegetables,14.0,1.36,0.3,2.42,0.0,1.7,0.037,15.5,0.0,0.362,0.063,0.012,118.0,1.51,20.0,0.277,21.0,0.23,0.179,0.0,0.041,8.3e-05,0.0007,0
turnip greens,"frozen, unprepared",Vegetables,22.0,2.47,0.31,3.67,0.0,2.5,0.1,26.8,0.0,0.383,0.091,0.044,118.0,1.51,27.0,0.369,27.0,0.17,0.309,0.0,0.074,5.7e-05,0.0009,0
turnip greens,"frozen, cooked, boiled, drained, without salt",Vegetables,29.0,3.35,0.42,4.98,0.75,3.4,0.067,21.8,2.66,0.468,0.074,0.054,152.0,1.94,26.0,0.475,34.0,0.41,0.538,0.0,0.039,0.00015,0.0012,0
turnip greens and turnips,"frozen, unprepared",Vegetables,21.0,2.46,0.19,3.39,0.0,2.4,0.074,25.8,0.0,0.388,0.088,0.044,114.0,1.63,18.0,0.22,24.0,0.16,0.305,0.0,0.041,5.1e-05,0.0009,0
turnip greens and turnips,"frozen, cooked, boiled, drained, without salt",Vegetables,35.0,2.99,0.38,4.85,1.07,3.1,0.067,18.2,2.13,0.486,0.065,0.05,128.0,1.75,24.0,0.4,32.0,0.37,0.431,0.0,0.033,0.000133,0.0011,0
vegetable juice cocktail,canned,Vegetables,19.0,0.93,0.31,3.87,2.89,0.5,0.071,54.3,1.02,0.722,0.033,0.05,14.0,0.28,11.0,0.08,19.0,0.12,0.035,0.0,0.021,6.8e-05,0.0005,0
vegetables,"mixed, canned, solids and liquids",Vegetables,36.0,1.42,0.25,7.13,0.0,3.8,0.077,3.8,0.0,0.482,0.04,0.034,21.0,0.65,15.0,0.427,37.0,0.51,0.0,0.0,0.018,0.000104,0.0002,0
vegetables,"mixed, canned, drained solids",Vegetables,49.0,2.59,0.25,9.26,2.41,3.0,0.079,5.0,0.29,0.577,0.048,0.046,27.0,1.05,16.0,0.568,42.0,0.41,0.583,0.0,0.024,7.3e-05,0.0003,0
vegetables,"mixed, frozen, unprepared",Vegetables,72.0,3.33,0.52,13.47,0.0,4.0,0.096,10.4,0.0,1.252,0.085,0.122,25.0,0.95,24.0,0.244,59.0,0.45,0.254,0.0,0.029,9.3e-05,0.0004,0
vegetables,"mixed, frozen, cooked, boiled, drained, without salt",Vegetables,65.0,2.86,0.15,13.09,3.12,4.4,0.074,3.2,0.38,0.851,0.12,0.071,25.0,0.82,22.0,0.379,51.0,0.49,0.214,0.0,0.019,8.3e-05,0.0003,0
vegetable juice cocktail,"low sodium, canned",Vegetables,19.0,0.91,0.32,3.83,2.81,0.5,0.071,54.3,1.02,0.722,0.033,0.05,15.0,0.29,12.0,0.079,19.0,0.12,0.035,0.0,0.0,6.8e-05,0.0002,0
vinespinach,"(basella), raw",Vegetables,19.0,1.8,0.3,3.4,0.0,0.0,0.24,102.0,0.0,0.5,0.155,0.05,109.0,1.2,65.0,0.735,52.0,0.43,0.4,0.0,0.14,0.000107,0.0008,0
waterchestnuts,"chinese, (matai), raw",Vegetables,97.0,1.4,0.1,23.94,4.8,3.0,0.328,4.0,1.2,1.0,0.2,0.14,11.0,0.06,22.0,0.331,63.0,0.5,0.0,0.0,0.016,0.000326,0.0007,0
waterchestnuts,"chinese, canned, solids and liquids",Vegetables,50.0,0.88,0.06,12.3,2.46,2.5,0.159,1.3,0.5,0.36,0.024,0.011,4.0,0.87,5.0,0.161,19.0,0.38,0.0,0.0,0.006,0.0001,0.0007,0
watercress,raw,Vegetables,11.0,2.3,0.1,1.29,0.2,0.5,0.129,43.0,1.0,0.2,0.12,0.09,120.0,0.2,21.0,0.244,60.0,0.11,0.16,0.0,0.009,7.7e-05,0.0009,0
waxgourd,"(chinese preserving melon), raw",Vegetables,13.0,0.4,0.2,3.0,0.0,2.9,0.035,13.0,0.0,0.4,0.11,0.04,19.0,0.4,10.0,0.058,19.0,0.61,0.0,0.0,0.005,2.3e-05,0.0002,0
waxgourd,"(chinese preserving melon), cooked, boiled, drained, without salt",Vegetables,14.0,0.4,0.2,3.04,1.18,1.0,0.032,10.5,0.08,0.384,0.001,0.034,18.0,0.38,10.0,0.056,17.0,0.59,0.0,0.0,0.004,2.2e-05,0.0002,0
winged beans,"immature seeds, raw",Vegetables,49.0,6.95,0.87,4.31,0.0,0.0,0.113,18.3,0.0,0.9,0.1,0.14,84.0,1.5,34.0,0.218,37.0,0.39,0.0,0.0,0.066,5.1e-05,0.0015,0
winged beans,"immature seeds, cooked, boiled, drained, without salt",Vegetables,38.0,5.31,0.66,3.21,0.0,0.0,0.082,9.8,0.0,0.652,0.072,0.086,61.0,1.09,30.0,0.158,25.0,0.28,0.004,0.0,0.035,3.7e-05,0.0011,0
winged bean leaves,raw,Vegetables,74.0,5.85,1.1,14.1,0.0,0.0,0.232,45.0,0.0,3.472,0.602,0.833,224.0,4.0,8.0,1.367,63.0,1.28,0.405,0.0,0.016,0.000456,0.0009,0
winged bean tuber,raw,Vegetables,148.0,11.6,0.9,28.1,0.0,0.0,0.075,0.0,0.0,1.64,0.149,0.379,30.0,2.0,24.0,0.532,45.0,1.39,0.0,0.0,0.019,0.0013859999999999,0.0007,0
yam,raw,Vegetables,118.0,1.53,0.17,27.88,0.5,4.1,0.293,17.1,0.35,0.552,0.032,0.112,17.0,0.54,21.0,0.397,55.0,0.24,0.007,0.0,0.023,0.000178,0.0007,0
yam,"cooked, boiled, drained, or baked, without salt",Vegetables,116.0,1.49,0.14,27.48,0.49,3.9,0.228,12.1,0.34,0.552,0.028,0.095,14.0,0.52,18.0,0.371,49.0,0.2,0.006,0.0,0.016,0.000152,0.0007,0
yambean (jicama),raw,Vegetables,38.0,0.72,0.09,8.82,1.8,4.9,0.042,20.2,0.46,0.2,0.029,0.02,12.0,0.6,12.0,0.06,18.0,0.16,0.001,0.0,0.012,4.8e-05,0.0007,0
yambean (jicama),"cooked, boiled, drained, without salt",Vegetables,38.0,0.72,0.09,8.82,0.0,0.0,0.04,14.1,0.0,0.19,0.028,0.017,11.0,0.57,11.0,0.057,16.0,0.15,0.001,0.0,0.008,4.6e-05,0.0007,0
beets,"harvard, canned, solids and liquids",Vegetables,73.0,0.84,0.06,18.18,0.0,2.5,0.055,2.4,0.0,0.084,0.05,0.01,11.0,0.36,19.0,0.241,17.0,0.23,0.001,0.0,0.029,9.7e-05,0.0011,0
beets,"pickled, canned, solids and liquids",Vegetables,65.0,0.8,0.08,16.28,13.59,2.6,0.05,2.3,0.06,0.251,0.048,0.01,11.0,0.41,15.0,0.22,17.0,0.26,0.002,0.0,0.027,0.000116,0.001,0
borage,raw,Vegetables,21.0,1.8,0.7,3.06,0.0,0.0,0.084,35.0,0.0,0.9,0.15,0.06,93.0,3.3,52.0,0.349,53.0,0.2,0.21,0.0,0.013,0.00013,0.0009,0
borage,"cooked, boiled, drained, without salt",Vegetables,25.0,2.09,0.81,3.55,0.0,0.0,0.088,32.5,0.0,0.94,0.165,0.059,102.0,3.64,57.0,0.385,55.0,0.22,0.219,0.0,0.01,0.0001429999999999,0.0009,0
chives,freeze-dried,Vegetables,311.0,21.2,3.5,64.29,0.0,26.2,1.996,660.0,0.0,5.9,1.5,0.9,813.0,20.0,640.0,1.35,518.0,5.12,3.415,0.0,0.108,0.000686,0.0094,3
dock,raw,Vegetables,22.0,2.0,0.7,3.2,0.0,2.9,0.122,48.0,0.0,0.5,0.1,0.04,44.0,2.4,103.0,0.349,63.0,0.2,0.2,0.0,0.013,0.000131,0.0009,0
dock,"cooked, boiled, drained, without salt",Vegetables,20.0,1.83,0.64,2.93,0.0,2.6,0.1,26.3,0.0,0.411,0.086,0.034,38.0,2.08,89.0,0.303,52.0,0.17,0.174,0.0,0.008,0.000114,0.0009,0
eppaw,raw,Vegetables,150.0,4.6,1.8,31.68,0.0,0.0,0.176,13.0,0.0,0.3,0.12,0.11,110.0,1.15,32.0,1.094,165.0,1.15,0.0,0.0,0.024,0.000234,0.0009,0
drumstick pods,raw,Vegetables,37.0,2.1,0.2,8.53,0.0,3.2,0.12,141.0,0.0,0.62,0.074,0.053,30.0,0.36,45.0,0.259,50.0,0.45,0.004,0.0,0.044,8.400000000000001e-05,0.0007,0
drumstick pods,"cooked, boiled, drained, without salt",Vegetables,36.0,2.09,0.19,8.18,0.0,4.2,0.112,97.0,0.0,0.59,0.068,0.046,20.0,0.45,42.0,0.241,49.0,0.42,0.004,0.0,0.03,7.8e-05,0.0007,0
kale,"scotch, raw",Vegetables,42.0,2.8,0.6,8.32,0.0,1.7,0.227,130.0,0.0,1.3,0.06,0.07,205.0,3.0,88.0,0.648,62.0,0.37,0.155,0.0,0.028,0.000243,0.0009,0
kale,"scotch, cooked, boiled, drained, without salt",Vegetables,28.0,1.9,0.41,5.63,0.0,1.2,0.139,52.8,0.0,0.792,0.039,0.04,132.0,1.93,57.0,0.417,38.0,0.24,0.1,0.0,0.013,0.000156,0.0009,0
leeks,"(bulb and lower-leaf portion), freeze-dried",Vegetables,321.0,15.2,2.1,74.65,0.0,10.4,1.209,118.0,0.0,3.5,0.4,0.8,360.0,7.6,161.0,2.634,346.0,0.66,0.014,0.0,0.366,0.000657,0.0057,3
parsley,freeze-dried,Vegetables,271.0,31.3,5.2,42.38,0.0,32.7,1.375,149.0,0.0,10.4,2.26,1.04,176.0,53.9,372.0,1.338,548.0,6.11,0.0,0.0,0.194,0.000459,0.0322999999999999,3
beans,"mung, mature seeds, sprouted, canned, drained solids",Vegetables,12.0,1.4,0.06,2.14,1.34,0.8,0.032,0.3,0.04,0.22,0.07,0.03,14.0,0.43,9.0,0.073,32.0,0.28,0.0,0.0,0.01,0.000157,0.0006,0
peppers,"jalapeno, canned, solids and liquids",Vegetables,27.0,0.92,0.94,4.74,2.14,2.6,0.19,10.0,0.69,0.403,0.038,0.043,23.0,1.88,15.0,0.114,18.0,0.34,0.085,0.0,0.014,0.000146,0.0004,0
peppers,"sweet, green, freeze-dried",Vegetables,314.0,17.9,3.0,68.7,38.48,21.3,2.223,1900.0,4.0,7.4,1.2,1.2,134.0,10.4,188.0,1.897,327.0,2.41,0.282,0.0,0.229,0.001389,0.0037,3
radishes,"white icicle, raw",Vegetables,14.0,1.1,0.1,2.63,0.0,1.4,0.075,29.0,0.0,0.3,0.02,0.03,27.0,0.8,9.0,0.033,28.0,0.13,0.0,0.0,0.014,9.9e-05,0.0007,0
shallots,freeze-dried,Vegetables,348.0,12.3,0.5,80.7,38.16,15.7,1.675,39.0,0.18,1.0,0.1,0.3,183.0,6.0,104.0,1.417,296.0,1.93,0.001,0.0,0.116,0.000425,0.0057,3
squash,"summer, all varieties, raw",Vegetables,16.0,1.21,0.18,3.35,2.2,1.1,0.218,17.0,0.12,0.487,0.142,0.048,15.0,0.35,17.0,0.175,38.0,0.29,0.01,0.0,0.029,5.1e-05,0.0002,0
squash,"summer, all varieties, cooked, boiled, drained, without salt",Vegetables,20.0,0.91,0.31,4.31,2.59,1.4,0.065,5.5,0.14,0.513,0.041,0.044,27.0,0.36,24.0,0.213,39.0,0.39,0.011,0.0,0.02,0.000103,0.0002,0
squash,"winter, all varieties, raw",Vegetables,34.0,0.95,0.13,8.59,2.2,1.5,0.156,12.3,0.12,0.5,0.062,0.03,28.0,0.58,14.0,0.163,23.0,0.21,0.068,0.0,0.024,7.099999999999999e-05,0.0004,0
squash,"winter, all varieties, cooked, baked, without salt",Vegetables,37.0,0.89,0.35,8.85,3.3,2.8,0.161,9.6,0.12,0.495,0.067,0.016,22.0,0.44,13.0,0.187,19.0,0.22,0.261,0.0,0.02,8.2e-05,0.0004,0
sweet potato,"canned, syrup pack, solids and liquids",Vegetables,89.0,0.98,0.2,20.93,15.4,2.5,0.051,10.5,0.94,0.456,0.046,0.024,15.0,0.8,13.0,0.507,27.0,0.19,0.377,0.0,0.007,0.000124,0.0007,0
sweet potato,"canned, syrup pack, drained solids",Vegetables,108.0,1.28,0.32,25.36,5.74,3.0,0.062,10.8,1.15,0.34,0.038,0.025,17.0,0.95,12.0,0.615,25.0,0.16,0.458,0.0,0.008,0.000167,0.0008,0
tomato products,"canned, sauce, spanish style",Vegetables,33.0,1.44,0.27,7.24,0.0,1.4,0.177,8.6,0.0,1.292,0.062,0.074,17.0,3.48,19.0,0.216,48.0,0.34,0.049,0.0,0.014,0.00016,0.0006,0
beans,"pinto, mature seeds, sprouted, raw",Vegetables,62.0,5.25,0.9,11.6,0.0,0.0,0.171,21.7,0.0,2.28,0.175,0.23,43.0,1.97,53.0,0.366,94.0,0.5,0.0,0.0,0.118,0.00032,0.0006,0
beans,"pinto, mature seeds, sprouted, cooked, boiled, drained, without salt",Vegetables,22.0,1.86,0.32,4.1,0.0,0.0,0.054,6.1,0.0,0.725,0.059,0.067,15.0,0.66,18.0,0.123,30.0,0.17,0.0,0.0,0.029,0.000107,0.0006,0
carrot juice,canned,Vegetables,40.0,0.95,0.15,9.28,3.91,0.8,0.217,8.5,1.16,0.386,0.055,0.092,24.0,0.46,14.0,0.13,42.0,0.18,0.956,0.0,0.004,4.6e-05,0.0006,0
corn pudding,home prepared,Vegetables,131.0,4.42,5.04,16.97,6.59,1.2,0.127,3.7,0.27,1.033,0.154,0.069,39.0,0.53,15.0,0.079,90.0,0.48,0.057,0.00031,0.029,4.3e-05,0.0060999999999999,0
potatoes,"mashed, home-prepared, whole milk added",Vegetables,83.0,1.91,0.57,17.57,1.48,1.5,0.232,6.2,0.02,1.118,0.041,0.089,24.0,0.27,18.0,0.119,46.0,0.28,0.007,7.000000000000001e-05,0.008,0.000145,0.0008,0
spinach souffle,No_descr,Vegetables,172.0,7.89,12.95,5.9,1.85,0.7,0.098,7.3,0.93,0.479,0.263,0.082,165.0,1.19,30.0,0.269,139.0,0.85,0.244,0.0004,0.077,5.9e-05,0.0111,0
sweet potato,"cooked, candied, home-prepared",Vegetables,164.0,0.89,3.54,32.12,27.25,2.1,0.05,9.0,0.9,0.406,0.041,0.021,26.0,0.79,13.0,0.442,25.0,0.17,0.349,1e-05,0.006,0.000113,0.0008,0
tomatoes,"red, ripe, cooked, stewed",Vegetables,79.0,1.96,2.68,13.05,0.0,1.7,0.086,18.2,0.0,1.11,0.08,0.108,26.0,1.06,15.0,0.193,38.0,0.18,0.033,0.0,0.011,9.5e-05,0.0012,0
seaweed,"agar, dried",Vegetables,306.0,6.21,0.3,80.88,2.97,7.7,0.303,0.0,5.0,0.202,0.222,0.01,625.0,21.4,770.0,4.3,52.0,5.8,0.0,0.0,0.58,0.00061,0.0074,3
seaweed,"spirulina, raw",Vegetables,26.0,5.92,0.39,2.42,0.3,0.4,0.034,0.9,0.49,1.196,0.342,0.222,12.0,2.79,19.0,0.186,11.0,0.2,0.003,0.0,0.009,0.000597,0.0007,0
seaweed,"spirulina, dried",Vegetables,290.0,57.47,7.72,23.9,3.1,3.6,0.364,10.1,5.0,12.82,3.67,2.38,120.0,28.5,195.0,1.9,118.0,2.0,0.029,0.0,0.094,0.0060999999999999,0.0072,2
seaweed,"wakame, raw",Vegetables,45.0,3.03,0.64,9.14,0.65,0.5,0.002,3.0,1.0,1.6,0.23,0.06,150.0,2.18,107.0,1.4,80.0,0.38,0.018,0.0,0.196,0.0002839999999999,0.0007,0
peppers,"hot chili, green, raw",Vegetables,40.0,2.0,0.2,9.46,5.1,1.5,0.278,242.5,0.69,0.95,0.09,0.09,18.0,1.2,25.0,0.237,46.0,0.3,0.059,0.0,0.023,0.000174,0.0005,0
potatoes,"o'brien, home-prepared",Vegetables,81.0,2.35,1.28,15.47,0.0,0.0,0.213,16.7,0.0,1.008,0.056,0.075,36.0,0.47,18.0,0.121,50.0,0.3,0.0,0.0,0.008,0.000129,0.0012,0
potato pancakes,No_descr,Vegetables,268.0,6.08,14.76,27.81,1.79,3.3,0.448,27.6,0.23,1.672,0.173,0.158,32.0,1.67,36.0,0.26,128.0,0.7,0.032,0.00029,0.045,0.0001799999999999,0.0089,0
potatoes,"baked, flesh and skin, without salt",Vegetables,93.0,2.5,0.13,21.15,1.18,2.2,0.311,9.6,0.04,1.41,0.048,0.064,15.0,1.08,28.0,0.219,70.0,0.36,0.001,0.0,0.028,0.000118,0.0004,0
potatoes,"microwaved, cooked in skin, flesh and skin, without salt",Vegetables,105.0,2.44,0.1,24.24,0.0,2.3,0.344,15.1,0.0,1.714,0.032,0.12,11.0,1.24,27.0,0.292,105.0,0.36,0.0,0.0,0.012,0.000334,0.0004,0
radish seeds,"sprouted, raw",Vegetables,43.0,3.81,2.53,3.6,0.0,0.0,0.285,28.9,0.0,2.853,0.103,0.102,51.0,0.86,44.0,0.26,113.0,0.56,0.02,0.0,0.095,0.0001199999999999,0.0006,0
shallots,raw,Vegetables,72.0,2.5,0.1,16.8,7.87,3.2,0.345,8.0,0.04,0.2,0.02,0.06,37.0,1.2,21.0,0.292,60.0,0.4,0.0,0.0,0.034,8.8e-05,0.0012,0
carrot,dehydrated,Vegetables,341.0,8.1,1.49,79.57,38.82,23.6,1.04,14.6,5.45,6.567,0.417,0.534,212.0,3.93,118.0,1.116,346.0,1.57,3.423,0.0,0.055,0.00037,0.0086,3
tomatoes,"crushed, canned",Vegetables,32.0,1.64,0.28,7.29,4.4,1.9,0.15,9.2,1.25,1.222,0.052,0.075,34.0,1.3,20.0,0.183,32.0,0.27,0.011,0.0,0.013,0.000183,0.0006,0
tomatoes,"orange, raw",Vegetables,16.0,1.16,0.19,3.18,0.0,0.9,0.06,16.0,0.0,0.593,0.034,0.046,5.0,0.47,8.0,0.088,29.0,0.14,0.075,0.0,0.029,6.2e-05,0.0004,0
tomatoes,"yellow, raw",Vegetables,15.0,0.98,0.26,2.98,0.0,0.7,0.056,9.0,0.0,1.179,0.047,0.041,11.0,0.49,12.0,0.12,36.0,0.28,0.0,0.0,0.03,0.000101,0.0004,0
arrowroot,raw,Vegetables,65.0,4.24,0.2,13.39,0.0,1.3,0.266,1.9,0.0,1.693,0.059,0.143,6.0,2.22,25.0,0.174,98.0,0.63,0.001,0.0,0.338,0.000121,0.0007,0
chrysanthemum leaves,raw,Vegetables,24.0,3.36,0.56,3.01,0.0,3.0,0.176,1.4,0.0,0.531,0.144,0.13,117.0,2.3,32.0,0.943,54.0,0.71,0.094,0.0,0.177,0.000137,0.0003,0
amaranth leaves,"cooked, boiled, drained, with salt",Vegetables,21.0,2.11,0.18,4.11,0.0,0.0,0.177,41.1,0.0,0.559,0.134,0.02,209.0,2.26,55.0,0.861,72.0,0.88,0.139,0.0,0.057,0.000158,0.0009,0
arrowhead,"cooked, boiled, drained, with salt",Vegetables,78.0,4.49,0.1,16.14,0.0,0.0,0.206,0.3,0.0,1.16,0.06,0.144,7.0,1.21,49.0,0.285,197.0,0.22,0.0,0.0,0.009,0.000135,0.0006,0
artichokes,"(globe or french), cooked, boiled, drained, with salt",Vegetables,51.0,2.89,0.34,11.39,0.99,8.6,0.081,7.4,0.19,1.11,0.089,0.05,21.0,0.61,42.0,0.225,73.0,0.4,0.001,0.0,0.089,0.000127,0.0002,0
artichokes,"(globe or french), frozen, cooked, boiled, drained, with salt",Vegetables,45.0,3.11,0.5,9.18,0.84,4.6,0.087,5.0,0.16,0.915,0.158,0.062,21.0,0.56,31.0,0.273,61.0,0.36,0.001,0.0,0.119,6.1e-05,0.0002,0
asparagus,"cooked, boiled, drained, with salt",Vegetables,22.0,2.4,0.22,4.11,1.3,2.0,0.079,7.7,1.5,1.084,0.139,0.162,23.0,0.91,14.0,0.154,54.0,0.6,0.05,0.0,0.149,0.000165,0.0060999999999999,0
asparagus,"canned, no salt added, solids and liquids",Vegetables,15.0,1.8,0.18,2.48,1.0,1.0,0.098,16.5,0.29,0.851,0.089,0.054,15.0,0.6,9.0,0.152,38.0,0.47,0.039,0.0,0.085,0.000107,0.0016,0
asparagus,"frozen, cooked, boiled, drained, with salt",Vegetables,18.0,2.95,0.42,1.92,0.32,1.6,0.02,24.4,1.2,1.038,0.103,0.065,18.0,0.56,10.0,0.14,49.0,0.41,0.04,0.0,0.135,0.0001049999999999,0.0039,0
balsam-pear (bitter gourd),"leafy tips, cooked, boiled, drained, with salt",Vegetables,32.0,3.6,0.2,6.16,1.04,1.9,0.76,55.6,1.45,0.995,0.282,0.147,42.0,1.02,94.0,0.536,77.0,0.3,0.121,0.0,0.088,0.000201,0.0009,0
balsam-pear (bitter gourd),"pods, cooked, boiled, drained, with salt",Vegetables,19.0,0.84,0.18,4.32,1.95,2.0,0.041,33.0,0.14,0.28,0.053,0.051,9.0,0.38,16.0,0.086,36.0,0.77,0.006,0.0,0.051,3.3e-05,0.0002,0
bamboo shoots,"cooked, boiled, drained, with salt",Vegetables,11.0,1.53,0.22,1.52,0.0,1.0,0.098,0.0,0.0,0.3,0.05,0.02,12.0,0.24,3.0,0.113,20.0,0.47,0.0,0.0,0.002,8.2e-05,0.0004,0
beans,"kidney, mature seeds, sprouted, cooked, boiled, drained, with salt",Vegetables,33.0,4.83,0.58,4.72,0.0,0.0,0.093,35.6,0.0,3.024,0.273,0.362,19.0,0.89,23.0,0.199,38.0,0.44,0.0,0.0,0.047,0.000174,0.0006,0
lima beans,"immature seeds, cooked, boiled, drained, with salt",Vegetables,123.0,6.81,0.32,23.64,1.63,5.3,0.193,10.1,0.14,1.04,0.096,0.14,32.0,2.45,74.0,1.252,130.0,0.79,0.019,0.0,0.026,0.000305,0.002,0
lima beans,"immature seeds, canned, no salt added, solids and liquids",Vegetables,71.0,4.07,0.29,13.33,0.93,3.6,0.062,8.7,0.29,0.532,0.043,0.029,28.0,1.61,34.0,0.7,71.0,0.64,0.008,0.0,0.016,0.000162,0.0011,0
lima beans,"immature seeds, frozen, baby, cooked, boiled, drained, with salt",Vegetables,105.0,6.65,0.3,19.45,1.37,6.0,0.115,5.8,0.64,0.77,0.055,0.07,28.0,1.96,56.0,0.813,112.0,0.55,0.008,0.0,0.016,0.000197,0.0017,0
lima beans,"immature seeds, frozen, fordhook, cooked, boiled, drained, with salt",Vegetables,103.0,6.07,0.34,19.32,1.34,5.8,0.122,12.8,0.29,1.069,0.061,0.074,30.0,1.82,42.0,0.648,97.0,0.74,0.01,0.0,0.021,0.00017,0.0006,0
mung beans,"mature seeds, sprouted, cooked, boiled, drained, with salt",Vegetables,19.0,2.03,0.09,3.6,2.84,0.8,0.054,11.4,0.07,0.817,0.102,0.05,12.0,0.65,14.0,0.14,28.0,0.47,0.001,0.0,0.029,0.000122,0.0006,0
beans,"navy, mature seeds, sprouted, cooked, boiled, drained, with salt",Vegetables,78.0,7.07,0.81,15.01,0.0,0.0,0.198,17.3,0.0,1.263,0.235,0.381,16.0,2.11,111.0,0.446,103.0,0.97,0.0,0.0,0.106,0.000389,0.0006,0
beans,"pinto, immature seeds, frozen, cooked, boiled, drained, with salt",Vegetables,162.0,9.31,0.48,30.88,0.0,8.6,0.194,0.7,0.0,0.632,0.108,0.274,52.0,2.71,54.0,0.493,100.0,0.69,0.0,0.0,0.034,8.8e-05,0.0014,3
beans,"pinto, mature seeds, sprouted, cooked, boiled, drained, with salt",Vegetables,20.0,1.86,0.32,3.5,0.0,0.0,0.054,6.1,0.0,0.725,0.059,0.067,15.0,0.66,18.0,0.123,30.0,0.17,0.0,0.0,0.029,0.000107,0.0006,0
beans,"snap, yellow, raw",Vegetables,31.0,1.82,0.12,7.13,0.0,3.4,0.074,16.3,0.0,0.752,0.105,0.084,37.0,1.04,25.0,0.214,38.0,0.24,0.005,0.0,0.037,6.900000000000001e-05,0.0006,0
beans,"snap, green, cooked, boiled, drained, with salt",Vegetables,35.0,1.89,0.28,7.88,1.55,3.2,0.056,9.7,0.45,0.614,0.097,0.074,44.0,0.65,18.0,0.285,29.0,0.25,0.035,0.0,0.033,5.7e-05,0.0002,0
beans,"snap, yellow, cooked, boiled, drained, without salt",Vegetables,35.0,1.89,0.28,7.88,1.55,3.3,0.056,9.7,0.45,0.614,0.097,0.074,46.0,1.28,25.0,0.294,39.0,0.36,0.004,0.0,0.033,0.000103,0.0004,0
beans,"snap, yellow, cooked, boiled, drained, with salt",Vegetables,35.0,1.89,0.28,7.88,1.55,3.3,0.056,9.7,0.45,0.614,0.097,0.074,46.0,1.28,25.0,0.294,39.0,0.36,0.004,0.0,0.033,0.000103,0.0004,0
beans,"snap, green, canned, no salt added, solids and liquids",Vegetables,15.0,0.8,0.1,3.5,0.0,1.5,0.03,3.4,0.14,0.2,0.051,0.025,24.0,0.9,13.0,0.335,19.0,0.2,0.016,0.0,0.018,7.000000000000001e-05,0.0002,0
beans,"snap, yellow, canned, regular pack, solids and liquids",Vegetables,15.0,0.8,0.1,3.5,0.0,1.5,0.03,3.4,0.0,0.2,0.051,0.025,24.0,0.9,13.0,0.335,19.0,0.2,0.0,0.0,0.018,7.000000000000001e-05,0.0002,0
beans,"snap, yellow, canned, no salt added, solids and liquids",Vegetables,15.0,0.8,0.1,3.5,0.0,1.5,0.03,4.0,0.0,0.2,0.051,0.025,24.0,0.9,13.0,0.335,19.0,0.2,0.003,0.0,0.018,7.000000000000001e-05,0.0002,0
beans,"snap, green, canned, no salt added, drained solids",Vegetables,22.0,1.12,0.46,4.32,0.78,1.9,0.03,2.8,0.03,0.206,0.046,0.016,38.0,1.06,13.0,0.163,20.0,0.2,0.018,0.0,0.028,3.4e-05,0.0004,0
beans,"snap, yellow, frozen, all styles, unprepared",Vegetables,33.0,1.8,0.21,7.58,0.0,2.8,0.042,12.9,0.0,0.499,0.092,0.099,42.0,0.86,22.0,0.385,32.0,0.26,0.006,0.0,0.015,4.9000000000000005e-05,0.0004,0
beans,"snap, green, frozen, cooked, boiled, drained, with salt",Vegetables,26.0,1.49,0.17,5.86,1.23,3.0,0.06,4.1,0.04,0.383,0.09,0.035,42.0,0.66,19.0,0.288,29.0,0.24,0.028,0.0,0.023,5.9e-05,0.0004,0
beans,"snap, yellow, frozen, cooked, boiled, drained, without salt",Vegetables,28.0,1.49,0.17,6.45,1.23,3.0,0.06,4.1,0.04,0.383,0.09,0.035,49.0,0.88,24.0,0.323,31.0,0.48,0.006,0.0,0.023,6.1e-05,0.0004,0
beans,"snap, yellow, frozen, cooked, boiled, drained, with salt",Vegetables,26.0,1.49,0.17,5.86,1.23,3.0,0.06,4.1,0.04,0.383,0.09,0.035,49.0,0.88,24.0,0.323,31.0,0.48,0.006,0.0,0.023,6.1e-05,0.0004,0
beets,"cooked, boiled. drained, with salt",Vegetables,44.0,1.68,0.18,9.96,7.96,2.0,0.067,3.6,0.04,0.331,0.04,0.027,16.0,0.79,23.0,0.326,38.0,0.35,0.002,0.0,0.08,7.4e-05,0.0007,0
beets,"canned, no salt added, solids and liquids",Vegetables,28.0,0.8,0.07,6.57,5.38,1.2,0.055,2.8,0.03,0.151,0.038,0.01,13.0,0.63,16.0,0.241,16.0,0.23,0.001,0.0,0.029,9.7e-05,0.0005,0
beet greens,"cooked, boiled, drained, with salt",Vegetables,27.0,2.57,0.2,5.46,0.6,2.9,0.132,24.9,1.81,0.499,0.289,0.117,114.0,1.9,68.0,0.514,41.0,0.5,0.383,0.0,0.014,0.000251,0.0009,0
borage,"cooked, boiled, drained, with salt",Vegetables,25.0,2.09,0.81,3.55,0.0,0.0,0.088,32.5,0.0,0.94,0.165,0.059,102.0,3.64,57.0,0.385,55.0,0.22,0.219,0.0,0.01,0.0001429999999999,0.0009,0
broadbeans,"immature seeds, cooked, boiled, drained, with salt",Vegetables,62.0,4.8,0.5,10.1,0.0,0.0,0.029,19.8,0.0,1.2,0.09,0.128,18.0,1.5,31.0,0.261,73.0,0.47,0.014,0.0,0.058,6e-05,0.001,0
broccoli,"leaves, raw",Vegetables,28.0,2.98,0.35,5.24,0.0,0.0,0.159,93.2,0.0,0.638,0.119,0.065,48.0,0.88,25.0,0.229,66.0,0.4,0.8,0.0,0.071,4.5e-05,0.003,0
broccoli,"flower clusters, raw",Vegetables,28.0,2.98,0.35,5.24,0.0,0.0,0.159,93.2,0.0,0.638,0.119,0.065,48.0,0.88,25.0,0.229,66.0,0.4,0.15,0.0,0.071,4.5e-05,0.003,0
broccoli,"stalks, raw",Vegetables,28.0,2.98,0.35,5.24,0.0,0.0,0.159,93.2,0.0,0.638,0.119,0.065,48.0,0.88,25.0,0.229,66.0,0.4,0.02,0.0,0.071,4.5e-05,0.003,0
broccoli,"cooked, boiled, drained, with salt",Vegetables,35.0,2.38,0.41,7.18,1.39,3.3,0.2,64.9,1.45,0.553,0.123,0.063,40.0,0.67,21.0,0.194,67.0,0.45,0.077,0.0,0.108,6.1e-05,0.0016,0
broccoli,"frozen, chopped, cooked, boiled, drained, with salt",Vegetables,28.0,3.1,0.12,5.35,1.47,3.0,0.13,40.1,1.32,0.458,0.081,0.055,33.0,0.61,13.0,0.223,49.0,0.28,0.051,0.0,0.056,3.4e-05,0.0007,0
broccoli,"frozen, spears, cooked, boiled, drained, with salt",Vegetables,28.0,3.1,0.11,5.35,1.44,3.0,0.13,40.1,1.32,0.458,0.081,0.055,51.0,0.61,20.0,0.325,55.0,0.3,0.056,0.0,0.03,4.3e-05,0.0019,0
brussels sprouts,"cooked, boiled, drained, with salt",Vegetables,36.0,2.55,0.5,7.1,1.74,2.6,0.178,62.0,0.43,0.607,0.08,0.107,36.0,1.2,20.0,0.227,56.0,0.33,0.039,0.0,0.06,8.3e-05,0.0015,0
brussels sprouts,"frozen, cooked, boiled, drained, with salt",Vegetables,42.0,3.64,0.39,8.32,2.08,4.1,0.289,45.7,0.51,0.537,0.113,0.103,26.0,0.48,18.0,0.206,56.0,0.24,0.046,0.0,0.101,3.4e-05,0.0006,0
burdock root,"cooked, boiled, drained, with salt",Vegetables,88.0,2.09,0.14,21.15,3.55,1.8,0.279,2.6,0.46,0.32,0.058,0.039,49.0,0.77,39.0,0.27,93.0,0.38,0.0,0.0,0.02,8.9e-05,0.0009,0
butterbur,"cooked, boiled, drained, with salt",Vegetables,8.0,0.23,0.02,2.16,0.0,0.0,0.052,18.9,0.0,0.1,0.01,0.01,59.0,0.1,8.0,0.156,7.0,0.09,0.001,0.0,0.004,5.9e-05,0.0009,0
cabbage,"common (danish, domestic, and pointed types), freshly harvest, raw",Vegetables,24.0,1.21,0.18,5.37,0.0,2.3,0.095,51.0,0.0,0.3,0.03,0.05,47.0,0.56,15.0,0.159,23.0,0.18,0.006,0.0,0.057,2.3e-05,0.0009,0
cabbage,"common (danish, domestic, and pointed types), stored, raw",Vegetables,24.0,1.21,0.18,5.37,0.0,2.3,0.095,42.0,0.0,0.3,0.03,0.05,47.0,0.56,15.0,0.159,23.0,0.18,0.006,0.0,0.057,2.3e-05,0.0009,0
cabbage,"common, cooked, boiled, drained, with salt",Vegetables,23.0,1.27,0.06,5.51,2.79,1.9,0.112,37.5,0.14,0.248,0.038,0.061,48.0,0.17,15.0,0.205,33.0,0.2,0.004,0.0,0.03,1.7e-05,0.0006,0
cabbage,"red, cooked, boiled, drained, with salt",Vegetables,29.0,1.51,0.09,6.94,3.32,2.6,0.225,10.8,0.12,0.382,0.06,0.071,42.0,0.66,17.0,0.223,33.0,0.25,0.002,0.0,0.024,5.4e-05,0.0023,0
cabbage,"savoy, cooked, boiled, drained, with salt",Vegetables,24.0,1.8,0.09,5.41,0.0,2.8,0.152,17.0,0.0,0.024,0.02,0.051,30.0,0.38,24.0,0.152,33.0,0.23,0.044,0.0,0.046,5.2e-05,0.0007,0
cabbage,"chinese (pak-choi), cooked, boiled, drained, with salt",Vegetables,12.0,1.56,0.16,1.78,0.83,1.0,0.166,26.0,0.09,0.428,0.063,0.032,93.0,1.04,11.0,0.144,29.0,0.17,0.212,0.0,0.041,1.9e-05,0.0004,0
cabbage,"chinese (pe-tsai), cooked, boiled, drained, with salt",Vegetables,14.0,1.5,0.17,2.41,0.0,1.7,0.177,15.8,0.0,0.5,0.044,0.044,32.0,0.3,10.0,0.153,39.0,0.18,0.048,0.0,0.053,2.9e-05,0.0004,0
cardoon,"cooked, boiled, drained, with salt",Vegetables,20.0,0.76,0.11,4.74,0.0,1.7,0.042,1.7,0.0,0.294,0.031,0.018,72.0,0.73,43.0,0.133,23.0,0.18,0.0,0.0,0.022,2.9e-05,0.001,0
carrots,"cooked, boiled, drained, with salt",Vegetables,35.0,0.76,0.18,8.22,3.45,3.0,0.153,3.6,1.03,0.645,0.044,0.066,30.0,0.34,10.0,0.155,30.0,0.2,0.852,0.0,0.002,1.7e-05,0.0007,0
carrots,"canned, no salt added, solids and liquids",Vegetables,23.0,0.59,0.14,5.36,2.46,1.8,0.112,2.0,0.73,0.421,0.027,0.019,31.0,0.52,9.0,0.45,20.0,0.29,0.558,0.0,0.008,0.000103,0.0004,0
carrots,"canned, no salt added, drained solids",Vegetables,25.0,0.64,0.19,5.54,2.48,1.5,0.112,2.7,0.74,0.552,0.03,0.018,25.0,0.64,8.0,0.45,24.0,0.26,0.558,0.0,0.009,0.000104,0.0004,0
carrots,"frozen, cooked, boiled, drained, with salt",Vegetables,37.0,0.58,0.68,7.73,4.08,3.3,0.084,2.3,1.01,0.416,0.037,0.03,35.0,0.53,11.0,0.167,31.0,0.35,0.846,0.0,0.011,8.2e-05,0.0006,0
cauliflower,"cooked, boiled, drained, with salt",Vegetables,23.0,1.84,0.45,4.11,1.86,2.3,0.173,44.3,0.07,0.41,0.052,0.042,16.0,0.32,9.0,0.132,32.0,0.17,0.001,0.0,0.044,1.7999999999999997e-05,0.0006,0
cauliflower,"frozen, cooked, boiled, drained, with salt",Vegetables,17.0,1.61,0.22,3.16,0.46,2.7,0.088,31.3,0.06,0.31,0.053,0.037,17.0,0.41,9.0,0.15,24.0,0.13,0.0,0.0,0.041,2.4e-05,0.0006,0
celeriac,"cooked, boiled, drained, with salt",Vegetables,27.0,0.96,0.19,5.9,0.0,0.0,0.101,3.6,0.0,0.427,0.037,0.027,26.0,0.43,12.0,0.096,66.0,0.2,0.0,0.0,0.003,4.3e-05,0.0004,0
celery,"cooked, boiled, drained, with salt",Vegetables,18.0,0.83,0.16,4.0,2.37,1.6,0.086,6.1,0.35,0.319,0.047,0.043,42.0,0.42,12.0,0.106,25.0,0.14,0.026,0.0,0.022,3.5999999999999994e-05,0.001,0
chard,"swiss, cooked, boiled, drained, with salt",Vegetables,20.0,1.88,0.08,4.13,1.1,2.1,0.085,18.0,1.89,0.36,0.086,0.034,58.0,2.26,86.0,0.334,33.0,0.33,0.306,0.0,0.009,0.000163,0.0009,0
chayote,"fruit, cooked, boiled, drained, with salt",Vegetables,22.0,0.62,0.48,4.5,0.0,2.8,0.118,8.0,0.0,0.42,0.04,0.026,13.0,0.22,12.0,0.169,29.0,0.31,0.002,0.0,0.018,0.00011,0.0003,0
chrysanthemum,"garland, cooked, boiled, drained, with salt",Vegetables,20.0,1.64,0.09,4.31,2.01,2.3,0.118,23.9,2.5,0.72,0.16,0.021,69.0,3.74,18.0,0.355,43.0,0.2,0.129,0.0,0.05,0.000133,0.0003,0
collards,"cooked, boiled, drained, with salt",Vegetables,33.0,2.71,0.72,5.65,0.0,4.0,0.128,18.2,0.88,0.575,0.106,0.04,141.0,1.13,21.0,0.51,32.0,0.23,0.38,0.0,0.016,5.1e-05,0.0005,0
collards,"frozen, chopped, cooked, boiled, drained, with salt",Vegetables,36.0,2.97,0.41,7.1,0.57,2.8,0.114,26.4,1.25,0.635,0.115,0.047,210.0,1.12,30.0,0.663,27.0,0.27,0.575,0.0,0.076,5.5e-05,0.0015,0
corn,"sweet, yellow, cooked, boiled, drained, with salt",Vegetables,96.0,3.41,1.5,20.98,4.54,2.4,0.139,5.5,0.09,1.683,0.057,0.093,3.0,0.45,26.0,0.167,77.0,0.62,0.013,0.0,0.023,4.9000000000000005e-05,0.0002,0
corn,"sweet, yellow, canned, no salt added, solids and liquids",Vegetables,61.0,1.95,0.77,13.86,3.18,1.7,0.037,2.6,0.03,0.884,0.015,0.015,4.0,0.36,15.0,0.082,46.0,0.39,0.002,0.0,0.038,2.8e-05,0.0005,0
corn,"sweet, yellow, canned, cream style, no salt added",Vegetables,72.0,1.74,0.42,18.13,3.23,1.2,0.063,4.6,0.07,0.96,0.053,0.025,3.0,0.38,17.0,0.039,51.0,0.53,0.004,0.0,0.045,5.2e-05,0.0004,0
corn,"sweet, yellow, canned, vacuum pack, no salt added",Vegetables,79.0,2.41,0.5,19.44,3.56,2.0,0.055,8.1,0.04,1.167,0.073,0.041,5.0,0.42,23.0,0.067,64.0,0.46,0.004,0.0,0.049,4.8e-05,0.0007,0
corn,"sweet, yellow, frozen, kernels, cut off cob, boiled, drained, with salt",Vegetables,79.0,2.55,0.67,18.71,3.07,2.4,0.099,3.5,0.07,1.311,0.062,0.03,3.0,0.47,28.0,0.155,79.0,0.63,0.01,0.0,0.035,4.8e-05,0.0007,0
corn,"sweet, yellow, frozen, kernels on cob, cooked, boiled, drained, with salt",Vegetables,94.0,3.11,0.74,22.33,3.59,2.8,0.224,4.8,0.08,1.517,0.069,0.174,3.0,0.61,29.0,0.142,75.0,0.63,0.012,0.0,0.031,4.6e-05,0.0007,0
cowpeas (blackeyes),"immature seeds, cooked, boiled, drained, with salt",Vegetables,94.0,3.17,0.38,19.73,3.23,5.0,0.065,2.2,0.22,1.403,0.148,0.101,128.0,1.12,52.0,0.572,51.0,1.03,0.04,0.0,0.127,0.000133,0.0025,0
cowpeas (blackeyes),"immature seeds, frozen, cooked, boiled, drained, with salt",Vegetables,131.0,8.49,0.66,23.5,4.46,6.4,0.095,2.6,0.3,0.728,0.064,0.26,23.0,2.12,50.0,0.791,122.0,1.42,0.004,0.0,0.141,0.000184,0.0034,0
cowpeas,"young pods with seeds, cooked, boiled, drained, with salt",Vegetables,34.0,2.6,0.3,7.0,0.0,0.0,0.123,17.0,0.0,0.8,0.09,0.09,55.0,0.7,41.0,0.219,49.0,0.24,0.07,0.0,0.026,7.099999999999999e-05,0.0007,0
cowpeas,"leafy tips, cooked, boiled, drained, with salt",Vegetables,22.0,4.67,0.1,2.8,0.0,0.0,0.135,18.4,0.0,1.008,0.142,0.256,69.0,1.09,62.0,0.412,42.0,0.24,0.029,0.0,0.06,0.000154,0.0009,0
cress,"garden, cooked, boiled, drained, with salt",Vegetables,23.0,1.9,0.6,3.8,3.11,0.7,0.157,23.0,0.5,0.8,0.16,0.06,61.0,0.8,26.0,0.372,48.0,0.15,0.232,0.0,0.037,0.000114,0.0009,0
dandelion greens,"cooked, boiled, drained, with salt",Vegetables,33.0,2.0,0.6,6.4,1.62,2.9,0.16,18.0,0.6,0.514,0.175,0.13,140.0,1.8,24.0,0.23,42.0,0.28,0.727,0.0,0.013,0.000115,0.0003,0
eggplant,"cooked, boiled, drained, with salt",Vegetables,33.0,0.83,0.23,8.14,3.2,2.5,0.086,1.3,0.41,0.6,0.02,0.076,6.0,0.25,11.0,0.113,15.0,0.12,0.002,0.0,0.014,5.9e-05,0.0001,0
gourd,"white-flowered (calabash), cooked, boiled, drained, with salt",Vegetables,13.0,0.6,0.02,3.1,0.0,1.2,0.038,8.5,0.0,0.39,0.022,0.029,24.0,0.25,11.0,0.066,13.0,0.7,0.0,0.0,0.004,2.6e-05,0.0002,0
gourd,"dishcloth (towelgourd), cooked, boiled, drained, with salt",Vegetables,54.0,0.66,0.34,13.75,5.17,2.9,0.099,5.7,0.24,0.26,0.042,0.046,9.0,0.36,20.0,0.223,31.0,0.17,0.0,0.0,0.012,8.5e-05,0.0002,0
drumstick leaves,"cooked, boiled, drained, with salt",Vegetables,60.0,5.27,0.93,11.15,1.0,2.0,0.929,31.0,0.1,1.995,0.509,0.222,151.0,2.32,151.0,0.868,67.0,0.49,0.351,0.0,0.023,8.599999999999999e-05,0.0009,0
drumstick pods,"cooked, boiled, drained, with salt",Vegetables,36.0,2.09,0.19,8.18,0.0,4.2,0.112,97.0,0.0,0.59,0.068,0.046,20.0,0.45,42.0,0.241,49.0,0.42,0.004,0.0,0.03,7.8e-05,0.0007,0
hyacinth-beans,"immature seeds, cooked, boiled, drained, with salt",Vegetables,50.0,2.95,0.27,9.2,0.0,0.0,0.023,5.1,0.0,0.48,0.088,0.056,41.0,0.76,42.0,0.21,49.0,0.38,0.007,0.0,0.047,4.8e-05,0.0016,0
jute,"potherb, cooked, boiled, drained, with salt",Vegetables,37.0,3.68,0.2,7.29,1.0,2.0,0.57,33.0,0.07,0.89,0.192,0.091,211.0,3.14,62.0,0.123,72.0,0.79,0.259,0.0,0.104,0.000255,0.0009,0
kale,"cooked, boiled, drained, with salt",Vegetables,28.0,1.9,0.4,5.63,1.25,2.0,0.138,41.0,0.85,0.5,0.07,0.053,72.0,0.9,18.0,0.416,28.0,0.24,0.681,0.0,0.013,0.000156,0.0009,0
kale,"frozen, cooked, boiled, drained, with salt",Vegetables,30.0,2.84,0.49,5.23,1.34,2.0,0.086,25.2,0.92,0.672,0.114,0.043,138.0,0.94,18.0,0.45,28.0,0.18,0.735,0.0,0.014,4.7e-05,0.0009,0
kale,"scotch, cooked, boiled, drained, with salt",Vegetables,28.0,1.9,0.41,5.62,0.0,0.0,0.139,52.8,0.0,0.792,0.039,0.04,132.0,1.93,57.0,0.417,38.0,0.24,0.1,0.0,0.013,0.000156,0.0009,0
kohlrabi,"cooked, boiled, drained, with salt",Vegetables,29.0,1.8,0.11,6.69,2.8,1.1,0.154,54.0,0.52,0.39,0.02,0.04,25.0,0.4,19.0,0.142,45.0,0.31,0.002,0.0,0.012,0.000132,0.0008,0
lambs quarters,"cooked, boiled, drained, with salt",Vegetables,32.0,3.2,0.7,5.0,0.62,2.1,0.174,37.0,0.0,0.9,0.26,0.1,258.0,0.7,23.0,0.525,45.0,0.3,0.391,0.0,0.014,0.000197,0.0009,0
leeks,"(bulb and lower leaf-portion), cooked, boiled, drained, with salt",Vegetables,31.0,0.81,0.2,7.62,2.11,1.0,0.113,4.2,0.5,0.2,0.02,0.026,30.0,1.1,14.0,0.247,17.0,0.06,0.041,0.0,0.024,6.2e-05,0.0005,0
lotus root,"cooked, boiled, drained, with salt",Vegetables,66.0,1.58,0.07,16.02,0.0,3.1,0.218,27.4,0.0,0.3,0.01,0.127,26.0,0.9,22.0,0.22,78.0,0.33,0.0,0.0,0.008,0.000217,0.0006,0
mushrooms,"white, cooked, boiled, drained, with salt",Vegetables,28.0,2.17,0.47,5.29,2.34,2.2,0.095,4.0,0.01,4.46,0.3,0.073,6.0,1.74,12.0,0.115,87.0,0.87,0.0,0.0,0.018,0.000504,0.0134,0
mushrooms,"shiitake, cooked, with salt",Vegetables,56.0,1.56,0.22,14.39,3.84,2.1,0.159,0.3,0.0,1.5,0.17,0.037,3.0,0.44,14.0,0.204,29.0,1.33,0.0,0.0,0.021,0.000896,0.0248,0
mustard greens,"cooked, boiled, drained, with salt",Vegetables,26.0,2.56,0.47,4.51,1.41,2.0,0.098,25.3,1.78,0.433,0.063,0.041,118.0,0.87,13.0,0.0,42.0,0.15,0.527,0.0,0.009,9.8e-05,0.0006,0
mustard greens,"frozen, cooked, boiled, drained, with salt",Vegetables,19.0,2.27,0.25,3.11,0.32,2.8,0.108,13.8,1.35,0.258,0.053,0.04,101.0,1.12,13.0,0.294,24.0,0.2,0.354,0.0,0.07,5.8e-05,0.0006,0
mustard spinach,"(tendergreen), cooked, boiled, drained, with salt",Vegetables,16.0,1.7,0.2,2.8,0.0,2.0,0.097,65.0,0.0,0.43,0.062,0.041,158.0,0.8,7.0,0.27,18.0,0.11,0.41,0.0,0.073,5e-05,0.0006,0
new zealand spinach,"cooked, boiled, drained, with salt",Vegetables,12.0,1.3,0.17,2.13,0.25,1.4,0.237,16.0,1.23,0.39,0.107,0.03,48.0,0.66,32.0,0.526,22.0,0.31,0.0,0.0,0.008,7.7e-05,0.0009,0
okra,"cooked, boiled, drained, with salt",Vegetables,22.0,1.87,0.21,4.51,2.4,2.5,0.187,16.3,0.27,0.871,0.055,0.132,77.0,0.28,36.0,0.294,32.0,0.43,0.014,0.0,0.046,8.5e-05,0.0004,0
okra,"frozen, cooked, boiled, drained, with salt",Vegetables,34.0,1.63,0.24,6.41,2.87,2.1,0.037,9.6,0.32,0.616,0.096,0.073,74.0,0.52,40.0,0.844,37.0,0.49,0.015,0.0,0.1,7.6e-05,0.0006,0
onions,"cooked, boiled, drained, with salt",Vegetables,42.0,1.36,0.19,9.56,4.73,1.4,0.129,5.2,0.02,0.165,0.023,0.042,22.0,0.24,11.0,0.153,35.0,0.21,0.0,0.0,0.015,6.7e-05,0.0006,0
onions,"frozen, chopped, cooked, boiled, drained, with salt",Vegetables,26.0,0.77,0.1,6.0,2.9,1.7,0.069,2.6,0.01,0.139,0.025,0.023,16.0,0.3,6.0,0.071,19.0,0.07,0.0,0.0,0.013,1.9e-05,0.0004,0
onions,"frozen, whole, cooked, boiled, drained, with salt",Vegetables,26.0,0.71,0.05,6.11,2.9,1.4,0.07,5.1,0.01,0.132,0.018,0.016,27.0,0.34,8.0,0.04,2.0,0.09,0.0,0.0,0.013,2.4e-05,0.0004,0
parsnips,"cooked, boiled, drained, with salt",Vegetables,71.0,1.32,0.3,17.01,4.8,4.0,0.093,13.0,1.0,0.724,0.051,0.083,37.0,0.58,29.0,0.294,69.0,0.26,0.0,0.0,0.058,0.000138,0.0017,0
peas,"edible-podded, cooked, boiled, drained, with salt",Vegetables,40.0,3.27,0.23,6.46,3.99,2.8,0.144,47.9,0.39,0.539,0.076,0.128,42.0,1.97,26.0,0.168,55.0,0.37,0.052,0.0,0.029,7.7e-05,0.0007,0
peas,"edible-podded, frozen, cooked, boiled, drained, with salt",Vegetables,50.0,3.5,0.38,8.43,4.82,3.1,0.174,22.0,0.47,0.563,0.119,0.064,59.0,2.4,28.0,0.28,58.0,0.49,0.066,0.0,0.035,8.999999999999999e-05,0.0008,0
peas,"green, cooked, boiled, drained, with salt",Vegetables,84.0,5.36,0.22,15.63,5.93,5.5,0.216,14.2,0.14,2.021,0.149,0.259,27.0,1.54,39.0,0.525,117.0,1.19,0.04,0.0,0.063,0.0001729999999999,0.0019,0
peas,"green, canned, no salt added, solids and liquids",Vegetables,53.0,3.19,0.3,9.75,3.2,3.3,0.065,9.8,0.02,0.842,0.073,0.111,18.0,1.02,17.0,0.264,53.0,0.7,0.072,0.0,0.029,0.000108,0.0013,0
peas,"green, canned, no salt added, drained solids",Vegetables,69.0,4.42,0.35,12.58,4.16,4.1,0.064,9.6,0.03,0.732,0.078,0.121,20.0,0.95,17.0,0.303,67.0,0.71,0.027,0.0,0.044,8.2e-05,0.0017,0
peas,"green, frozen, cooked, boiled, drained, with salt",Vegetables,78.0,5.15,0.27,14.26,4.65,5.5,0.113,9.9,0.03,1.48,0.1,0.283,24.0,1.52,22.0,0.279,77.0,0.67,0.105,0.0,0.059,0.0001049999999999,0.001,0
peas,"mature seeds, sprouted, cooked, boiled, drained, with salt",Vegetables,98.0,7.05,0.51,17.08,0.0,0.0,0.128,6.6,0.0,1.072,0.285,0.216,26.0,1.67,41.0,0.325,24.0,0.78,0.005,0.0,0.036,2e-05,0.0006,0
peas and carrots,"canned, no salt added, solids and liquids",Vegetables,38.0,2.17,0.27,8.48,2.83,3.3,0.088,6.6,0.38,0.581,0.053,0.074,23.0,0.75,14.0,0.357,46.0,0.58,0.343,0.0,0.018,0.000103,0.0009,0
peas and carrots,"frozen, cooked, boiled, drained, with salt",Vegetables,48.0,3.09,0.42,10.12,4.36,3.1,0.087,8.1,0.52,1.154,0.064,0.225,23.0,0.94,16.0,0.202,49.0,0.45,0.476,0.0,0.026,7.6e-05,0.0011,0
peas and onions,"frozen, cooked, boiled, drained, with salt",Vegetables,45.0,2.54,0.2,8.63,3.77,2.2,0.087,6.9,0.02,1.044,0.069,0.15,14.0,0.94,13.0,0.166,34.0,0.29,0.053,0.0,0.02,6.3e-05,0.0004,0
peppers,"hot chili, red, raw",Vegetables,40.0,1.87,0.44,8.81,5.3,1.5,0.506,143.7,0.69,1.244,0.086,0.072,14.0,1.03,23.0,0.187,43.0,0.26,0.048,0.0,0.023,0.000129,0.0005,0
peppers,"hot chili, red, canned, excluding seeds, solids and liquids",Vegetables,21.0,0.9,0.1,5.1,3.32,1.3,0.153,68.0,0.69,0.8,0.05,0.02,7.0,0.5,14.0,0.138,17.0,0.17,0.595,0.0,0.01,0.000101,0.0003,0
peppers,"sweet, red, raw",Vegetables,31.0,0.99,0.3,6.03,4.2,2.1,0.291,127.7,1.58,0.979,0.085,0.054,7.0,0.43,12.0,0.112,26.0,0.25,0.157,0.0,0.046,1.7e-05,0.0001,0
peppers,"sweet, green, cooked, boiled, drained, with salt",Vegetables,26.0,0.92,0.2,6.11,3.19,1.2,0.233,74.4,0.5,0.477,0.03,0.059,9.0,0.46,10.0,0.115,18.0,0.12,0.023,0.0,0.016,6.500000000000001e-05,0.0003,0
peppers,"sweet, red, cooked, boiled, drained, without salt",Vegetables,28.0,0.92,0.2,6.7,4.39,1.2,0.233,171.0,1.65,0.477,0.03,0.059,9.0,0.46,10.0,0.115,18.0,0.12,0.147,0.0,0.016,6.500000000000001e-05,0.0003,0
peppers,"sweet, red, cooked, boiled, drained, with salt",Vegetables,26.0,0.92,0.2,6.11,4.39,1.2,0.233,171.0,1.65,0.477,0.03,0.059,9.0,0.46,10.0,0.115,18.0,0.12,0.147,0.0,0.016,6.500000000000001e-05,0.0003,0
peppers,"sweet, green, frozen, chopped, cooked, boiled, drained, with salt",Vegetables,16.0,0.95,0.18,3.31,0.0,0.9,0.108,41.2,0.0,1.082,0.031,0.051,8.0,0.52,7.0,0.097,13.0,0.05,0.0,0.0,0.01,4.4e-05,0.0002,0
pigeonpeas,"immature seeds, cooked, boiled, drained, with salt",Vegetables,111.0,5.96,1.36,19.49,2.48,6.2,0.053,28.1,0.32,2.153,0.166,0.35,41.0,1.57,40.0,0.451,118.0,0.82,0.002,0.0,0.1,0.0001049999999999,0.0012,0
pokeberry shoots,"(poke), cooked, boiled, drained, with salt",Vegetables,20.0,2.3,0.4,3.1,1.6,1.5,0.111,82.0,0.85,1.1,0.25,0.07,53.0,1.2,14.0,0.336,33.0,0.19,0.435,0.0,0.009,0.000126,0.0009,0
potatoes,"baked, flesh and skin, with salt",Vegetables,93.0,2.5,0.13,21.15,1.18,2.2,0.311,9.6,0.04,1.41,0.048,0.064,15.0,1.08,28.0,0.219,70.0,0.36,0.001,0.0,0.028,0.000118,0.0004,0
potatoes,"baked, flesh, with salt",Vegetables,93.0,1.96,0.1,21.55,1.7,1.5,0.301,12.8,0.04,1.395,0.021,0.105,5.0,0.35,25.0,0.161,50.0,0.29,0.0,0.0,0.009,0.000215,0.0003,0
potatoes,"baked, skin, with salt",Vegetables,198.0,4.29,0.1,46.06,1.4,7.9,0.614,13.5,0.04,3.065,0.106,0.122,34.0,7.04,43.0,0.616,101.0,0.49,0.001,0.0,0.022,0.0008169999999999,0.0007,3
potatoes,"boiled, cooked in skin, flesh, with salt",Vegetables,87.0,1.87,0.1,20.13,0.87,2.0,0.299,13.0,0.05,1.439,0.02,0.106,5.0,0.31,22.0,0.138,44.0,0.3,0.0,0.0,0.01,0.000188,0.0003,0
potatoes,"boiled, cooked in skin, skin, with salt",Vegetables,78.0,2.86,0.1,17.2,0.0,3.3,0.239,5.2,0.0,1.222,0.036,0.032,45.0,6.07,30.0,1.338,54.0,0.44,0.0,0.0,0.01,0.000878,0.0003,0
potatoes,"boiled, cooked without skin, flesh, with salt",Vegetables,86.0,1.71,0.1,20.01,0.85,2.0,0.269,7.4,0.01,1.312,0.019,0.098,8.0,0.31,20.0,0.14,40.0,0.27,0.0,0.0,0.009,0.000167,0.0003,0
potatoes,"microwaved, cooked, in skin, flesh and skin, with salt",Vegetables,105.0,2.44,0.1,24.24,0.0,2.3,0.344,15.1,0.0,1.714,0.032,0.12,11.0,1.24,27.0,0.292,105.0,0.36,0.0,0.0,0.012,0.000334,0.0004,0
potatoes,"microwaved, cooked in skin, flesh, with salt",Vegetables,100.0,2.1,0.1,23.28,0.0,1.6,0.319,15.1,0.0,1.625,0.025,0.129,5.0,0.41,25.0,0.17,109.0,0.33,0.0,0.0,0.012,0.000237,0.0004,0
potatoes,"microwaved, cooked, in skin, skin with salt",Vegetables,132.0,4.39,0.1,29.63,0.0,5.5,0.492,15.3,0.0,2.22,0.075,0.071,46.0,5.94,37.0,0.98,82.0,0.51,0.0,0.0,0.017,0.000882,0.0005,0
potatoes,"frozen, whole, cooked, boiled, drained, with salt",Vegetables,63.0,1.98,0.13,13.93,0.0,1.4,0.202,9.4,0.0,1.326,0.025,0.102,7.0,0.84,11.0,0.185,26.0,0.25,0.0,0.0,0.008,7.8e-05,0.0002,0
potatoes,"frozen, french fried, par fried, cottage-cut, prepared, heated in oven, with salt",Vegetables,218.0,3.44,8.2,34.03,0.0,3.2,0.243,9.5,0.0,2.413,0.031,0.119,10.0,1.49,22.0,0.304,65.0,0.41,0.0,0.0,0.017,0.0002,0.0004,0
potatoes,"french fried, all types, salt not added in processing, frozen, oven-heated",Vegetables,172.0,2.66,5.22,28.71,0.28,2.6,0.184,13.3,0.11,2.218,0.031,0.128,12.0,0.74,26.0,0.21,97.0,0.38,0.0,0.0,0.0,0.000135,0.0002,0
potatoes,"french fried, all types, salt not added in processing, frozen, as purchased",Vegetables,150.0,2.24,4.66,24.81,0.2,1.9,0.178,17.3,0.1,2.038,0.048,0.098,9.0,0.62,21.0,0.158,83.0,0.35,0.0,0.0,0.0,9.3e-05,0.0,0
potatoes,"au gratin, home-prepared from recipe using margarine",Vegetables,132.0,5.06,7.59,11.27,0.0,1.8,0.174,9.9,0.0,0.993,0.116,0.064,119.0,0.64,20.0,0.161,113.0,0.69,0.064,0.0,0.013,0.00016,0.0027,0
potatoes,"scalloped, home-prepared with margarine",Vegetables,88.0,2.87,3.68,10.78,0.0,1.9,0.178,10.6,0.0,1.053,0.092,0.069,57.0,0.57,19.0,0.166,63.0,0.4,0.033,0.0,0.013,0.000163,0.0016,0
pumpkin,"cooked, boiled, drained, with salt",Vegetables,18.0,0.72,0.07,4.31,2.08,1.1,0.044,4.7,0.8,0.413,0.078,0.031,15.0,0.57,9.0,0.089,30.0,0.23,0.288,0.0,0.009,9.1e-05,0.0002,0
pumpkin,"canned, with salt",Vegetables,34.0,1.1,0.28,8.09,3.3,2.9,0.056,4.2,1.06,0.367,0.054,0.024,26.0,1.39,23.0,0.149,35.0,0.17,0.778,0.0,0.012,0.000107,0.0004,0
pumpkin,"flowers, cooked, boiled, drained, with salt",Vegetables,15.0,1.09,0.08,3.18,2.4,0.9,0.05,5.0,0.04,0.31,0.032,0.018,37.0,0.88,25.0,0.0,34.0,0.1,0.087,0.0,0.041,0.0001,0.0009,0
pumpkin leaves,"cooked, boiled, drained, with salt",Vegetables,21.0,2.72,0.22,3.39,0.69,2.7,0.196,1.0,0.96,0.85,0.136,0.068,43.0,3.2,38.0,0.355,79.0,0.2,0.08,0.0,0.025,0.000133,0.0009,0
purslane,"cooked, boiled, drained, with salt",Vegetables,18.0,1.49,0.19,3.55,0.0,0.0,0.07,10.5,0.0,0.46,0.09,0.031,78.0,0.77,67.0,0.307,37.0,0.17,0.093,0.0,0.009,0.000114,0.0009,0
radishes,"oriental, cooked, boiled, drained, with salt",Vegetables,17.0,0.67,0.24,3.43,1.83,1.6,0.038,15.1,0.0,0.15,0.023,0.0,17.0,0.15,9.0,0.033,24.0,0.13,0.0,0.0,0.017,0.000101,0.0007,0
rutabagas,"cooked, boiled, drained, with salt",Vegetables,30.0,0.93,0.18,6.84,3.95,1.8,0.102,18.8,0.24,0.715,0.041,0.082,18.0,0.18,10.0,0.097,41.0,0.12,0.0,0.0,0.015,2.9e-05,0.0007,0
salsify,"cooked, boiled, drained, with salt",Vegetables,68.0,2.73,0.17,15.36,2.9,3.1,0.218,4.6,0.19,0.392,0.173,0.056,47.0,0.55,18.0,0.21,56.0,0.3,0.0,0.0,0.015,7.000000000000001e-05,0.0006,0
soybeans,"green, cooked, boiled, drained, with salt",Vegetables,141.0,12.35,6.4,11.05,0.0,4.2,0.06,17.0,0.0,1.25,0.155,0.26,145.0,2.5,60.0,0.502,158.0,0.91,0.008,0.0,0.111,0.000117,0.0014,0
spinach,"cooked, boiled, drained, with salt",Vegetables,23.0,2.97,0.26,3.75,0.43,2.4,0.242,9.8,2.08,0.49,0.236,0.095,136.0,3.57,87.0,0.935,56.0,0.76,0.524,0.0,0.146,0.000174,0.0015,0
spinach,"canned, no salt added, solids and liquids",Vegetables,19.0,2.11,0.37,2.92,0.0,2.2,0.08,13.5,0.0,0.271,0.106,0.018,83.0,1.58,56.0,0.493,32.0,0.42,0.322,0.0,0.058,0.000116,0.0012,0
spinach,"frozen, chopped or leaf, cooked, boiled, drained, with salt",Vegetables,34.0,4.01,0.87,4.8,0.51,3.7,0.136,2.2,3.54,0.439,0.176,0.078,153.0,1.96,82.0,0.717,50.0,0.49,0.603,0.0,0.121,0.000161,0.0055,0
squash,"summer, all varieties, cooked, boiled, drained, with salt",Vegetables,20.0,0.91,0.31,4.31,2.59,1.4,0.065,5.5,0.14,0.513,0.041,0.044,27.0,0.36,24.0,0.213,39.0,0.39,0.011,0.0,0.02,0.000103,0.0002,0
squash,"summer, crookneck and straightneck, cooked, boiled, drained, with salt",Vegetables,19.0,1.04,0.39,3.79,2.48,1.1,0.078,11.6,0.12,0.507,0.025,0.043,22.0,0.37,16.0,0.157,29.0,0.22,0.056,0.0,0.023,6.500000000000001e-05,0.0002,0
squash,"summer, crookneck and straightneck, frozen, cooked, boiled, drained, with salt",Vegetables,25.0,1.28,0.2,5.54,2.33,1.4,0.099,6.8,0.15,0.44,0.047,0.036,20.0,0.52,27.0,0.263,41.0,0.34,0.01,0.0,0.013,7.3e-05,0.0003,0
squash,"summer, scallop, cooked, boiled, drained, with salt",Vegetables,16.0,1.03,0.17,3.3,1.5,1.9,0.085,10.8,0.12,0.464,0.025,0.051,15.0,0.33,19.0,0.128,28.0,0.24,0.004,0.0,0.021,8.3e-05,0.0002,0
squash,"summer, zucchini, includes skin, cooked, boiled, drained, with salt",Vegetables,15.0,1.14,0.36,2.69,1.71,1.0,0.08,12.9,0.12,0.51,0.024,0.035,18.0,0.37,19.0,0.173,37.0,0.33,0.056,0.0,0.028,5.2e-05,0.0002,0
squash,"summer, zucchini, includes skin, frozen, cooked, boiled, drained, with salt",Vegetables,14.0,1.15,0.13,2.97,1.69,1.3,0.045,3.7,0.12,0.386,0.04,0.041,17.0,0.48,13.0,0.23,25.0,0.2,0.009,0.0,0.008,4.7e-05,0.0002,0
squash,"winter, all varieties, cooked, baked, with salt",Vegetables,37.0,0.89,0.35,8.85,3.3,2.8,0.161,1.8,0.12,0.495,0.067,0.016,22.0,0.44,13.0,0.187,19.0,0.22,0.261,0.0,0.02,8.2e-05,0.0004,0
squash,"winter, acorn, cooked, baked, with salt",Vegetables,56.0,1.12,0.14,14.58,0.0,4.4,0.194,10.8,0.0,0.881,0.013,0.167,44.0,0.93,43.0,0.242,45.0,0.17,0.021,0.0,0.019,8.599999999999999e-05,0.0007,0
squash,"winter, acorn, cooked, boiled, mashed, with salt",Vegetables,34.0,0.67,0.08,8.79,0.0,2.6,0.117,6.5,0.0,0.531,0.008,0.1,26.0,0.56,26.0,0.146,27.0,0.11,0.013,0.0,0.011,5.2e-05,0.0004,0
squash,"winter, butternut, cooked, baked, with salt",Vegetables,40.0,0.9,0.09,10.49,1.97,3.2,0.124,15.1,1.29,0.969,0.017,0.072,41.0,0.6,29.0,0.172,27.0,0.13,0.558,0.0,0.019,6.500000000000001e-05,0.0005,0
squash,"winter, butternut, frozen, cooked, boiled, with salt",Vegetables,39.0,1.23,0.07,10.04,0.0,0.0,0.069,3.5,0.0,0.464,0.039,0.05,19.0,0.58,9.0,0.173,14.0,0.12,0.167,0.0,0.016,3.5999999999999994e-05,0.0005,0
squash,"winter, hubbard, baked, with salt",Vegetables,50.0,2.48,0.62,10.81,4.9,4.9,0.172,9.5,0.2,0.558,0.047,0.074,17.0,0.47,22.0,0.17,23.0,0.15,0.335,0.0,0.016,4.5e-05,0.0006,0
squash,"winter, hubbard, cooked, boiled, mashed, with salt",Vegetables,30.0,1.48,0.37,6.46,2.93,2.9,0.103,6.5,0.12,0.334,0.028,0.042,10.0,0.28,13.0,0.126,14.0,0.1,0.2,0.0,0.01,4.7e-05,0.0003,0
squash,"winter, spaghetti, cooked, boiled, drained, or baked, with salt",Vegetables,27.0,0.66,0.26,6.46,2.53,1.4,0.099,3.5,0.12,0.81,0.022,0.038,21.0,0.34,11.0,0.109,0.0,0.2,0.006,0.0,0.008,3.5000000000000004e-05,0.0003,0
succotash,"(corn and limas), cooked, boiled, drained, with salt",Vegetables,111.0,5.07,0.8,24.37,0.0,0.0,0.116,8.2,0.0,1.327,0.096,0.168,17.0,1.52,53.0,0.769,117.0,0.63,0.015,0.0,0.033,0.000179,0.0006,0
succotash,"(corn and limas), frozen, cooked, boiled, drained, with salt",Vegetables,93.0,4.31,0.89,19.95,2.21,4.1,0.095,5.9,0.18,1.306,0.068,0.074,15.0,0.89,23.0,0.28,70.0,0.45,0.01,0.0,0.033,6e-05,0.0006,0
swamp cabbage,"cooked, boiled, drained, with salt",Vegetables,20.0,2.08,0.24,3.71,0.0,1.9,0.081,16.0,0.0,0.5,0.08,0.05,54.0,1.32,30.0,0.143,42.0,0.16,0.26,0.0,0.035,2.1e-05,0.0009,0
sweet potato leaves,"cooked, steamed, with salt",Vegetables,35.0,2.18,0.34,7.38,5.48,1.9,0.16,1.5,0.96,1.003,0.267,0.112,33.0,0.63,48.0,0.229,40.0,0.26,0.147,0.0,0.049,3.3e-05,0.0009,0
sweet potato,"cooked, baked in skin, flesh, with salt",Vegetables,92.0,2.01,0.15,20.71,6.48,3.3,0.286,19.6,0.71,1.487,0.106,0.107,38.0,0.69,27.0,0.497,54.0,0.32,0.0,0.0,0.006,0.000161,0.0002,0
sweet potato,"cooked, boiled, without skin, with salt",Vegetables,76.0,1.37,0.14,17.72,5.74,2.5,0.165,12.8,0.94,0.538,0.047,0.056,27.0,0.72,18.0,0.266,32.0,0.2,0.787,0.0,0.006,9.4e-05,0.0002,0
sweet potato,"frozen, cooked, baked, with salt",Vegetables,100.0,1.71,0.12,23.4,0.0,1.8,0.186,9.1,0.0,0.555,0.056,0.066,35.0,0.54,21.0,0.665,44.0,0.3,0.821,0.0,0.022,0.000183,0.0006,0
taro,"cooked, with salt",Vegetables,142.0,0.52,0.11,34.6,0.49,5.1,0.331,5.0,2.93,0.51,0.028,0.107,18.0,0.72,30.0,0.449,76.0,0.27,0.004,0.0,0.019,0.000201,0.0009,0
taro,"leaves, cooked, steamed, with salt",Vegetables,24.0,2.72,0.41,3.89,0.0,2.0,0.072,35.5,0.0,1.267,0.38,0.139,86.0,1.18,20.0,0.371,27.0,0.21,0.212,0.0,0.048,0.00014,0.0009,0
taro,"shoots, cooked, with salt",Vegetables,14.0,0.73,0.08,3.19,0.0,0.0,0.112,18.9,0.0,0.81,0.053,0.038,14.0,0.41,8.0,0.13,26.0,0.54,0.003,0.0,0.003,9.4e-05,0.001,0
taro,"tahitian, cooked, with salt",Vegetables,44.0,4.16,0.68,6.85,0.0,0.0,0.117,38.0,0.0,0.48,0.198,0.044,149.0,1.56,51.0,0.168,67.0,0.1,0.088,0.0,0.007,7.6e-05,0.0008,0
tomatoes,"red, ripe, cooked, with salt",Vegetables,18.0,0.95,0.11,4.01,2.49,0.7,0.079,22.8,0.56,0.532,0.022,0.036,11.0,0.68,9.0,0.105,28.0,0.14,0.024,0.0,0.013,7.5e-05,0.0,0
tomatoes,"red, ripe, canned, packed in tomato juice, no salt added",Vegetables,16.0,0.79,0.25,3.47,2.55,1.9,0.111,12.6,0.59,0.712,0.055,0.575,33.0,0.57,10.0,0.068,17.0,0.12,0.022,0.0,0.008,5.2e-05,0.0007,0
tomato juice,"canned, without salt added",Vegetables,17.0,0.85,0.29,3.53,2.58,0.4,0.07,70.1,0.32,0.673,0.078,0.1,10.0,0.39,11.0,0.068,19.0,0.11,0.023,0.0,0.02,4.2e-05,0.0005,0
tomato products,"canned, paste, with salt added",Vegetables,82.0,4.32,0.47,18.91,12.18,4.1,0.216,21.9,4.3,3.076,0.153,0.06,36.0,2.98,42.0,0.302,83.0,0.63,0.076,0.0,0.012,0.000365,0.0053,0
tomato products,"canned, puree, with salt added",Vegetables,38.0,1.65,0.21,8.98,4.83,1.9,0.126,10.6,1.97,1.466,0.08,0.025,18.0,1.78,23.0,0.169,40.0,0.36,0.026,0.0,0.011,0.000287,0.0007,0
turnips,"cooked, boiled, drained, with salt",Vegetables,22.0,0.71,0.08,5.06,2.99,2.0,0.067,11.6,0.02,0.299,0.023,0.027,22.0,0.22,8.0,0.1,19.0,0.2,0.0,0.0,0.009,6.4e-05,0.0006,0
turnips,"frozen, cooked, boiled, drained, with salt",Vegetables,21.0,1.53,0.24,3.76,1.76,2.0,0.067,3.9,0.02,0.56,0.028,0.035,32.0,0.98,14.0,0.1,26.0,0.2,0.0,0.0,0.008,6.3e-05,0.0006,0
turnip greens,"cooked, boiled, drained, with salt",Vegetables,20.0,1.14,0.23,4.36,0.53,3.5,0.18,27.4,1.88,0.411,0.072,0.045,137.0,0.8,22.0,0.337,29.0,0.14,0.381,0.0,0.118,0.000253,0.0009,0
turnip greens,"frozen, cooked, boiled, drained, with salt",Vegetables,29.0,3.35,0.42,4.98,0.75,3.4,0.067,21.8,2.66,0.468,0.074,0.054,152.0,1.94,26.0,0.475,34.0,0.41,0.538,0.0,0.039,0.00015,0.0012,0
turnip greens and turnips,"frozen, cooked, boiled, drained, with salt",Vegetables,34.0,2.99,0.38,4.74,0.95,3.1,0.067,18.2,2.13,0.486,0.065,0.05,128.0,1.75,24.0,0.4,32.0,0.37,0.431,0.0,0.033,0.000133,0.0011,0
vegetables,"mixed, frozen, cooked, boiled, drained, with salt",Vegetables,60.0,2.86,0.15,13.09,3.12,4.4,0.074,3.2,0.38,0.851,0.12,0.071,25.0,0.82,22.0,0.379,51.0,0.49,0.214,0.0,0.019,8.3e-05,0.0003,0
waxgourd,"(chinese preserving melon), cooked, boiled, drained, with salt",Vegetables,11.0,0.4,0.2,2.45,1.18,1.0,0.032,10.5,0.08,0.384,0.001,0.034,18.0,0.38,10.0,0.056,17.0,0.59,0.0,0.0,0.004,2.2e-05,0.0002,0
winged bean,"immature seeds, cooked, boiled, drained, with salt",Vegetables,37.0,5.31,0.66,3.21,0.0,0.0,0.082,9.8,0.0,0.652,0.072,0.086,61.0,1.09,30.0,0.158,25.0,0.28,0.004,0.0,0.035,3.7e-05,0.0011,0
yam,"cooked, boiled, drained, or baked, with salt",Vegetables,114.0,1.49,0.14,26.99,0.49,3.9,0.228,12.1,0.34,0.552,0.028,0.095,14.0,0.52,18.0,0.371,49.0,0.2,0.006,0.0,0.016,0.000152,0.0007,0
yambean (jicama),"cooked, boiled, drained, with salt",Vegetables,36.0,0.72,0.09,8.23,0.0,0.0,0.04,14.1,0.0,0.19,0.028,0.017,11.0,0.57,11.0,0.057,16.0,0.15,0.0,0.0,0.008,4.6e-05,0.0007,0
yardlong bean,"cooked, boiled, drained, with salt",Vegetables,47.0,2.53,0.1,9.17,0.0,0.0,0.024,16.2,0.0,0.63,0.099,0.085,44.0,0.98,42.0,0.201,57.0,0.36,0.023,0.0,0.045,4.7e-05,0.0015,0
corn,"sweet, white, raw",Vegetables,86.0,3.22,1.18,19.02,3.22,2.7,0.055,6.8,0.07,1.7,0.06,0.2,2.0,0.52,37.0,0.161,89.0,0.45,0.0,0.0,0.046,5.4e-05,0.0006,0
corn,"sweet, white, cooked, boiled, drained, without salt",Vegetables,97.0,3.34,1.41,21.71,7.73,2.7,0.127,6.2,0.09,1.666,0.053,0.09,2.0,0.55,31.0,0.214,92.0,0.54,0.0,0.0,0.02,5.7e-05,0.0008,0
corn,"sweet, white, cooked, boiled, drained, with salt",Vegetables,97.0,3.34,1.41,21.71,7.73,2.7,0.127,6.2,0.09,1.666,0.053,0.09,2.0,0.55,31.0,0.214,92.0,0.54,0.0,0.0,0.02,5.7e-05,0.0008,0
corn,"sweet, white, canned, whole kernel, regular pack, solids and liquids",Vegetables,64.0,1.95,0.5,15.41,0.0,1.7,0.037,5.5,0.0,0.939,0.061,0.026,4.0,0.41,16.0,0.033,51.0,0.36,0.0,0.0,0.038,5.6e-05,0.0006,0
corn,"sweet, white, canned, whole kernel, no salt added, solids and liquids",Vegetables,64.0,1.95,0.5,15.41,0.0,0.7,0.037,5.5,0.0,0.939,0.061,0.026,4.0,0.41,16.0,0.033,51.0,0.36,0.0,0.0,0.038,5.6e-05,0.0006,0
corn,"sweet, white, canned, whole kernel, drained solids",Vegetables,71.0,2.32,1.37,15.06,2.42,2.3,0.065,2.1,0.07,0.883,0.016,0.015,3.0,0.28,13.0,0.066,46.0,0.31,0.0,0.0,0.036,3.1e-05,0.0007,0
corn,"sweet, white, canned, cream style, regular pack",Vegetables,74.0,1.74,0.42,18.62,2.21,1.2,0.063,4.6,0.07,0.96,0.053,0.025,4.0,0.31,15.0,0.068,40.0,0.56,0.0,0.0,0.045,2.2e-05,0.0004,0
corn,"sweet, white, canned, cream style, no salt added",Vegetables,72.0,1.74,0.42,18.13,2.21,1.2,0.063,4.6,0.06,0.96,0.053,0.025,3.0,0.38,17.0,0.039,51.0,0.53,0.0,0.0,0.045,5.2e-05,0.0006,0
corn,"sweet, white, canned, vacuum pack, regular pack",Vegetables,79.0,2.41,0.5,19.44,0.0,2.0,0.055,8.1,0.0,1.167,0.073,0.041,5.0,0.42,23.0,0.067,64.0,0.46,0.0,0.0,0.049,4.8e-05,0.0007,0
corn,"sweet, white, canned, vacuum pack, no salt added",Vegetables,79.0,2.41,0.5,19.44,0.0,2.0,0.055,8.1,0.0,1.167,0.073,0.041,5.0,0.42,23.0,0.067,64.0,0.46,0.0,0.0,0.049,4.8e-05,0.0007,0
corn,"sweet, white, frozen, kernels cut off cob, unprepared",Vegetables,88.0,3.02,0.77,20.73,9.09,2.9,0.178,6.3,0.0,1.726,0.07,0.083,4.0,0.41,18.0,0.126,70.0,0.37,0.0,0.0,0.036,3.5999999999999994e-05,0.0007,0
corn,"sweet, white, frozen, kernels cut off cob, boiled, drained, without salt",Vegetables,80.0,2.75,0.43,19.56,3.12,2.4,0.129,3.1,0.07,1.299,0.071,0.083,4.0,0.35,19.0,0.127,57.0,0.4,0.0,0.0,0.031,3.7e-05,0.0007,0
corn,"sweet, white, frozen, kernels cut off cob, boiled, drained, with salt",Vegetables,80.0,2.75,0.43,19.56,3.12,2.4,0.129,3.1,0.07,1.299,0.071,0.083,4.0,0.35,19.0,0.127,57.0,0.4,0.0,0.0,0.031,3.7e-05,0.0007,0
corn,"sweet, white, frozen, kernels on cob, unprepared",Vegetables,98.0,3.28,0.78,23.5,0.0,2.8,0.179,7.2,0.0,1.681,0.088,0.103,4.0,0.68,32.0,0.158,87.0,0.7,0.0,0.0,0.04,5.1e-05,0.0008,0
corn,"sweet, white, frozen, kernels on cob, cooked, boiled, drained, without salt",Vegetables,94.0,3.11,0.74,22.33,0.0,2.1,0.224,4.8,0.0,1.517,0.069,0.174,3.0,0.61,29.0,0.142,75.0,0.63,0.0,0.0,0.031,4.6e-05,0.0007,0
corn,"sweet, white, frozen, kernels on cob, cooked, boiled, drained, with salt",Vegetables,94.0,3.11,0.74,22.33,0.0,2.8,0.224,4.8,0.0,1.517,0.069,0.174,3.0,0.61,29.0,0.142,75.0,0.63,0.0,0.0,0.031,4.6e-05,0.0007,0
peppers,"sweet, red, canned, solids and liquids",Vegetables,18.0,0.8,0.3,3.9,0.0,1.2,0.178,46.5,0.0,0.55,0.03,0.025,41.0,0.8,11.0,0.16,20.0,0.18,0.026,0.0,0.016,0.00013,0.0003,0
peppers,"sweet, red, frozen, chopped, unprepared",Vegetables,20.0,1.08,0.21,4.45,3.26,1.6,0.137,58.7,1.23,1.37,0.038,0.069,9.0,0.62,8.0,0.117,17.0,0.06,0.121,0.0,0.014,5.3e-05,0.0002,0
peppers,"sweet, red, frozen, chopped, boiled, drained, without salt",Vegetables,16.0,0.95,0.18,3.31,2.86,0.8,0.108,41.2,1.08,1.082,0.031,0.051,8.0,0.52,7.0,0.097,13.0,0.05,0.096,0.0,0.01,4.4e-05,0.0002,0
peppers,"sweet, red, frozen, chopped, boiled, drained, with salt",Vegetables,16.0,0.95,0.18,3.31,2.86,0.8,0.108,41.2,1.08,1.082,0.031,0.051,8.0,0.52,7.0,0.097,13.0,0.05,0.096,0.0,0.01,4.4e-05,0.0002,0
peppers,"sweet, red, sauteed",Vegetables,133.0,1.04,12.75,6.57,4.28,1.8,0.364,162.8,3.09,0.954,0.109,0.056,7.0,0.47,12.0,0.115,23.0,0.15,0.138,0.0,0.002,1.7e-05,0.0,0
sesbania flower,"cooked, steamed, with salt",Vegetables,21.0,1.14,0.05,5.1,0.0,0.0,0.0,37.0,0.0,0.25,0.043,0.048,22.0,0.56,12.0,0.0,21.0,0.0,0.0,0.0,0.057,0.0,0.0007,0
soybeans,"mature seeds, sprouted, cooked, steamed, with salt",Vegetables,81.0,8.47,4.45,6.53,0.43,0.8,0.105,8.3,0.21,1.092,0.053,0.205,59.0,1.31,60.0,0.71,135.0,1.04,0.002,0.0,0.08,0.00033,0.0006,0
soybeans,"mature seeds, sprouted, cooked, stir-fried, with salt",Vegetables,125.0,13.1,7.1,9.4,0.0,0.8,0.168,12.0,0.0,1.1,0.19,0.42,82.0,0.4,96.0,1.133,216.0,2.1,0.001,0.0,0.127,0.000527,0.0006,0
dock,"cooked, boiled, drained, with salt",Vegetables,20.0,1.83,0.64,2.93,0.0,0.0,0.1,26.3,0.0,0.411,0.086,0.034,38.0,2.08,89.0,0.303,52.0,0.17,0.174,0.0,0.008,0.000114,0.0009,0
lentils,"sprouted, cooked, stir-fried, with salt",Vegetables,101.0,8.8,0.45,21.25,0.0,0.0,0.164,12.6,0.0,1.2,0.09,0.22,14.0,3.1,35.0,0.502,153.0,1.6,0.002,0.0,0.067,0.000337,0.0006,0
mountain yam,"hawaii, cooked, steamed, with salt",Vegetables,82.0,1.73,0.08,19.99,0.0,0.0,0.209,0.0,0.0,0.13,0.014,0.086,8.0,0.43,10.0,0.283,40.0,0.32,0.0,0.0,0.012,0.000129,0.0009,0
tree fern,"cooked, with salt",Vegetables,40.0,0.29,0.07,10.78,0.0,3.7,0.179,30.0,0.0,3.5,0.3,0.0,8.0,0.16,5.0,0.539,4.0,0.31,0.01,0.0,0.015,0.000202,0.0009,0
potatoes,"mashed, prepared from granules, without milk, whole milk and margarine",Vegetables,108.0,2.05,4.93,14.4,0.0,2.2,0.01,6.0,0.0,0.763,0.077,0.079,35.0,0.19,19.0,0.003,60.0,0.24,0.044,0.0,0.007,2.2e-05,0.0005,0
potatoes,"mashed, dehydrated, prepared from flakes without milk, whole milk and margarine added",Vegetables,113.0,1.9,5.6,15.02,0.0,2.3,0.009,9.7,0.0,0.67,0.05,0.111,49.0,0.22,18.0,0.114,56.0,0.18,0.046,0.0,0.007,1.6e-05,0.0005,0
peppers,"sweet, red, freeze-dried",Vegetables,314.0,17.9,3.0,68.7,40.77,21.3,2.223,1900.0,4.0,7.4,1.2,1.2,134.0,10.4,188.0,1.897,327.0,2.41,3.863,0.0,0.229,0.001389,0.0037,3
beans,"snap, yellow, canned, regular pack, drained solids",Vegetables,20.0,1.15,0.1,4.5,0.96,1.3,0.037,4.8,0.29,0.201,0.056,0.015,26.0,0.9,13.0,0.2,19.0,0.29,0.005,0.0,0.032,3.8e-05,0.0004,0
beans,"snap, yellow, canned, no salt added, drained solids",Vegetables,20.0,1.15,0.1,4.5,0.96,1.3,0.037,4.8,0.29,0.201,0.056,0.015,26.0,0.9,13.0,0.2,19.0,0.29,0.005,0.0,0.032,3.8e-05,0.0004,0
potatoes,"mashed, home-prepared, whole milk and butter added",Vegetables,113.0,1.86,4.22,16.81,1.43,1.5,0.222,6.0,0.12,1.072,0.041,0.086,24.0,0.26,18.0,0.114,45.0,0.27,0.038,7.000000000000001e-05,0.008,0.000138,0.0008,0
catsup,No_descr,Vegetables,101.0,1.04,0.1,27.4,21.27,0.3,0.158,4.1,1.46,1.434,0.166,0.011,15.0,0.35,13.0,0.084,26.0,0.17,0.026,0.0,0.009,8.5e-05,0.0007,0
pickles,"cucumber, dill or kosher dill",Vegetables,12.0,0.5,0.3,2.41,1.07,1.0,0.035,2.3,0.03,0.109,0.057,0.045,57.0,0.26,7.0,0.062,16.0,0.1,0.006,0.0,0.008,2.8e-05,0.0,0
mushrooms,"portabella, exposed to ultraviolet light, grilled",Vegetables,29.0,3.28,0.58,4.44,2.26,2.2,0.122,0.0,0.0,6.255,0.403,0.072,3.0,0.4,13.0,0.067,135.0,0.65,0.0,0.0,0.0,0.000389,0.0219,0
pickles,"cucumber, sweet (includes bread and butter pickles)",Vegetables,91.0,0.58,0.41,21.15,18.27,1.0,0.024,0.7,0.36,0.115,0.03,0.025,61.0,0.25,7.0,0.065,18.0,0.12,0.038,0.0,0.001,2.8e-05,0.0,0
pickles,"cucumber, sour",Vegetables,11.0,0.33,0.2,2.26,1.06,1.2,0.009,1.0,0.09,0.0,0.01,0.0,0.0,0.4,4.0,0.011,14.0,0.02,0.01,0.0,0.001,8.5e-05,0.0,0
pimento,canned,Vegetables,23.0,1.1,0.3,5.1,2.71,1.9,0.215,84.9,0.69,0.615,0.06,0.017,6.0,1.68,6.0,0.092,17.0,0.19,0.133,0.0,0.006,4.9000000000000005e-05,0.0002,0
pickle relish,hot dog,Vegetables,91.0,1.5,0.46,23.35,0.0,1.5,0.015,1.0,0.0,0.5,0.04,0.04,5.0,1.25,19.0,0.015,40.0,0.21,0.008,0.0,0.001,8.2e-05,0.0,0
pickle relish,sweet,Vegetables,130.0,0.37,0.47,35.06,29.13,1.1,0.015,1.0,0.58,0.233,0.033,0.0,3.0,0.87,5.0,0.015,14.0,0.14,0.061,0.0,0.001,8.5e-05,0.0,0
pickles,"cucumber, sour, low sodium",Vegetables,11.0,0.33,0.2,2.26,1.06,1.2,0.009,1.0,0.09,0.0,0.01,0.0,0.0,0.4,4.0,0.011,14.0,0.02,0.01,0.0,0.001,8.5e-05,0.0,0
pickles,"cucumber, dill, reduced sodium",Vegetables,12.0,0.5,0.3,2.41,1.07,1.0,0.035,2.3,0.03,0.109,0.057,0.045,57.0,0.26,7.0,0.062,16.0,0.1,0.006,0.0,0.008,2.8e-05,0.0,0
pickles,"cucumber, sweet, low sodium (includes bread and butter pickles)",Vegetables,122.0,0.37,0.26,33.73,26.68,1.1,0.015,1.2,0.53,0.174,0.032,0.009,4.0,0.59,4.0,0.015,12.0,0.08,0.056,0.0,0.001,0.0001049999999999,0.0,0
catsup,low sodium,Vegetables,101.0,1.04,0.1,27.4,21.27,0.3,0.158,4.1,1.46,1.434,0.166,0.011,15.0,0.35,13.0,0.084,26.0,0.17,0.026,0.0,0.009,8.5e-05,0.0007,0
mushrooms,"enoki, raw",Vegetables,37.0,2.66,0.29,7.81,0.22,2.7,0.1,0.0,0.01,7.032,0.2,0.225,0.0,1.15,16.0,0.075,105.0,0.65,0.0,0.0,0.048,0.000107,0.0022,0
peppers,"sweet, yellow, raw",Vegetables,27.0,1.0,0.21,6.32,0.0,0.9,0.168,183.5,0.0,0.89,0.025,0.028,11.0,0.46,12.0,0.117,24.0,0.17,0.01,0.0,0.026,0.000107,0.0003,0
radicchio,raw,Vegetables,23.0,1.43,0.25,4.48,0.6,0.9,0.057,8.0,2.26,0.255,0.028,0.016,19.0,0.57,13.0,0.138,40.0,0.62,0.001,0.0,0.06,0.000341,0.0009,0
squash,"zucchini, baby, raw",Vegetables,21.0,2.71,0.4,3.11,0.0,1.1,0.142,34.1,0.0,0.705,0.036,0.042,21.0,0.79,33.0,0.196,93.0,0.83,0.025,0.0,0.02,9.7e-05,0.0003,0
tomatillos,raw,Vegetables,32.0,0.96,1.02,5.84,3.93,1.9,0.056,11.7,0.38,1.85,0.035,0.044,7.0,0.62,20.0,0.153,39.0,0.22,0.006,0.0,0.007,7.9e-05,0.0005,0
tomatoes,sun-dried,Vegetables,258.0,14.11,2.97,55.76,37.59,12.3,0.332,39.2,0.01,9.05,0.489,0.528,110.0,9.09,194.0,1.846,356.0,1.99,0.044,0.0,0.068,0.001423,0.0055,3
tomatoes,"sun-dried, packed in oil, drained",Vegetables,213.0,5.06,14.08,23.33,0.0,5.8,0.319,101.8,0.0,3.63,0.383,0.193,47.0,2.68,81.0,0.466,139.0,0.78,0.064,0.0,0.023,0.0004729999999999,0.003,0
fennel,"bulb, raw",Vegetables,31.0,1.24,0.2,7.3,3.93,3.1,0.047,12.0,0.58,0.64,0.032,0.01,49.0,0.73,17.0,0.191,50.0,0.2,0.048,0.0,0.027,6.6e-05,0.0007,0
pickle relish,hamburger,Vegetables,129.0,0.63,0.54,34.48,0.0,3.2,0.015,2.3,0.0,0.617,0.042,0.02,4.0,1.14,7.0,0.015,17.0,0.11,0.013,0.0,0.001,8.3e-05,0.0,0
arugula,raw,Vegetables,25.0,2.58,0.66,3.65,2.05,1.6,0.073,15.0,0.43,0.305,0.086,0.044,160.0,1.46,47.0,0.321,52.0,0.47,0.119,0.0,0.097,7.6e-05,0.0003,0
carrots,"baby, raw",Vegetables,35.0,0.64,0.13,8.24,4.76,2.9,0.105,2.6,0.0,0.556,0.036,0.03,32.0,0.89,10.0,0.151,28.0,0.17,0.69,0.0,0.027,0.0001,0.0009,0
hearts of palm,canned,Vegetables,28.0,2.52,0.62,4.62,0.0,2.4,0.022,7.9,0.0,0.437,0.057,0.011,58.0,3.13,38.0,1.394,65.0,1.15,0.0,0.0,0.039,0.000133,0.0007,0
peppers,"hot chile, sun-dried",Vegetables,324.0,10.58,5.81,69.86,41.06,28.7,0.81,31.4,3.14,8.669,1.205,0.081,45.0,6.04,88.0,0.821,159.0,1.02,1.324,0.0,0.051,0.000228,0.0035,3
nopales,raw,Vegetables,16.0,1.32,0.09,3.33,1.15,2.2,0.07,9.3,0.0,0.41,0.041,0.012,164.0,0.59,52.0,0.457,16.0,0.25,0.023,0.0,0.003,5.2e-05,0.0007,0
nopales,"cooked, without salt",Vegetables,15.0,1.35,0.05,3.28,1.12,2.0,0.067,5.3,0.0,0.296,0.04,0.011,164.0,0.5,47.0,0.408,16.0,0.21,0.022,0.0,0.003,4.9000000000000005e-05,0.0007,0
cauliflower,"green, raw",Vegetables,31.0,2.95,0.3,6.09,3.03,3.2,0.222,88.1,0.04,0.734,0.102,0.08,33.0,0.73,20.0,0.247,62.0,0.64,0.008,0.0,0.057,4.1e-05,0.0006,0
cauliflower,"green, cooked, no salt added",Vegetables,32.0,3.04,0.31,6.28,0.0,3.3,0.206,72.6,0.0,0.681,0.1,0.07,32.0,0.72,19.0,0.242,57.0,0.63,0.007,0.0,0.041,4e-05,0.0008,0
cauliflower,"green, cooked, with salt",Vegetables,32.0,3.04,0.31,6.28,0.0,3.3,0.206,72.6,0.0,0.681,0.1,0.07,32.0,0.72,19.0,0.242,57.0,0.63,0.007,0.0,0.041,4e-05,0.0008,0
broccoli,"chinese, cooked",Vegetables,22.0,1.14,0.72,3.81,0.84,2.5,0.07,28.2,0.48,0.437,0.146,0.095,100.0,0.56,18.0,0.264,41.0,0.39,0.082,0.0,0.099,6.1e-05,0.0013,0
cabbage,"napa, cooked",Vegetables,12.0,1.1,0.17,2.23,0.0,0.0,0.037,3.2,0.0,0.466,0.025,0.005,29.0,0.74,8.0,0.203,19.0,0.14,0.013,0.0,0.043,9.6e-05,0.0004,0
lemon grass (citronella),raw,Vegetables,99.0,1.82,0.49,25.31,0.0,0.0,0.08,2.6,0.0,1.101,0.135,0.065,65.0,8.17,60.0,5.224,101.0,2.23,0.0,0.0,0.075,0.000266,0.0007,0
beans,"fava, in pod, raw",Vegetables,88.0,7.92,0.73,17.63,9.21,7.5,0.104,3.7,1.16,2.249,0.29,0.133,37.0,1.55,33.0,0.661,129.0,1.0,0.017,0.0,0.148,0.000402,0.0008,0
grape leaves,raw,Vegetables,93.0,5.6,2.12,17.31,6.3,11.0,0.4,11.1,2.0,2.362,0.354,0.04,363.0,2.63,95.0,2.855,91.0,0.67,1.376,0.0,0.083,0.000415,0.0009,0
grape leaves,canned,Vegetables,69.0,4.27,1.97,11.71,0.0,9.9,0.136,11.3,1.79,4.505,0.364,0.064,289.0,2.98,14.0,0.29,34.0,0.4,0.263,0.0,0.078,0.001841,0.0009,0
pepper,"banana, raw",Vegetables,27.0,1.66,0.45,5.35,1.95,3.4,0.357,82.7,0.69,1.242,0.054,0.081,14.0,0.46,17.0,0.1,32.0,0.25,0.017,0.0,0.029,9.4e-05,0.0003,0
peppers,"serrano, raw",Vegetables,32.0,1.74,0.44,6.7,3.83,3.7,0.505,44.9,0.69,1.537,0.081,0.054,11.0,0.86,22.0,0.187,40.0,0.26,0.047,0.0,0.023,0.000129,0.0004,0
peppers,"ancho, dried",Vegetables,281.0,11.86,8.2,51.42,0.0,21.6,3.535,2.0,0.0,6.403,2.255,0.179,61.0,10.93,113.0,1.279,201.0,1.42,1.022,0.0,0.069,0.000508,0.0029,3
peppers,"jalapeno, raw",Vegetables,29.0,0.91,0.37,6.5,4.12,2.8,0.419,118.6,3.58,1.28,0.07,0.04,12.0,0.25,15.0,0.097,26.0,0.14,0.054,0.0,0.027,4.6e-05,0.0004,0
peppers,"chili, green, canned",Vegetables,21.0,0.72,0.27,4.6,0.0,1.7,0.12,34.2,0.0,0.627,0.03,0.01,36.0,1.33,4.0,0.0,11.0,0.09,0.006,0.0,0.054,0.0,0.0003,0
peppers,"hungarian, raw",Vegetables,29.0,0.8,0.41,6.7,3.53,1.0,0.517,92.9,0.48,1.092,0.055,0.079,12.0,0.46,16.0,0.204,29.0,0.3,0.041,0.0,0.053,0.000115,0.0003,0
peppers,"pasilla, dried",Vegetables,345.0,12.35,15.85,51.13,0.0,26.8,4.228,6.4,0.0,7.175,3.197,0.172,97.0,9.83,130.0,1.58,267.0,1.4,1.788,0.0,0.17,0.000423,0.0032,3
pickles,"chowchow, with cauliflower onion mustard, sweet",Vegetables,121.0,1.5,0.9,26.64,23.88,1.5,0.01,6.0,0.16,0.0,0.02,0.0,23.0,1.4,21.0,0.085,22.0,0.23,0.005,0.0,0.005,9.2e-05,0.002,0
epazote,raw,Vegetables,32.0,0.33,0.52,7.44,0.0,3.8,0.152,3.6,0.0,0.639,0.348,0.028,275.0,1.88,121.0,3.098,86.0,1.1,0.003,0.0,0.215,0.00019,0.0009,0
fireweed,"leaves, raw",Vegetables,103.0,4.71,2.75,19.22,0.0,10.6,0.632,2.2,0.0,4.674,0.137,0.033,429.0,2.4,156.0,6.704,108.0,2.66,0.18,0.0,0.112,0.00032,0.0009,0
malabar spinach,cooked,Vegetables,23.0,2.98,0.78,2.71,0.0,2.1,0.086,5.9,0.0,0.787,0.129,0.106,124.0,1.48,48.0,0.255,36.0,0.3,0.058,0.0,0.114,0.000111,0.0009,0
mushrooms,"oyster, raw",Vegetables,33.0,3.31,0.41,6.09,1.11,2.3,0.11,0.0,0.0,4.956,0.349,0.125,3.0,1.33,18.0,0.113,120.0,0.77,0.002,0.0,0.038,0.000244,0.0026,0
fungi,"Cloud ears, dried",Vegetables,284.0,9.25,0.73,73.01,0.0,70.1,0.112,0.0,0.0,6.267,0.844,0.015,159.0,5.88,83.0,1.951,184.0,1.32,0.0,0.0,0.038,0.000183,0.0434,3
mushrooms,"straw, canned, drained solids",Vegetables,32.0,3.83,0.68,4.64,0.0,2.5,0.014,0.0,0.0,0.224,0.07,0.013,10.0,1.43,7.0,0.098,61.0,0.67,0.0,0.0,0.038,0.000133,0.0152,0
wasabi,"root, raw",Vegetables,109.0,4.8,0.63,23.54,0.0,7.8,0.274,41.9,0.0,0.743,0.114,0.131,128.0,1.03,69.0,0.391,80.0,1.62,0.002,0.0,0.018,0.000155,0.0,0
yautia (tannier),raw,Vegetables,98.0,1.46,0.4,23.63,0.0,1.5,0.237,5.2,0.0,0.667,0.04,0.097,9.0,0.98,24.0,0.186,51.0,0.5,0.0,0.0,0.017,0.000257,0.0007,0
mushrooms,"white, microwaved",Vegetables,35.0,3.91,0.46,6.04,0.0,2.5,0.049,0.0,0.0,5.35,0.431,0.06,6.0,0.33,14.0,0.064,127.0,0.73,0.0,0.0,0.016,0.00037,0.018,0
mushrooms,"maitake, raw",Vegetables,31.0,1.94,0.19,6.97,2.07,2.7,0.056,0.0,0.01,6.585,0.242,0.146,1.0,0.3,10.0,0.059,74.0,0.75,0.0,0.0,0.021,0.000252,0.0022,0
fiddlehead ferns,raw,Vegetables,34.0,4.55,0.4,5.54,0.0,0.0,0.0,26.6,0.0,4.98,0.21,0.02,32.0,1.31,34.0,0.51,101.0,0.83,0.181,0.0,0.0,0.00032,0.0,0
fiddlehead ferns,"frozen, unprepared",Vegetables,34.0,4.31,0.35,5.74,0.0,0.0,0.0,17.8,0.0,3.26,0.13,0.014,24.0,0.73,19.0,0.94,58.0,0.71,0.168,0.0,0.0,0.00022,0.0,0
mushrooms,"portabella, exposed to ultraviolet light, raw",Vegetables,22.0,2.11,0.35,3.87,2.5,1.3,0.148,0.0,0.02,4.494,0.13,0.059,3.0,0.31,10.0,0.069,108.0,0.53,0.0,5e-05,0.028,0.0002859999999999,0.0186,0
seeds,"breadfruit seeds, raw",Nut and Seed,191.0,7.4,5.59,29.24,0.0,5.2,0.32,6.6,0.0,0.438,0.301,0.482,36.0,3.67,54.0,0.142,175.0,0.9,0.013,0.0,0.053,0.001148,0.0,0
seeds,"breadfruit seeds, boiled",Nut and Seed,168.0,5.3,2.3,32.0,0.0,4.8,0.298,6.1,0.0,5.3,0.17,0.29,61.0,0.6,50.0,0.132,124.0,0.83,0.012,0.0,0.049,0.0010689999999999,0.0,0
seeds,"breadnut tree seeds, raw",Nut and Seed,217.0,5.97,0.99,46.28,0.0,0.0,0.403,27.4,0.0,0.88,0.055,0.055,98.0,2.09,68.0,0.178,67.0,1.13,0.012,0.0,0.066,0.001444,0.0,0
seeds,"breadnut tree seeds, dried",Nut and Seed,367.0,8.62,1.68,79.39,0.0,14.9,0.685,46.6,0.0,2.1,0.14,0.03,94.0,4.6,115.0,0.303,178.0,1.91,0.011,0.0,0.113,0.002455,0.0019,3
seeds,"chia seeds, dried",Nut and Seed,486.0,16.54,30.74,42.12,0.0,34.4,0.0,1.6,0.5,8.83,0.17,0.62,631.0,7.72,335.0,2.723,860.0,4.58,0.0,0.0,0.0,0.000924,0.0552,3
seeds,"cottonseed flour, partially defatted (glandless)",Nut and Seed,359.0,40.96,6.2,40.54,0.0,3.0,0.769,2.4,0.0,4.065,0.399,2.102,478.0,12.66,721.0,2.143,1597.0,11.69,0.022,0.0,0.229,0.0011799999999999,0.0056,2
seeds,"cottonseed flour, low fat (glandless)",Nut and Seed,332.0,49.83,1.41,36.1,0.0,0.0,0.764,2.4,0.0,4.039,0.396,2.089,474.0,12.58,716.0,2.129,1587.0,11.61,0.022,0.0,0.228,0.0011719999999999,0.0,2
seeds,"cottonseed meal, partially defatted (glandless)",Nut and Seed,367.0,49.1,4.77,38.43,0.0,0.0,0.811,2.5,0.0,4.286,0.42,2.217,504.0,13.35,760.0,2.26,1684.0,12.32,0.023,0.0,0.242,1e-06,0.0,2
seeds,"lotus seeds, dried",Nut and Seed,332.0,15.41,1.97,64.47,0.0,0.0,0.629,0.0,0.0,1.6,0.15,0.64,163.0,3.53,210.0,2.318,626.0,1.05,0.003,0.0,0.104,0.00035,0.0,3
seeds,"pumpkin and squash seed kernels, dried",Nut and Seed,559.0,30.23,49.05,10.71,1.4,6.0,0.143,1.9,2.18,4.987,0.153,0.273,46.0,8.82,592.0,4.543,1233.0,7.81,0.001,0.0,0.058,0.001343,0.0094,4
seeds,"pumpkin and squash seed kernels, roasted, without salt",Nut and Seed,574.0,29.84,49.05,14.71,1.29,6.5,0.1,1.8,0.56,4.43,0.15,0.07,52.0,8.07,550.0,4.49,1174.0,7.64,0.0,0.0,0.057,0.0012749999999999,0.0094,4
seeds,"safflower seed kernels, dried",Nut and Seed,517.0,16.18,38.45,34.29,0.0,0.0,1.17,0.0,0.0,2.284,0.415,1.163,78.0,4.9,353.0,2.014,644.0,5.05,0.003,0.0,0.16,0.001747,0.0,2
seeds,"safflower seed meal, partially defatted",Nut and Seed,342.0,35.62,2.39,48.73,0.0,0.0,1.161,0.0,0.0,2.265,0.412,1.153,77.0,4.86,350.0,1.998,638.0,5.01,0.002,0.0,0.159,0.001733,0.0,2
seeds,"sesame seeds, whole, dried",Nut and Seed,573.0,17.73,49.67,23.45,0.3,11.8,0.79,0.0,0.25,4.515,0.247,0.791,975.0,14.55,351.0,2.46,629.0,7.75,0.0,0.0,0.097,0.004082,0.0344,4
seeds,"sesame seeds, whole, roasted and toasted",Nut and Seed,565.0,16.96,48.0,25.74,0.0,14.0,0.802,0.0,0.0,4.581,0.251,0.803,989.0,14.76,356.0,2.496,638.0,7.16,0.0,0.0,0.098,0.00247,0.0344,4
seeds,"sesame seed kernels, toasted, without salt added (decorticated)",Nut and Seed,567.0,16.96,48.0,26.04,0.48,16.9,0.146,0.0,0.25,5.438,0.466,1.205,131.0,7.78,346.0,1.427,774.0,10.23,0.003,0.0,0.096,0.001457,0.0344,3
seeds,"sesame flour, partially defatted",Nut and Seed,382.0,40.32,11.89,35.14,0.0,0.0,0.152,0.0,0.0,12.6,0.27,2.53,150.0,14.3,362.0,1.403,810.0,10.7,0.003,0.0,0.029,0.001432,0.0,2
seeds,"sesame flour, low-fat",Nut and Seed,333.0,50.14,1.75,35.51,0.0,0.0,0.142,0.0,0.0,12.533,0.269,2.516,149.0,14.22,338.0,1.396,757.0,10.0,0.003,0.0,0.029,0.001425,0.0,2
seeds,"sesame meal, partially defatted",Nut and Seed,567.0,16.96,48.0,26.04,0.0,0.0,0.146,0.0,0.0,12.816,0.275,2.573,153.0,14.55,346.0,1.427,774.0,10.23,0.003,0.0,0.03,0.001457,0.0,4
seeds,"sunflower seed kernels, dried",Nut and Seed,584.0,20.78,51.46,20.0,2.62,8.6,1.345,1.4,35.17,8.335,0.355,1.48,78.0,5.25,325.0,1.95,660.0,5.0,0.003,0.0,0.227,0.0018,0.053,4
seeds,"sunflower seed kernels, dry roasted, without salt",Nut and Seed,582.0,19.33,49.8,24.07,2.73,11.1,0.804,1.4,26.1,7.042,0.246,0.106,70.0,3.8,129.0,2.11,1155.0,5.29,0.0,0.0,0.237,0.00183,0.0793,4
seeds,"sunflower seed kernels, oil roasted, without salt",Nut and Seed,592.0,20.06,51.3,22.89,3.11,10.6,0.792,1.1,36.33,4.13,0.28,0.32,87.0,4.28,127.0,2.08,1139.0,5.21,0.0,0.0,0.234,0.001804,0.0782,4
seeds,"sunflower seed kernels, toasted, without salt",Nut and Seed,619.0,17.21,56.8,20.59,0.0,11.5,0.805,1.4,0.0,4.198,0.285,0.325,57.0,6.81,129.0,2.114,1158.0,5.3,0.0,0.0,0.238,0.001834,0.0,4
seeds,"sunflower seed butter, without salt",Nut and Seed,617.0,17.28,55.2,23.32,10.54,5.7,0.55,2.7,22.89,6.747,0.163,0.053,64.0,4.12,311.0,2.073,666.0,4.89,0.0,0.0,0.237,0.001597,0.1044,4
seeds,"sunflower seed flour, partially defatted",Nut and Seed,326.0,48.06,1.61,35.83,0.0,5.2,0.753,1.3,0.0,7.313,0.266,3.187,114.0,6.62,346.0,1.975,689.0,4.95,0.002,0.0,0.222,0.001713,0.0582,2
nuts,"acorns, raw",Nut and Seed,387.0,6.15,23.86,40.75,0.0,0.0,0.528,0.0,0.0,1.827,0.118,0.112,41.0,0.79,62.0,1.337,79.0,0.51,0.002,0.0,0.087,0.000621,0.0,3
nuts,"acorns, dried",Nut and Seed,509.0,8.1,31.41,53.66,0.0,0.0,0.695,0.0,0.0,2.406,0.154,0.149,54.0,1.04,82.0,1.363,103.0,0.67,0.0,0.0,0.115,0.0008179999999999,0.0,3
nuts,"acorn flour, full fat",Nut and Seed,501.0,7.49,30.17,54.65,0.0,0.0,0.688,0.0,0.0,2.382,0.154,0.146,43.0,1.21,110.0,1.743,103.0,0.64,0.003,0.0,0.114,0.000611,0.0,3
nuts,almonds,Nut and Seed,579.0,21.15,49.93,21.55,4.35,12.5,0.137,0.0,25.63,3.618,1.138,0.205,269.0,3.71,270.0,2.179,481.0,3.12,0.0,0.0,0.044,0.001031,0.0040999999999999,4
nuts,"almonds, blanched",Nut and Seed,590.0,21.4,52.52,18.67,4.63,9.9,0.115,0.0,23.75,3.5,0.711,0.191,236.0,3.28,268.0,1.835,481.0,2.97,0.0,0.0,0.049,0.001027,0.0032,4
nuts,"almonds, dry roasted, without salt added",Nut and Seed,598.0,20.96,52.54,21.01,4.86,10.9,0.136,0.0,23.9,3.637,1.197,0.077,268.0,3.73,279.0,2.232,471.0,3.31,0.0,0.0,0.055,0.001099,0.002,4
nuts,"almonds, oil roasted, without salt added",Nut and Seed,607.0,21.23,55.17,17.68,4.55,10.5,0.118,0.0,25.97,3.665,0.781,0.092,291.0,3.68,274.0,2.46,466.0,3.07,0.0,0.0,0.027,0.000955,0.0040999999999999,4
nuts,almond paste,Nut and Seed,458.0,9.0,27.74,47.81,36.25,4.8,0.036,0.1,13.54,1.422,0.414,0.082,172.0,1.6,130.0,0.856,258.0,1.48,0.0,0.0,0.073,0.000454,0.0042,1
nuts,"beechnuts, dried",Nut and Seed,576.0,6.2,50.0,33.5,0.0,0.0,0.684,15.5,0.0,0.877,0.371,0.304,1.0,2.46,0.0,1.341,0.0,0.36,0.0,0.0,0.113,0.00067,0.0,4
nuts,"brazilnuts, dried, unblanched",Nut and Seed,659.0,14.32,67.1,11.74,2.33,7.5,0.101,0.7,5.65,0.295,0.035,0.617,160.0,2.43,376.0,1.223,725.0,4.06,0.0,0.0,0.022,0.001743,1.917,4
nuts,"butternuts, dried",Nut and Seed,612.0,24.9,56.98,12.05,0.0,4.7,0.56,3.2,0.0,1.045,0.148,0.383,53.0,4.02,237.0,6.56,446.0,3.13,0.006,0.0,0.066,0.00045,0.0172,4
nuts,"cashew nuts, dry roasted, without salt added",Nut and Seed,574.0,15.31,46.35,32.69,5.01,3.0,0.256,0.0,0.92,1.4,0.2,0.2,45.0,6.0,260.0,0.826,490.0,5.6,0.0,0.0,0.069,0.00222,0.0116999999999999,4
nuts,"cashew nuts, oil roasted, without salt added",Nut and Seed,580.0,16.84,47.77,29.87,5.01,3.3,0.323,0.3,0.92,1.736,0.218,0.363,43.0,6.05,273.0,1.668,531.0,5.35,0.0,0.0,0.025,0.002043,0.0203,4
nuts,"cashew nuts, raw",Nut and Seed,553.0,18.22,43.85,30.19,5.91,3.3,0.417,0.5,0.9,1.062,0.058,0.423,37.0,6.68,292.0,1.655,593.0,5.78,0.0,0.0,0.025,0.002195,0.0198999999999999,4
nuts,"cashew butter, plain, without salt added",Nut and Seed,587.0,17.56,49.41,27.57,0.0,2.0,0.252,0.0,0.0,1.599,0.187,0.312,43.0,5.03,258.0,0.815,457.0,5.16,0.0,0.0,0.068,0.00219,0.0115,4
nuts,"chestnuts, chinese, raw",Nut and Seed,224.0,4.2,1.11,49.07,0.0,0.0,0.41,36.0,0.0,0.8,0.18,0.16,18.0,1.41,84.0,1.601,96.0,0.87,0.01,0.0,0.068,0.000363,0.0,0
nuts,"chestnuts, chinese, dried",Nut and Seed,363.0,6.82,1.81,79.76,0.0,0.0,0.666,58.5,0.0,1.3,0.293,0.26,29.0,2.29,137.0,2.601,155.0,1.41,0.016,0.0,0.11,0.0005899999999999,0.0,3
nuts,"chestnuts, chinese, boiled and steamed",Nut and Seed,153.0,2.88,0.76,33.64,0.0,0.0,0.281,24.7,0.0,0.548,0.123,0.11,12.0,0.97,58.0,1.097,66.0,0.6,0.007,0.0,0.046,0.000249,0.0,0
nuts,"chestnuts, chinese, roasted",Nut and Seed,239.0,4.48,1.19,52.36,0.0,0.0,0.437,38.4,0.0,1.5,0.09,0.15,19.0,1.5,90.0,1.708,102.0,0.93,0.0,0.0,0.072,0.000387,0.0,0
nuts,"chestnuts, european, raw, unpeeled",Nut and Seed,213.0,2.42,2.26,45.54,0.0,8.1,0.376,43.0,0.0,1.179,0.168,0.238,27.0,1.01,32.0,0.952,93.0,0.52,0.001,0.0,0.062,0.000447,0.0,3
nuts,"chestnuts, european, raw, peeled",Nut and Seed,196.0,1.63,1.25,44.17,0.0,0.0,0.352,40.2,0.0,1.102,0.016,0.144,19.0,0.94,30.0,0.336,38.0,0.49,0.001,0.0,0.058,0.0004179999999999,0.0,0
nuts,"chestnuts, european, dried, unpeeled",Nut and Seed,374.0,6.39,4.45,77.31,0.0,11.7,0.663,15.0,0.0,0.85,0.36,0.295,67.0,2.38,74.0,1.3,175.0,0.35,0.0,0.0,0.109,0.00065,0.0018,3
nuts,"chestnuts, european, dried, peeled",Nut and Seed,369.0,5.01,3.91,78.43,0.0,0.0,0.666,15.1,0.0,0.854,0.054,0.354,64.0,2.39,74.0,1.183,137.0,0.35,0.0,0.0,0.11,0.000653,0.0,3
nuts,"chestnuts, european, boiled and steamed",Nut and Seed,131.0,2.0,1.38,27.76,0.0,0.0,0.233,26.7,0.0,0.731,0.104,0.148,46.0,1.73,54.0,0.854,99.0,0.25,0.001,0.0,0.038,0.000472,0.0,0
nuts,"coconut meat, raw",Nut and Seed,354.0,3.33,33.49,15.23,6.23,9.0,0.054,3.3,0.24,0.54,0.02,0.066,14.0,2.43,32.0,1.5,113.0,1.1,0.0,0.0,0.026,0.000435,0.0101,3
nuts,"coconut meat, dried (desiccated), not sweetened",Nut and Seed,660.0,6.88,64.53,23.65,7.35,16.3,0.3,1.5,0.44,0.603,0.1,0.06,26.0,3.32,90.0,2.745,206.0,2.01,0.0,0.0,0.009,0.000796,0.0185,4
nuts,"coconut meat, dried (desiccated), sweetened, flaked, packaged",Nut and Seed,456.0,3.13,27.99,51.85,36.75,9.9,0.03,0.0,0.0,0.697,0.015,0.015,11.0,1.51,51.0,0.959,100.0,0.71,0.0,0.0,0.003,0.0002949999999999,0.0161,1
nuts,"coconut meat, dried (desiccated), sweetened, flaked, canned",Nut and Seed,443.0,3.35,31.69,40.91,0.0,4.5,0.237,0.0,0.0,0.305,0.02,0.03,14.0,1.84,49.0,2.171,103.0,1.59,0.0,0.0,0.007,0.000308,0.0,3
nuts,"coconut meat, dried (desiccated), toasted",Nut and Seed,592.0,5.3,47.0,44.4,0.0,0.0,0.306,1.5,0.0,0.616,0.102,0.061,27.0,3.39,92.0,2.801,211.0,2.05,0.0,0.0,0.009,0.000812,0.0,4
nuts,"coconut cream, raw (liquid expressed from grated meat)",Nut and Seed,330.0,3.63,34.68,6.65,0.0,2.2,0.047,2.8,0.0,0.89,0.0,0.03,11.0,2.28,28.0,1.304,122.0,0.96,0.0,0.0,0.023,0.000378,0.0,2
nuts,"coconut cream, canned, sweetened",Nut and Seed,357.0,1.17,16.31,53.21,51.5,0.2,0.029,0.0,0.13,0.038,0.04,0.022,4.0,0.13,17.0,0.815,22.0,0.6,0.0,0.0,0.014,0.000236,0.0055,1
nuts,"coconut milk, raw (liquid expressed from grated meat and water)",Nut and Seed,230.0,2.29,23.84,5.54,3.34,2.2,0.033,2.8,0.15,0.76,0.0,0.026,16.0,1.64,37.0,0.916,100.0,0.67,0.0,0.0,0.016,0.000266,0.0062,0
nuts,"coconut milk, canned (liquid expressed from grated meat and water)",Nut and Seed,197.0,2.02,21.33,2.81,0.0,0.0,0.028,1.0,0.0,0.637,0.0,0.022,18.0,3.3,46.0,0.768,96.0,0.56,0.0,0.0,0.014,0.000223,0.0,0
nuts,coconut water (liquid from coconuts),Nut and Seed,19.0,0.72,0.2,3.71,2.61,1.1,0.032,2.4,0.0,0.08,0.057,0.03,24.0,0.29,25.0,0.142,20.0,0.1,0.0,0.0,0.003,4e-05,0.001,0
nuts,hazelnuts or filberts,Nut and Seed,628.0,14.95,60.75,16.7,4.34,9.7,0.563,6.3,15.03,1.8,0.113,0.643,114.0,4.7,163.0,6.175,290.0,2.45,0.001,0.0,0.113,0.001725,0.0024,4
nuts,"hazelnuts or filberts, blanched",Nut and Seed,629.0,13.7,61.15,17.0,3.49,11.0,0.585,2.0,17.5,1.55,0.11,0.475,149.0,3.3,160.0,12.65,310.0,2.2,0.002,0.0,0.078,0.0016,0.0040999999999999,4
nuts,"hazelnuts or filberts, dry roasted, without salt added",Nut and Seed,646.0,15.03,62.4,17.6,4.89,9.4,0.62,3.8,15.28,2.05,0.123,0.338,123.0,4.38,173.0,5.55,310.0,2.5,0.003,0.0,0.088,0.00175,0.0040999999999999,4
nuts,"ginkgo nuts, raw",Nut and Seed,182.0,4.32,1.68,37.6,0.0,0.0,0.328,15.0,0.0,6.0,0.09,0.22,2.0,1.0,27.0,0.113,124.0,0.34,0.028,0.0,0.054,0.000274,0.0,0
nuts,"ginkgo nuts, dried",Nut and Seed,348.0,10.35,2.0,72.45,0.0,0.0,0.641,29.3,0.0,11.732,0.176,0.43,20.0,1.6,53.0,0.22,269.0,0.67,0.055,0.0,0.106,0.000536,0.0,3
nuts,"ginkgo nuts, canned",Nut and Seed,111.0,2.29,1.62,22.1,0.0,9.3,0.198,9.1,0.0,3.623,0.054,0.133,4.0,0.29,16.0,0.068,54.0,0.21,0.017,0.0,0.033,0.000166,0.0005,0
nuts,"hickorynuts, dried",Nut and Seed,657.0,12.72,64.37,18.25,0.0,6.4,0.192,2.0,0.0,0.907,0.131,0.867,61.0,2.12,173.0,4.61,336.0,4.31,0.007,0.0,0.04,0.0007379999999999,0.0081,4
nuts,"macadamia nuts, raw",Nut and Seed,718.0,7.91,75.77,13.82,4.57,8.6,0.275,1.2,0.54,2.473,0.162,1.195,85.0,3.69,130.0,4.131,188.0,1.3,0.0,0.0,0.011,0.000756,0.0036,4
nuts,"macadamia nuts, dry roasted, without salt added",Nut and Seed,718.0,7.79,76.08,13.38,4.14,8.0,0.359,0.7,0.57,2.274,0.087,0.71,70.0,2.65,118.0,3.036,198.0,1.29,0.0,0.0,0.01,0.00057,0.0116999999999999,4
nuts,"mixed nuts, dry roasted, with peanuts, without salt added",Nut and Seed,594.0,17.3,51.45,25.35,0.0,9.0,0.296,0.4,0.0,4.7,0.2,0.2,70.0,3.7,225.0,1.937,435.0,3.8,0.001,0.0,0.05,0.001279,0.0,4
nuts,"mixed nuts, oil roasted, with peanuts, without salt added",Nut and Seed,607.0,20.04,53.95,21.05,4.15,7.0,0.352,0.5,7.82,7.709,0.196,0.189,117.0,2.61,229.0,2.04,456.0,3.36,0.0,0.0,0.083,0.000907,0.0339,4
nuts,"mixed nuts, oil roasted, without peanuts, without salt added",Nut and Seed,615.0,15.52,56.17,22.27,0.0,5.5,0.18,0.5,0.0,1.964,0.486,0.504,106.0,2.57,251.0,1.547,449.0,4.66,0.001,0.0,0.056,0.001795,0.0,4
nuts,"formulated, wheat-based, unflavored, with salt added",Nut and Seed,622.0,13.82,57.7,23.68,0.0,5.2,0.394,0.1,0.0,1.5,0.3,0.3,26.0,2.4,58.0,7.919,371.0,2.94,0.0,0.0,0.142,0.0001799999999999,0.0,4
nuts,pecans,Nut and Seed,691.0,9.17,71.97,13.86,3.97,9.6,0.21,1.1,1.4,1.167,0.13,0.66,70.0,2.53,121.0,4.5,277.0,4.53,0.003,0.0,0.022,0.0012,0.0038,4
nuts,"pecans, dry roasted, without salt added",Nut and Seed,710.0,9.5,74.27,13.55,4.06,9.4,0.187,0.7,1.3,1.167,0.107,0.45,72.0,2.8,132.0,3.933,293.0,5.07,0.007,0.0,0.016,0.001167,0.004,4
nuts,"pecans, oil roasted, without salt added",Nut and Seed,715.0,9.2,75.23,13.01,3.97,9.5,0.187,0.7,2.53,1.2,0.11,0.473,67.0,2.47,121.0,3.7,263.0,4.47,0.005,0.0,0.015,0.0012,0.006,4
nuts,"pilinuts, dried",Nut and Seed,719.0,10.8,79.55,3.98,0.0,0.0,0.115,0.6,0.0,0.519,0.093,0.913,145.0,3.53,302.0,2.313,575.0,2.97,0.002,0.0,0.06,0.000958,0.0,4
nuts,"pine nuts, dried",Nut and Seed,673.0,13.69,68.37,13.08,3.59,3.7,0.094,0.8,9.33,4.387,0.227,0.364,16.0,5.53,251.0,8.802,575.0,6.45,0.001,0.0,0.034,0.001324,0.0007,4
nuts,"pine nuts, pinyon, dried",Nut and Seed,629.0,11.57,60.98,19.3,0.0,10.7,0.111,2.0,0.0,4.37,0.223,1.243,8.0,3.06,234.0,4.333,35.0,4.28,0.001,0.0,0.058,0.001035,0.0,4
nuts,"pistachio nuts, raw",Nut and Seed,562.0,20.27,45.39,27.51,7.66,10.3,1.7,5.6,2.3,1.3,0.16,0.87,105.0,3.92,121.0,1.2,490.0,2.2,0.021,0.0,0.051,0.0013,0.007,4
nuts,"pistachio nuts, dry roasted, without salt added",Nut and Seed,567.0,20.95,44.82,29.38,7.74,9.9,1.122,3.0,2.42,1.373,0.234,0.695,107.0,4.03,109.0,1.243,469.0,2.34,0.013,0.0,0.051,0.0012929999999999,0.01,3
nuts,"walnuts, black, dried",Nut and Seed,619.0,24.06,59.33,9.58,1.1,6.8,0.583,1.7,2.08,0.47,0.13,0.057,61.0,3.12,201.0,3.896,513.0,3.37,0.002,0.0,0.031,0.00136,0.017,4
nuts,"walnuts, english",Nut and Seed,654.0,15.23,65.21,13.71,2.61,6.7,0.537,1.3,0.7,1.125,0.15,0.341,98.0,2.91,158.0,3.414,346.0,3.09,0.001,0.0,0.098,0.001586,0.0049,4
nuts,"walnuts, glazed",Nut and Seed,500.0,8.28,35.71,47.59,32.14,3.6,0.0,0.0,0.0,0.0,0.0,0.0,71.0,1.29,0.0,0.0,0.0,0.0,0.0,0.0,0.0,0.0,0.0,1
seeds,"breadfruit seeds, roasted",Nut and Seed,207.0,6.2,2.7,40.1,0.0,6.0,0.42,7.6,0.0,7.4,0.24,0.41,86.0,0.9,62.0,0.163,175.0,1.03,0.015,0.0,0.059,0.001321,0.0,3
seeds,"cottonseed kernels, roasted (glandless)",Nut and Seed,506.0,32.59,36.29,21.9,0.0,5.5,0.782,9.0,0.0,3.0,0.255,0.75,100.0,5.4,440.0,2.181,800.0,6.0,0.022,0.0,0.233,0.0012,0.0,2
seeds,"pumpkin and squash seeds, whole, roasted, without salt",Nut and Seed,446.0,18.55,19.4,53.75,0.0,18.4,0.037,0.3,0.0,0.286,0.052,0.034,55.0,3.31,262.0,0.496,92.0,10.3,0.003,0.0,0.009,0.00069,0.0,3
seeds,"sesame butter, tahini, from roasted and toasted kernels (most common type)",Nut and Seed,595.0,17.0,53.76,21.19,0.49,9.3,0.149,0.0,0.25,5.45,0.473,1.22,426.0,8.95,95.0,1.456,732.0,4.62,0.003,0.0,0.098,0.00161,0.0344,4
nuts,"chestnuts, european, roasted",Nut and Seed,245.0,3.17,2.2,52.96,10.6,5.1,0.497,26.0,0.5,1.342,0.175,0.243,29.0,0.91,33.0,1.18,107.0,0.57,0.001,0.0,0.07,0.000507,0.0012,3
seeds,"sesame butter, paste",Nut and Seed,586.0,18.08,50.87,24.05,0.0,5.5,0.816,0.0,0.0,6.7,0.2,0.24,960.0,19.2,362.0,2.54,659.0,7.29,0.003,0.0,0.1,0.004214,0.0355,4
seeds,"sesame flour, high-fat",Nut and Seed,526.0,30.78,37.1,26.62,0.0,0.0,0.152,0.0,0.0,13.369,0.286,2.684,159.0,15.17,361.0,1.489,807.0,10.67,0.003,0.0,0.031,0.00152,0.0,2
seeds,"sesame butter, tahini, from unroasted kernels (non-chemically removed seed coat)",Nut and Seed,607.0,17.95,56.44,17.89,0.0,9.3,0.149,0.0,0.0,5.644,0.12,1.587,141.0,6.35,353.0,1.457,790.0,10.45,0.003,0.0,0.098,0.001488,0.0,4
seeds,"watermelon seed kernels, dried",Nut and Seed,557.0,28.33,47.37,15.31,0.0,0.0,0.089,0.0,0.0,3.55,0.145,0.19,54.0,7.28,515.0,1.614,755.0,10.24,0.0,0.0,0.058,0.000686,0.0,4
nuts,"chestnuts, japanese, dried",Nut and Seed,360.0,5.25,1.24,81.43,0.0,0.0,0.659,61.3,0.0,3.5,0.38,0.802,72.0,3.38,115.0,3.711,169.0,2.57,0.004,0.0,0.109,0.001312,0.0,3
nuts,"coconut milk, frozen (liquid expressed from grated meat and water)",Nut and Seed,202.0,1.61,20.8,5.58,0.0,0.0,0.03,1.1,0.0,0.671,0.0,0.023,4.0,0.81,32.0,0.809,59.0,0.59,0.0,0.0,0.014,0.000235,0.0,0
nuts,"coconut meat, dried (desiccated), creamed",Nut and Seed,684.0,5.3,69.08,21.52,0.0,0.0,0.304,1.5,0.0,0.611,0.101,0.061,26.0,3.36,92.0,2.783,209.0,2.04,0.0,0.0,0.009,0.000807,0.0,4
nuts,"coconut meat, dried (desiccated), sweetened, shredded",Nut and Seed,501.0,2.88,35.49,47.67,43.17,4.5,0.271,0.7,0.39,0.474,0.02,0.031,15.0,1.92,50.0,2.475,107.0,1.82,0.0,0.0,0.008,0.000313,0.0167,1
seeds,"sisymbrium sp. seeds, whole, dried",Nut and Seed,318.0,12.14,4.6,58.26,0.0,0.0,0.778,30.7,0.0,16.825,0.423,0.191,1633.0,0.11,314.0,1.512,6.0,0.3,0.003,0.0,0.095,0.00011,0.0,3
nuts,"almond butter, plain, without salt added",Nut and Seed,614.0,20.96,55.5,18.82,4.43,10.3,0.103,0.0,24.21,3.155,0.939,0.041,347.0,3.49,279.0,2.131,508.0,3.29,0.0,0.0,0.053,0.000934,0.0024,4
seeds,"sesame butter, tahini, from raw and stone ground kernels",Nut and Seed,570.0,17.81,48.0,26.19,0.0,9.3,0.149,0.0,0.0,5.925,0.51,1.283,420.0,2.51,96.0,1.457,752.0,4.64,0.003,0.0,0.098,0.001618,0.0,4
nuts,"formulated, wheat-based, all flavors except macadamia, without salt",Nut and Seed,647.0,13.11,62.3,20.79,0.0,5.2,0.348,0.1,0.0,1.5,0.3,0.4,22.0,2.6,59.0,6.949,366.0,2.96,0.0,0.0,0.125,0.0001809999999999,0.0,4
seeds,"sesame seed kernels, dried (decorticated)",Nut and Seed,631.0,20.45,61.21,11.73,0.48,11.6,0.4,0.0,1.68,5.8,0.09,0.699,60.0,6.36,345.0,1.44,667.0,6.73,0.003,0.0,0.115,0.0014,0.0344,4
nuts,"chestnuts, japanese, raw",Nut and Seed,154.0,2.25,0.53,34.91,0.0,0.0,0.283,26.3,0.0,1.5,0.163,0.344,31.0,1.45,49.0,1.591,72.0,1.1,0.002,0.0,0.047,0.000562,0.0,0
nuts,"chestnuts, japanese, boiled and steamed",Nut and Seed,56.0,0.82,0.19,12.64,0.0,0.0,0.102,9.5,0.0,0.543,0.059,0.125,11.0,0.53,18.0,0.576,26.0,0.4,0.001,0.0,0.017,0.000204,0.0,0
nuts,"chestnuts, japanese, roasted",Nut and Seed,201.0,2.97,0.8,45.13,0.0,0.0,0.418,28.0,0.0,0.7,0.0,0.45,35.0,2.1,64.0,2.065,93.0,1.43,0.004,0.0,0.059,0.00073,0.0,0
seeds,"lotus seeds, raw",Nut and Seed,89.0,4.13,0.53,17.28,0.0,0.0,0.168,0.0,0.0,0.429,0.04,0.171,44.0,0.95,56.0,0.621,168.0,0.28,0.001,0.0,0.028,9.4e-05,0.0,0
nuts,"almonds, honey roasted, unblanched",Nut and Seed,594.0,18.17,49.9,27.9,0.0,13.7,0.085,0.7,0.0,2.819,0.953,0.114,263.0,2.83,240.0,2.003,400.0,2.6,0.0,0.0,0.032,0.0009699999999999,0.0,4
seeds,flaxseed,Nut and Seed,534.0,18.29,42.16,28.88,1.55,27.3,0.473,0.6,0.31,3.08,0.161,1.644,255.0,5.73,392.0,2.482,642.0,4.34,0.0,0.0,0.087,0.00122,0.0254,3
seeds,"pumpkin and squash seed kernels, roasted, with salt added",Nut and Seed,574.0,29.84,49.05,14.71,1.29,6.5,0.1,1.8,0.56,4.43,0.15,0.07,52.0,8.07,550.0,4.49,1174.0,7.64,0.0,0.0,0.057,0.0012749999999999,0.0094,4
seeds,"sesame seed kernels, toasted, with salt added (decorticated)",Nut and Seed,567.0,16.96,48.0,26.04,0.48,16.9,0.146,0.0,0.25,5.438,0.466,1.205,131.0,7.78,346.0,1.427,774.0,10.23,0.003,0.0,0.096,0.001457,0.0344,3
seeds,"sunflower seed kernels from shell, dry roasted, with salt added",Nut and Seed,546.0,19.33,49.8,15.31,2.73,9.0,0.804,1.4,26.1,7.042,0.246,0.106,70.0,3.8,129.0,2.11,1155.0,5.29,0.0,0.0,0.237,0.00183,0.0793,4
seeds,"sunflower seed kernels, dry roasted, with salt added",Nut and Seed,582.0,19.33,49.8,24.07,2.73,9.0,0.804,1.4,26.1,7.042,0.246,0.106,70.0,3.8,129.0,2.11,1155.0,5.29,0.0,0.0,0.237,0.00183,0.0793,4
seeds,"sunflower seed kernels, oil roasted, with salt added",Nut and Seed,592.0,20.06,51.3,22.89,3.11,10.6,0.792,1.1,36.33,4.13,0.28,0.32,87.0,4.28,127.0,2.08,1139.0,5.21,0.0,0.0,0.234,0.001804,0.0782,4
seeds,"sunflower seed kernels, toasted, with salt added",Nut and Seed,619.0,17.21,56.8,20.59,0.0,11.5,0.805,1.4,0.0,4.198,0.285,0.325,57.0,6.81,129.0,2.114,1158.0,5.3,0.0,0.0,0.238,0.001834,0.0622,4
seeds,"sunflower seed butter, with salt added",Nut and Seed,617.0,17.28,55.2,23.32,10.54,5.7,0.55,2.7,22.89,6.747,0.163,0.053,64.0,4.12,311.0,2.073,666.0,4.89,0.0,0.0,0.237,0.001597,0.1044,4
nuts,"almonds, dry roasted, with salt added",Nut and Seed,598.0,20.96,52.54,21.01,4.86,10.9,0.136,0.0,23.9,3.637,1.197,0.077,268.0,3.73,279.0,2.232,471.0,3.31,0.0,0.0,0.055,0.001099,0.002,4
nuts,"almonds, oil roasted, with salt added",Nut and Seed,607.0,21.23,55.17,17.68,4.55,10.5,0.118,0.0,25.97,3.665,0.781,0.092,291.0,3.68,274.0,2.46,466.0,3.07,0.0,0.0,0.027,0.000955,0.0040999999999999,4
nuts,"almonds, oil roasted, with salt added, smoke flavor",Nut and Seed,607.0,21.43,55.89,17.86,3.57,10.7,0.0,0.0,25.13,0.0,0.0,0.0,286.0,3.86,286.0,0.0,0.0,0.0,0.0,0.0,0.0,0.0,0.0,4
nuts,"cashew nuts, dry roasted, with salt added",Nut and Seed,574.0,15.31,46.35,32.69,5.01,3.0,0.256,0.0,0.92,1.4,0.2,0.2,45.0,6.0,260.0,0.826,490.0,5.6,0.0,0.0,0.069,0.00222,0.0116999999999999,4
nuts,"cashew nuts, oil roasted, with salt added",Nut and Seed,581.0,16.84,47.77,30.16,5.01,3.3,0.323,0.3,0.92,1.736,0.218,0.363,43.0,6.05,273.0,1.668,531.0,5.35,0.0,0.0,0.025,0.002043,0.0203,4
nuts,"cashew butter, plain, with salt added",Nut and Seed,609.0,12.12,53.03,30.3,9.09,3.0,0.203,0.0,5.08,1.108,0.159,0.158,61.0,4.91,206.0,0.0,388.0,4.43,0.0,0.0,0.055,0.001758,0.0093,4
nuts,"macadamia nuts, dry roasted, with salt added",Nut and Seed,716.0,7.79,76.08,12.83,4.14,8.0,0.359,0.7,0.57,2.274,0.087,0.71,70.0,2.65,118.0,3.036,198.0,1.29,0.0,0.0,0.01,0.00057,0.0116999999999999,4
nuts,"mixed nuts, dry roasted, with peanuts, with salt added",Nut and Seed,594.0,17.3,51.45,25.35,4.8,9.0,0.296,0.4,10.94,4.7,0.2,0.2,70.0,3.7,225.0,1.937,435.0,3.8,0.0,0.0,0.05,0.001279,0.0075,4
nuts,"mixed nuts, oil roasted, with peanuts, with salt added",Nut and Seed,607.0,20.04,53.95,21.05,4.15,7.0,0.352,0.5,7.82,7.709,0.196,0.189,117.0,2.61,229.0,2.04,456.0,3.36,0.0,0.0,0.083,0.000907,0.0339,4
nuts,"mixed nuts, oil roasted, without peanuts, with salt added",Nut and Seed,615.0,15.52,56.17,22.27,4.38,5.5,0.18,0.5,8.2,1.964,0.486,0.504,106.0,2.57,251.0,1.547,449.0,4.66,0.0,0.0,0.056,0.001795,0.4215,4
nuts,"pecans, dry roasted, with salt added",Nut and Seed,710.0,9.5,74.27,13.55,4.06,9.4,0.187,0.7,1.3,1.167,0.107,0.45,72.0,2.8,132.0,3.933,293.0,5.07,0.007,0.0,0.016,0.001167,0.004,4
nuts,"pecans, oil roasted, with salt added",Nut and Seed,715.0,9.2,75.23,13.01,3.97,9.5,0.187,0.7,2.53,1.2,0.11,0.473,67.0,2.47,121.0,3.7,263.0,4.47,0.005,0.0,0.015,0.0012,0.006,4
nuts,"pistachio nuts, dry roasted, with salt added",Nut and Seed,564.0,20.95,44.82,28.66,7.74,9.9,1.122,3.0,2.42,1.373,0.234,0.695,107.0,4.03,109.0,1.243,469.0,2.34,0.013,0.0,0.051,0.0012929999999999,0.01,3
seeds,"pumpkin and squash seeds, whole, roasted, with salt added",Nut and Seed,446.0,18.55,19.4,53.75,0.0,18.4,0.037,0.3,0.0,0.286,0.052,0.034,55.0,3.31,262.0,0.496,92.0,10.3,0.003,0.0,0.009,0.00069,0.0,3
nuts,"almonds, oil roasted, lightly salted",Nut and Seed,607.0,21.23,55.17,17.68,4.55,10.5,0.118,0.0,25.97,3.665,0.781,0.092,291.0,3.68,274.0,2.46,466.0,3.07,0.0,0.0,0.0,0.000955,0.0040999999999999,4
nuts,"almond butter, plain, with salt added",Nut and Seed,614.0,20.96,55.5,18.82,6.27,10.3,0.103,0.0,24.21,3.155,0.939,0.041,347.0,3.49,279.0,2.131,508.0,3.29,0.0,0.0,0.053,0.000934,0.0024,4
seeds,"sesame butter, tahini, type of kernels unspecified",Nut and Seed,592.0,17.4,53.01,21.5,0.0,4.7,0.15,4.2,0.0,5.64,0.12,1.59,141.0,4.42,95.0,0.0,790.0,4.62,0.003,0.0,0.098,0.00161,0.0344,4
nuts,"mixed nuts, oil roasted, with peanuts, lightly salted",Nut and Seed,607.0,20.04,53.95,21.05,4.15,7.0,0.352,0.5,7.82,7.709,0.196,0.189,117.0,2.61,229.0,2.04,456.0,3.36,0.0,0.0,0.083,0.000907,0.0339,4
nuts,"mixed nuts, oil roasted, without peanuts, lightly salted",Nut and Seed,607.0,17.86,50.0,25.0,5.21,7.1,0.357,0.6,7.68,2.0,0.321,0.357,130.0,5.18,275.0,2.143,433.0,4.57,0.001,0.0,0.0,0.001679,0.1391,4
beef,"grass-fed, strip steaks, lean only, raw",Beef,117.0,23.07,2.69,0.0,0.0,0.0,0.651,0.0,0.22,6.703,0.124,0.052,9.0,1.85,23.0,0.009,212.0,3.61,0.0,0.00127,0.013,6.8e-05,0.0211,2
beef,"carcass, separable lean and fat, choice, raw",Beef,291.0,17.32,24.05,0.0,0.0,0.0,0.33,0.0,0.0,3.54,0.16,0.08,8.0,1.83,17.0,0.013,154.0,3.57,0.0,0.00267,0.007,6.900000000000001e-05,0.0181,2
beef,"carcass, separable lean and fat, select, raw",Beef,278.0,17.48,22.55,0.0,0.0,0.0,0.33,0.0,0.0,3.54,0.17,0.08,8.0,1.85,17.0,0.013,156.0,3.59,0.0,0.00269,0.007,6.900000000000001e-05,0.0159,2
beef,"retail cuts, separable fat, raw",Beef,674.0,8.21,70.89,0.0,0.0,0.0,0.108,0.0,0.0,1.437,0.037,0.03,26.0,0.72,5.0,0.0,61.0,0.82,0.0,0.00073,0.0,2.8e-05,0.0066,4
beef,"retail cuts, separable fat, cooked",Beef,680.0,10.65,70.33,0.0,0.0,0.0,0.14,0.0,0.0,1.528,0.046,0.03,19.0,1.08,6.0,0.0,64.0,1.24,0.0,0.0009,0.0,4e-05,0.0083,4
beef,"brisket, whole, separable lean only, all grades, raw",Beef,155.0,20.72,7.37,0.0,0.0,0.0,0.42,0.0,0.32,3.94,0.17,0.1,5.0,1.92,23.0,0.014,201.0,4.31,0.0,0.00243,0.007,8e-05,0.0163999999999999,2
beef,"grass-fed, ground, raw",Beef,192.0,19.42,12.73,0.0,0.0,0.0,0.355,0.0,0.35,4.818,0.154,0.049,12.0,1.99,19.0,0.01,175.0,4.55,0.0,0.00197,0.006,6.3e-05,0.0141999999999999,2
beef,"brisket, flat half, separable lean and fat, trimmed to 1/8"" fat, select, cooked, braised",Beef,280.0,28.97,17.37,0.0,0.0,0.0,0.285,0.0,0.5,4.175,0.158,0.063,17.0,2.4,19.0,0.01,180.0,6.92,0.0,0.0019199999999999,0.009,8.999999999999999e-05,0.0281,2
beef,"flank, steak, separable lean and fat, trimmed to 0"" fat, choice, raw",Beef,165.0,21.22,8.29,0.0,0.0,0.0,0.571,0.0,0.33,6.842,0.09,0.056,27.0,1.55,22.0,0.013,193.0,3.81,0.0,0.0011799999999999,0.012,7.099999999999999e-05,0.0233,2
beef,"flank, steak, separable lean and fat, trimmed to 0"" fat, choice, cooked, braised",Beef,263.0,26.98,16.44,0.0,0.0,0.0,0.35,0.0,0.69,4.42,0.18,0.14,6.0,3.33,23.0,0.018,256.0,5.77,0.0,0.0033,0.009,0.0001189999999999,0.0304,2
beef,"flank, steak, separable lean and fat, trimmed to 0"" fat, choice, cooked, broiled",Beef,202.0,27.55,9.31,0.0,0.0,0.0,0.549,0.0,0.39,7.471,0.121,0.069,18.0,1.8,22.0,0.009,201.0,4.79,0.0,0.00182,0.009,8.8e-05,0.0289,2
beef,"flank, steak, separable lean only, trimmed to 0"" fat, choice, raw",Beef,149.0,21.72,6.29,0.0,0.0,0.0,0.596,0.0,0.31,7.353,0.106,0.06,28.0,1.62,23.0,0.014,204.0,4.12,0.0,0.0011799999999999,0.013,7.199999999999999e-05,0.0254,2
beef,"flank, steak, separable lean only, trimmed to 0"" fat, choice, cooked, braised",Beef,237.0,28.02,13.0,0.0,0.0,0.0,0.36,0.0,0.14,4.6,0.19,0.14,6.0,3.47,24.0,0.019,267.0,6.05,0.0,0.00341,0.009,0.000124,0.0308,2
beef,"flank, steak, separable lean only, trimmed to 0"" fat, choice, cooked, broiled",Beef,194.0,27.82,8.32,0.0,0.0,0.0,0.579,0.0,0.38,8.208,0.142,0.074,15.0,1.84,23.0,0.01,211.0,5.11,0.0,0.00174,0.009,8.599999999999999e-05,0.0312,2
beef,"rib, eye, small end (ribs 10-12), separable lean and fat, trimmed to 0"" fat, choice, raw",Beef,274.0,17.51,22.07,0.0,0.0,0.0,0.36,0.0,0.0,3.23,0.13,0.08,10.0,1.87,18.0,0.012,168.0,3.85,0.0,0.00311,0.005,6e-05,0.0165,2
beef,"rib, eye, small end (ribs 10-12), separable lean and fat, trimmed to 0"" fat, choice, cooked, broiled",Beef,265.0,26.58,16.76,0.0,0.0,0.0,0.53,0.0,0.47,7.209,0.117,0.066,18.0,1.8,22.0,0.009,201.0,4.79,0.0,0.00175,0.008,8.8e-05,0.0289,2
beef,"rib, eye, small end (ribs 10-12), separable lean only, trimmed to 0"" fat, choice, raw",Beef,161.0,20.13,8.3,0.0,0.0,0.0,0.42,0.0,0.0,3.74,0.15,0.09,10.0,2.18,22.0,0.014,196.0,4.66,0.0,0.00357,0.006,6.7e-05,0.0171,2
beef,"rib, eye, small end (ribs 10-12), separable lean only, trimmed to 0"" fat, choice, cooked, broiled",Beef,205.0,28.88,9.01,0.0,0.0,0.0,0.601,0.0,0.41,8.521,0.148,0.077,16.0,1.98,25.0,0.011,227.0,5.49,0.0,0.0018,0.01,9.2e-05,0.0336,2
beef,"rib, shortribs, separable lean and fat, choice, raw",Beef,388.0,14.4,36.23,0.0,0.0,0.0,0.3,0.0,0.0,2.556,0.118,0.071,9.0,1.55,14.0,0.011,137.0,3.16,0.0,0.00256,0.005,5.3e-05,0.0141999999999999,2
beef,"rib, shortribs, separable lean and fat, choice, cooked, braised",Beef,471.0,21.57,41.98,0.0,0.0,0.0,0.22,0.0,0.29,2.452,0.15,0.05,12.0,2.31,15.0,0.013,162.0,4.88,0.0,0.00262,0.005,9.9e-05,0.0208,2
beef,"rib, shortribs, separable lean only, choice, raw",Beef,173.0,19.05,10.19,0.0,0.0,0.0,0.39,0.0,0.0,3.412,0.154,0.094,8.0,2.16,22.0,0.014,190.0,4.78,0.0,0.00339,0.006,6.900000000000001e-05,0.0144,2
beef,"rib, shortribs, separable lean only, choice, cooked, braised",Beef,295.0,30.76,18.13,0.0,0.0,0.0,0.28,0.0,0.14,3.208,0.202,0.065,11.0,3.36,22.0,0.018,235.0,7.8,0.0,0.00346,0.007,0.000107,0.0221,2
beef,"round, full cut, separable lean only, trimmed to 1/4"" fat, choice, cooked, broiled",Beef,191.0,29.21,7.31,0.0,0.0,0.0,0.4,0.0,0.14,4.26,0.22,0.1,5.0,2.7,28.0,0.016,256.0,4.64,0.0,0.00317,0.01,0.000106,0.0277,2
beef,"round, full cut, separable lean only, trimmed to 1/4"" fat, select, cooked, broiled",Beef,172.0,29.25,5.22,0.0,0.0,0.0,0.41,0.0,0.0,4.27,0.22,0.1,5.0,2.71,28.0,0.016,256.0,4.66,0.0,0.00317,0.01,0.000107,0.0277,2
beef,"brisket, flat half, separable lean and fat, trimmed to 0"" fat, choice, cooked, braised",Beef,221.0,32.21,9.24,0.0,0.0,0.0,0.313,0.0,0.44,4.496,0.206,0.061,17.0,2.75,21.0,0.011,191.0,7.23,0.0,0.00262,0.01,0.000122,0.0293,2
usda commodity,"beef, canned",Beef,246.0,20.52,17.57,0.0,0.0,0.0,0.168,0.0,1.96,4.33,0.168,0.024,10.0,2.23,16.0,0.037,140.0,4.87,0.0,0.00166,0.002,3e-05,0.0091,2
beef,"shank crosscuts, separable lean only, trimmed to 1/4"" fat, choice, raw",Beef,128.0,21.75,3.85,0.0,0.0,0.0,0.47,0.0,0.0,5.74,0.22,0.1,20.0,2.32,14.0,0.014,204.0,6.94,0.0,0.00333,0.008,7.099999999999999e-05,0.0177,2
beef,"shank crosscuts, separable lean only, trimmed to 1/4"" fat, choice, cooked, simmered",Beef,201.0,33.68,6.36,0.0,0.0,0.0,0.37,0.0,0.0,5.89,0.21,0.14,32.0,3.86,30.0,0.02,263.0,10.49,0.0,0.00379,0.01,0.0001719999999999,0.03,2
beef,"short loin, porterhouse steak, separable lean only, trimmed to 1/8"" fat, choice, raw",Beef,161.0,22.13,7.39,0.0,0.0,0.0,0.647,0.0,0.13,5.412,0.275,0.051,18.0,1.98,11.0,0.003,209.0,3.61,0.0,0.0019299999999999,0.003,5.8e-05,0.023,2
beef,"short loin, porterhouse steak, separable lean only, trimmed to 1/8"" fat, choice, cooked, grilled",Beef,221.0,27.65,11.36,0.0,0.0,0.0,0.734,0.0,0.14,6.225,0.263,0.11,19.0,3.16,23.0,0.004,224.0,4.65,0.001,0.00214,0.006,7.199999999999999e-05,0.029,2
beef,"short loin, t-bone steak, bone-in, separable lean only, trimmed to 1/8"" fat, choice, raw",Beef,160.0,22.1,7.27,0.0,0.0,0.0,0.634,0.0,0.28,5.765,0.225,0.051,21.0,1.65,11.0,0.003,196.0,3.86,0.0,0.00179,0.004,6.1e-05,0.0225,2
beef,"short loin, t-bone steak, bone-in, separable lean only, trimmed to 1/8"" fat, choice, cooked, grilled",Beef,217.0,27.48,11.05,0.0,0.0,0.0,0.758,0.0,0.14,6.292,0.27,0.057,19.0,3.57,20.0,0.004,210.0,4.69,0.001,0.00189,0.007,7.9e-05,0.0304,2
beef,"rib eye, small end (ribs 10-12), separable lean only, trimmed to 0"" fat, select, raw",Beef,149.0,21.17,6.57,0.0,0.0,0.0,0.302,0.0,0.0,3.624,0.166,0.076,10.0,1.94,20.0,0.012,157.0,5.28,0.0,0.0025099999999999,0.006,7.6e-05,0.0165,2
beef,"chuck, under blade pot roast, boneless, separable lean only, trimmed to 0"" fat, all grades, cooked, braised",Beef,216.0,30.54,10.46,0.0,0.0,0.0,0.318,0.0,0.08,3.874,0.247,0.07,14.0,3.19,22.0,0.016,206.0,11.32,0.002,0.00339,0.008,0.000101,0.0355,2
beef,"chuck, under blade pot roast or steak, boneless, separable lean only, trimmed to 0"" fat, all grades, raw",Beef,140.0,21.13,6.07,0.31,0.0,0.0,0.426,0.0,0.18,4.332,0.191,0.08,12.0,2.34,22.0,0.013,202.0,7.79,0.002,0.00311,0.003,7.8e-05,0.0257,2
beef,"chuck, under blade pot roast or steak, boneless, separable lean only, trimmed to 0"" fat, choice, raw",Beef,145.0,21.19,6.51,0.39,0.0,0.0,0.406,0.0,0.17,4.29,0.192,0.08,12.0,2.27,22.0,0.013,200.0,7.82,0.002,0.00326,0.004,8.1e-05,0.0243999999999999,2
beef,"ground, patties, frozen, cooked, broiled",Beef,295.0,23.05,21.83,0.0,0.0,0.0,0.435,0.0,0.0,5.305,0.176,0.03,11.0,2.42,19.0,0.022,174.0,4.84,0.0,0.00265,0.021,7.7e-05,0.0215,2
beef,"variety meats and by-products, brain, raw",Beef,143.0,10.86,10.3,1.05,0.0,0.0,0.226,10.7,0.99,3.55,0.199,0.092,43.0,2.55,13.0,0.026,362.0,1.02,0.007,0.00951,0.003,0.000287,0.0213,0
beef,"variety meats and by-products, brain, cooked, pan-fried",Beef,196.0,12.57,15.83,0.0,0.0,0.0,0.39,3.3,0.0,3.78,0.26,0.13,9.0,2.22,15.0,0.032,386.0,1.35,0.0,0.0152,0.006,0.00022,0.026,2
beef,"variety meats and by-products, brain, cooked, simmered",Beef,151.0,11.67,10.53,1.48,0.0,0.0,0.143,10.5,1.67,3.62,0.217,0.069,9.0,2.3,12.0,0.028,335.0,1.09,0.006,0.0101,0.005,0.00023,0.0218,2
beef,"variety meats and by-products, heart, raw",Beef,112.0,17.72,3.94,0.14,0.0,0.0,0.279,2.0,0.22,7.53,0.906,0.238,7.0,4.31,21.0,0.035,212.0,1.7,0.0,0.00855,0.003,0.000396,0.0218,2
beef,"variety meats and by-products, heart, cooked, simmered",Beef,165.0,28.48,4.73,0.15,0.0,0.0,0.245,0.0,0.29,6.68,1.21,0.101,5.0,6.38,21.0,0.033,254.0,2.87,0.0,0.0108,0.005,0.000559,0.0389,2
beef,"variety meats and by-products, kidneys, raw",Beef,99.0,17.4,3.09,0.29,0.0,0.0,0.665,9.4,0.22,8.03,2.84,0.357,13.0,4.6,17.0,0.142,257.0,1.92,0.419,0.0275,0.098,0.000426,0.141,2
beef,"variety meats and by-products, kidneys, cooked, simmered",Beef,158.0,27.27,4.65,0.0,0.0,0.0,0.391,0.0,0.08,3.92,2.97,0.16,19.0,5.8,12.0,0.185,304.0,2.84,0.0,0.0249,0.083,0.0005639999999999,0.168,2
beef,"variety meats and by-products, liver, raw",Beef,135.0,20.36,3.63,3.89,0.0,0.0,1.083,1.3,0.38,13.175,2.755,0.189,5.0,4.9,18.0,0.31,387.0,4.0,4.968,0.0593,0.29,0.009755,0.0397,2
beef,"variety meats and by-products, liver, cooked, braised",Beef,191.0,29.08,5.26,5.13,0.0,0.0,1.017,1.9,0.51,17.525,3.425,0.194,6.0,6.54,21.0,0.356,497.0,5.3,9.442,0.07058,0.253,0.0142829999999999,0.0361,2
beef,"variety meats and by-products, liver, cooked, pan-fried",Beef,175.0,26.52,4.68,5.16,0.0,0.0,1.027,0.7,0.46,17.475,3.425,0.177,6.0,6.17,22.0,0.356,485.0,5.23,7.744,0.08313,0.26,0.0145879999999999,0.0327999999999999,2
beef,"variety meats and by-products, lungs, raw",Beef,92.0,16.2,2.5,0.0,0.0,0.0,0.04,38.5,0.0,4.0,0.23,0.047,10.0,7.95,14.0,0.019,224.0,1.61,0.014,0.00381,0.011,0.00026,0.0443,2
beef,"variety meats and by-products, lungs, cooked, braised",Beef,120.0,20.4,3.7,0.0,0.0,0.0,0.02,32.7,0.0,2.492,0.143,0.035,11.0,5.4,10.0,0.015,178.0,1.64,0.012,0.00259,0.008,0.000221,0.0503,2
beef,"variety meats and by-products, mechanically separated beef, raw",Beef,276.0,14.97,23.52,0.0,0.0,0.0,0.29,0.0,0.0,2.546,0.118,0.072,485.0,5.67,17.0,0.012,324.0,3.58,0.0,0.00256,0.005,5.6e-05,0.0207,2
beef,"variety meats and by-products, pancreas, raw",Beef,235.0,15.7,18.6,0.0,0.0,0.0,0.2,13.7,0.0,4.45,0.445,0.14,9.0,2.22,18.0,0.15,327.0,2.58,0.0,0.014,0.003,6e-05,0.0247,2
beef,"variety meats and by-products, pancreas, cooked, braised",Beef,271.0,27.1,17.2,0.0,0.0,0.0,0.18,20.3,0.0,3.97,0.485,0.18,16.0,2.61,21.0,0.208,453.0,4.6,0.0,0.0166,0.003,8.9e-05,0.0485,2
beef,"variety meats and by-products, spleen, raw",Beef,105.0,18.3,3.0,0.0,0.0,0.0,0.07,45.5,0.0,8.4,0.37,0.05,9.0,44.55,22.0,0.073,296.0,2.11,0.0,0.0056799999999999,0.004,0.000168,0.0622,2
beef,"variety meats and by-products, spleen, cooked, braised",Beef,145.0,25.1,4.2,0.0,0.0,0.0,0.04,50.3,0.0,5.567,0.3,0.048,12.0,39.36,19.0,0.075,305.0,2.79,0.0,0.0050199999999999,0.004,0.000924,0.0914,2
beef,"variety meats and by-products, suet, raw",Beef,854.0,1.5,94.0,0.0,0.0,0.0,0.03,0.0,1.5,0.259,0.013,0.007,2.0,0.17,1.0,0.001,15.0,0.22,0.0,0.00027,0.001,7e-06,0.0002,4
beef,"variety meats and by-products, thymus, raw",Beef,236.0,12.18,20.35,0.0,0.0,0.0,0.16,34.0,0.0,3.452,0.345,0.109,7.0,2.1,14.0,0.12,393.0,2.06,0.0,0.00213,0.002,4.8e-05,0.0181,2
beef,"variety meats and by-products, thymus, cooked, braised",Beef,319.0,21.85,24.98,0.0,0.0,0.0,0.08,30.2,0.0,1.84,0.225,0.084,10.0,1.49,10.0,0.099,364.0,2.2,0.0,0.00151,0.001,4.3e-05,0.0216,2
beef,"variety meats and by-products, tongue, raw",Beef,224.0,14.9,16.09,3.68,0.0,0.0,0.31,3.1,0.0,4.24,0.34,0.125,6.0,2.95,16.0,0.026,133.0,2.87,0.0,0.00379,0.007,0.00017,0.0094,2
beef,"variety meats and by-products, tongue, cooked, simmered",Beef,284.0,19.29,22.3,0.0,0.0,0.0,0.155,1.3,0.3,3.49,0.294,0.022,5.0,2.61,15.0,0.018,145.0,4.09,0.0,0.00313,0.007,0.000148,0.0132,2
beef,"variety meats and by-products, tripe, raw",Beef,85.0,12.07,3.69,0.0,0.0,0.0,0.014,0.0,0.09,0.881,0.064,0.0,69.0,0.59,13.0,0.085,64.0,1.42,0.0,0.00139,0.005,7.000000000000001e-05,0.0125,0
beef,"sandwich steaks, flaked, chopped, formed and thinly sliced, raw",Beef,309.0,16.5,27.0,0.0,0.0,0.0,0.246,0.0,0.21,4.583,0.154,0.039,12.0,1.86,16.0,0.017,133.0,3.63,0.0,0.00271,0.007,6.3e-05,0.013,2
beef,"brisket, flat half, separable lean only, trimmed to 0"" fat, choice, cooked, braised",Beef,212.0,32.62,8.07,0.0,0.0,0.0,0.323,0.0,0.43,4.926,0.217,0.065,14.0,2.83,21.0,0.011,198.0,7.61,0.0,0.0025299999999999,0.0,0.0001199999999999,0.0322999999999999,2
beef,"cured, breakfast strips, raw or unheated",Beef,406.0,12.5,38.8,0.7,0.0,0.0,0.17,24.0,0.0,2.97,0.12,0.06,4.0,1.23,11.0,0.01,100.0,2.39,0.0,0.00164,0.005,5.8e-05,0.0259,2
beef,"cured, breakfast strips, cooked",Beef,449.0,31.3,34.4,1.4,0.0,0.0,0.31,0.0,0.29,6.47,0.26,0.09,9.0,3.14,27.0,0.017,236.0,6.37,0.0,0.00345,0.008,0.000116,0.0268,2
beef,"cured, corned beef, brisket, raw",Beef,198.0,14.68,14.9,0.14,0.0,0.0,0.29,27.0,0.0,3.66,0.157,0.043,7.0,1.69,14.0,0.02,117.0,2.85,0.0,0.00178,0.005,0.00011,0.019,2
beef,"cured, corned beef, brisket, cooked",Beef,251.0,18.17,18.98,0.47,0.0,0.0,0.23,0.0,0.16,3.03,0.17,0.026,8.0,1.86,12.0,0.022,125.0,4.58,0.0,0.00163,0.006,0.000154,0.0327999999999999,2
beef,"cured, corned beef, canned",Sausages and Luncheon Meats,250.0,27.1,14.93,0.0,0.0,0.0,0.13,0.0,0.15,2.43,0.147,0.02,12.0,2.08,14.0,0.014,111.0,3.57,0.0,0.00162,0.009,6.4e-05,0.0429,2
beef,"cured, dried",Sausages and Luncheon Meats,153.0,31.1,1.94,2.76,2.7,0.0,0.386,0.0,0.38,5.164,0.163,0.065,8.0,2.42,19.0,0.017,181.0,4.93,0.0,0.00159,0.01,7.4e-05,0.0324,2
beef,"chuck, under blade center steak, boneless, Denver Cut, separable lean only, trimmed to 0"" fat, all grades, cooked, grilled",Beef,220.0,26.5,12.64,0.14,0.0,0.0,0.418,0.0,0.08,3.617,0.247,0.09,14.0,3.31,23.0,0.017,205.0,10.05,0.002,0.00373,0.006,0.00011,0.0301999999999999,2
beef,"chuck, under blade center steak, boneless, Denver Cut, separable lean only, trimmed to 0"" fat, choice, cooked, grilled",Beef,228.0,26.49,13.42,0.28,0.0,0.0,0.399,0.0,0.09,3.6,0.243,0.09,12.0,3.32,23.0,0.017,207.0,9.85,0.001,0.0035,0.006,0.000111,0.0322999999999999,2
beef,"cured, luncheon meat, jellied",Sausages and Luncheon Meats,111.0,19.0,3.3,0.0,0.0,0.0,0.25,0.0,0.0,4.838,0.291,0.145,10.0,3.45,18.0,0.052,139.0,3.55,0.0,0.00514,0.007,0.0001199999999999,0.0163999999999999,2
beef,"chuck, under blade center steak, boneless, Denver Cut, separable lean only, trimmed to 0"" fat, select, cooked, grilled",Beef,209.0,26.53,11.46,0.0,0.0,0.0,0.461,0.0,0.07,3.71,0.25,0.09,16.0,3.37,23.0,0.017,202.0,10.4,0.002,0.00428,0.006,0.000104,0.028,2
beef,"cured, pastrami",Sausages and Luncheon Meats,147.0,21.8,5.82,0.36,0.1,0.0,0.221,0.3,0.12,4.26,0.161,0.052,10.0,2.22,17.0,0.027,175.0,4.98,0.002,0.00187,0.006,9.1e-05,0.0177,2
beef,"chuck, under blade center steak, boneless, Denver Cut, separable lean only, trimmed to 0"" fat, all grades, raw",Beef,170.0,19.42,9.99,0.49,0.0,0.0,0.405,0.0,0.14,3.287,0.197,0.08,11.0,2.42,20.0,0.014,181.0,7.58,0.002,0.0031,0.003,7.7e-05,0.0217,2
beef,"cured, sausage, cooked, smoked",Sausages and Luncheon Meats,312.0,14.11,26.91,2.42,0.0,0.0,0.11,0.0,0.0,3.19,0.14,0.05,7.0,1.76,13.0,0.009,105.0,2.8,0.0,0.00186,0.004,7.199999999999999e-05,0.0146,2
beef,"cured, smoked, chopped beef",Sausages and Luncheon Meats,133.0,20.19,4.42,1.86,0.0,0.0,0.35,0.0,0.0,4.577,0.175,0.083,8.0,2.85,21.0,0.029,181.0,3.93,0.0,0.00173,0.008,2.6e-05,0.0197,2
beef,"chuck, under blade center steak, boneless, Denver Cut, separable lean only, trimmed to 0"" fat, choice, raw",Beef,178.0,19.23,10.96,0.67,0.0,0.0,0.407,0.0,0.15,3.347,0.2,0.08,12.0,2.4,20.0,0.014,180.0,7.47,0.002,0.00295,0.003,7.6e-05,0.022,2
beef,"cured, thin-sliced beef",Sausages and Luncheon Meats,176.0,28.11,3.84,5.71,0.0,0.0,0.34,0.0,0.0,5.27,0.19,0.08,11.0,2.7,19.0,0.038,168.0,3.98,0.0,0.00257,0.011,3.4e-05,0.0282,2
beef,"composite of trimmed retail cuts, separable lean and fat, trimmed to 0"" fat, all grades, cooked",Beef,273.0,27.33,17.37,0.0,0.0,0.0,0.33,0.0,0.18,3.68,0.22,0.08,9.0,2.73,23.0,0.016,211.0,6.06,0.0,0.0025099999999999,0.007,0.000106,0.0207,2
beef,"composite of trimmed retail cuts, separable lean and fat, trimmed to 0"" fat, choice, cooked",Beef,283.0,27.21,18.54,0.0,0.0,0.0,0.32,0.0,0.0,3.67,0.22,0.08,9.0,2.72,23.0,0.017,210.0,6.02,0.0,0.0025,0.007,0.000113,0.0205,2
beef,"composite of trimmed retail cuts, separable lean and fat, trimmed to 0"" fat, select, cooked",Beef,261.0,27.47,15.92,0.0,0.0,0.0,0.33,0.0,0.0,3.69,0.22,0.08,9.0,2.75,23.0,0.016,212.0,6.11,0.0,0.00252,0.007,0.000107,0.02,2
beef,"composite of trimmed retail cuts, separable lean only, trimmed to 0"" fat, all grades, cooked",Beef,211.0,29.88,9.28,0.0,0.0,0.0,0.35,0.0,0.14,4.0,0.24,0.09,8.0,2.99,26.0,0.019,231.0,6.78,0.0,0.00264,0.008,0.000124,0.0213,2
beef,"composite of trimmed retail cuts, separable lean only, trimmed to 0"" fat, choice, cooked",Beef,219.0,29.88,10.15,0.0,0.0,0.0,0.36,0.0,0.0,4.01,0.24,0.09,8.0,2.99,26.0,0.019,231.0,6.77,0.0,0.00265,0.008,0.000124,0.0212,2
beef,"composite of trimmed retail cuts, separable lean only, trimmed to 0"" fat, select, cooked",Beef,201.0,29.89,8.09,0.0,0.0,0.0,0.35,0.0,0.0,4.0,0.24,0.09,8.0,2.99,26.0,0.019,231.0,6.8,0.0,0.00264,0.008,0.000124,0.0206,2
beef,"brisket, whole, separable lean and fat, trimmed to 0"" fat, all grades, cooked, braised",Beef,291.0,26.79,19.52,0.0,0.0,0.0,0.27,0.0,0.19,3.37,0.2,0.07,7.0,2.53,21.0,0.015,216.0,5.96,0.0,0.00245,0.007,0.000108,0.0233,2
beef,"brisket, whole, separable lean only, trimmed to 0"" fat, all grades, cooked, braised",Beef,218.0,29.75,10.08,0.0,0.0,0.0,0.29,0.0,0.14,3.71,0.22,0.07,6.0,2.81,23.0,0.017,241.0,6.89,0.0,0.0026,0.008,0.0001189999999999,0.0245,2
beef,"brisket, flat half, separable lean and fat, trimmed to 0"" fat, all grades, cooked, braised",Beef,213.0,32.9,8.01,0.0,0.0,0.0,0.322,0.0,0.44,4.667,0.195,0.067,19.0,2.76,21.0,0.011,200.0,7.61,0.0,0.00243,0.01,0.000114,0.0308999999999999,2
beef,"brisket, flat half, separable lean only, trimmed to 0"" fat, all grades, cooked, braised",Beef,205.0,33.26,6.99,0.0,0.0,0.0,0.318,0.0,0.43,4.84,0.208,0.067,16.0,2.82,22.0,0.012,205.0,8.0,0.0,0.00242,0.011,0.000115,0.034,2
beef,"brisket, point half, separable lean and fat, trimmed to 0"" fat, all grades, cooked, braised",Beef,358.0,23.53,28.5,0.0,0.0,0.0,0.24,0.0,0.0,3.04,0.19,0.06,8.0,2.34,18.0,0.014,187.0,5.83,0.0,0.00233,0.007,9.7e-05,0.0219,2
beef,"brisket, point half, separable lean only, trimmed to 0"" fat, all grades, cooked, braised",Beef,244.0,28.05,13.8,0.0,0.0,0.0,0.28,0.0,0.0,3.57,0.23,0.07,6.0,2.79,22.0,0.017,226.0,7.39,0.0,0.00258,0.008,0.000115,0.0235,2
beef,"chuck, arm pot roast, separable lean and fat, trimmed to 0"" fat, all grades, cooked, braised",Beef,297.0,28.94,19.17,0.0,0.0,0.0,0.283,0.0,0.51,4.105,0.171,0.059,16.0,2.42,19.0,0.01,174.0,6.66,0.0,0.00213,0.009,9.9e-05,0.027,2
beef,"chuck, arm pot roast, separable lean and fat, trimmed to 0"" fat, select, cooked, braised",Beef,283.0,29.23,17.56,0.0,0.0,0.0,0.288,0.0,0.5,4.213,0.159,0.063,17.0,2.38,19.0,0.01,178.0,6.87,0.0,0.0019299999999999,0.009,8.999999999999999e-05,0.0278999999999999,2
beef,"chuck, arm pot roast, separable lean only, trimmed to 0"" fat, choice, cooked, braised",Beef,212.0,33.36,7.67,0.0,0.0,0.0,0.33,0.0,0.44,5.039,0.222,0.067,14.0,2.89,22.0,0.012,202.0,7.79,0.0,0.00259,0.011,0.000123,0.033,2
beef,"chuck, arm pot roast, separable lean only, trimmed to 0"" fat, select, cooked, braised",Beef,195.0,33.37,5.8,0.0,0.0,0.0,0.309,0.0,0.4,4.829,0.205,0.071,17.0,2.77,22.0,0.012,207.0,8.09,0.0,0.00225,0.011,0.000108,0.0378999999999999,2
beef,"chuck, under blade pot roast, boneless, separable lean and fat, trimmed to 0"" fat, choice, cooked, braised",Beef,306.0,26.39,21.48,0.0,0.0,0.0,0.296,0.0,0.09,3.636,0.214,0.066,14.0,2.68,19.0,0.012,174.0,9.05,0.008,0.0031,0.0,8.2e-05,0.0303,2
beef,"chuck, under blade pot roast, boneless, separable lean and fat, trimmed to 0"" fat, select, cooked, braised",Beef,288.0,27.17,19.02,0.0,0.0,0.0,0.292,0.0,0.06,3.465,0.211,0.066,14.0,2.67,20.0,0.012,171.0,9.28,0.008,0.0028799999999999,0.005,9.2e-05,0.0317,2
beef,"chuck, blade roast, separable lean only, trimmed to 0"" fat, all grades, cooked, braised",Beef,253.0,31.06,13.3,0.0,0.0,0.0,0.29,0.0,0.14,2.67,0.28,0.08,13.0,3.68,23.0,0.018,235.0,10.27,0.0,0.00247,0.006,0.000148,0.0266999999999999,2
beef,"chuck, under blade pot roast, boneless, separable lean only, trimmed to 0"" fat, choice, cooked, braised",Beef,231.0,30.45,11.14,0.0,0.0,0.0,0.32,0.0,0.1,3.96,0.248,0.07,14.0,3.2,22.0,0.016,207.0,11.21,0.002,0.0035,0.007,9.6e-05,0.0348,2
beef,"chuck, under blade pot roast, boneless, separable lean only, trimmed to 0"" fat, select, cooked, braised",Beef,216.0,30.68,9.44,0.0,0.0,0.0,0.315,0.0,0.06,3.745,0.245,0.07,14.0,3.18,22.0,0.016,204.0,11.49,0.002,0.00322,0.007,0.000108,0.0365,2
beef,"rib, large end (ribs 6-9), separable lean and fat, trimmed to 0"" fat, choice, cooked, roasted",Beef,372.0,22.8,30.49,0.0,0.0,0.0,0.23,0.0,0.0,3.64,0.19,0.07,10.0,2.33,20.0,0.013,172.0,5.76,0.0,0.00233,0.007,8.8e-05,0.0212,2
beef,"rib, large end (ribs 6-9), separable lean and fat, trimmed to 0"" fat, select, cooked, roasted",Beef,331.0,23.48,25.54,0.0,0.0,0.0,0.23,0.0,0.0,3.75,0.19,0.07,9.0,2.4,20.0,0.014,177.0,6.01,0.0,0.00237,0.008,9.1e-05,0.0215,2
beef,"rib, large end (ribs 6-9), separable lean only, trimmed to 0"" fat, all grades, cooked, roasted",Beef,238.0,27.53,13.4,0.0,0.0,0.0,0.26,0.0,0.14,4.45,0.22,0.09,8.0,2.82,25.0,0.016,209.0,7.46,0.0,0.00261,0.009,0.0001049999999999,0.0228,2
beef,"rib, large end (ribs 6-9), separable lean only, trimmed to 0"" fat, choice, cooked, roasted",Beef,253.0,27.53,15.0,0.0,0.0,0.0,0.26,0.0,0.0,4.45,0.22,0.09,8.0,2.82,25.0,0.016,209.0,7.46,0.0,0.00261,0.009,0.0001049999999999,0.0228,2
beef,"rib, large end (ribs 6-9), separable lean only, trimmed to 0"" fat, select, cooked, roasted",Beef,220.0,27.53,11.4,0.0,0.0,0.0,0.26,0.0,0.0,4.45,0.22,0.09,8.0,2.82,25.0,0.016,209.0,7.46,0.0,0.00261,0.009,0.0001049999999999,0.0228,2
beef,"rib, small end (ribs 10-12), separable lean and fat, trimmed to 0"" fat, all grades, cooked, broiled",Beef,249.0,27.27,14.74,0.0,0.0,0.0,0.571,0.0,0.45,7.257,0.131,0.074,20.0,1.75,23.0,0.01,212.0,4.93,0.0,0.0016,0.008,8.2e-05,0.0295,2
beef,"rib, small end (ribs 10-12), separable lean and fat, trimmed to 0"" fat, choice, cooked, broiled",Beef,312.0,24.73,22.84,0.0,0.0,0.0,0.35,0.0,0.0,4.18,0.19,0.09,13.0,2.28,23.0,0.014,183.0,5.93,0.0,0.003,0.007,8.999999999999999e-05,0.021,2
beef,"rib, small end (ribs 10-12), separable lean and fat, trimmed to 0"" fat, select, cooked, broiled",Beef,285.0,24.91,19.79,0.0,0.0,0.0,0.35,0.0,0.0,4.22,0.19,0.09,13.0,2.3,23.0,0.014,184.0,5.98,0.0,0.0030099999999999,0.007,8.999999999999999e-05,0.0211,2
beef,"rib, small end (ribs 10-12), separable lean only, trimmed to 0"" fat, all grades, cooked, broiled",Beef,193.0,29.41,7.53,0.0,0.0,0.0,0.631,0.0,0.4,8.415,0.149,0.08,19.0,1.87,25.0,0.011,233.0,5.46,0.0,0.00164,0.01,8.7e-05,0.0343,2
beef,"rib, small end (ribs 10-12), separable lean only, trimmed to 0"" fat, choice, cooked, broiled",Beef,225.0,28.04,11.7,0.0,0.0,0.0,0.4,0.0,0.0,4.8,0.22,0.1,13.0,2.57,27.0,0.016,208.0,6.99,0.0,0.00332,0.008,0.0001,0.0219,2
beef,"rib, small end (ribs 10-12), separable lean only, trimmed to 0"" fat, select, cooked, broiled",Beef,198.0,28.04,8.7,0.0,0.0,0.0,0.4,0.0,0.0,4.8,0.22,0.1,13.0,2.57,27.0,0.016,208.0,6.99,0.0,0.00332,0.008,0.0001,0.0219,2
beef,"round, bottom round, steak, separable lean and fat, trimmed to 0"" fat, all grades, cooked, braised",Beef,223.0,33.56,8.86,0.0,0.0,0.0,0.441,0.0,0.45,5.866,0.179,0.077,8.0,2.72,22.0,0.012,208.0,5.6,0.0,0.00187,0.01,8e-05,0.0342,2
beef,"round, bottom round, roast, separable lean and fat, trimmed to 0"" fat, all grades, cooked, roasted",Beef,187.0,27.42,7.72,0.0,0.0,0.0,0.36,0.0,0.38,4.793,0.146,0.063,7.0,2.24,18.0,0.01,171.0,4.61,0.0,0.00153,0.009,6.500000000000001e-05,0.0281,2
beef,"round, bottom round, steak, separable lean and fat, trimmed to 0"" fat, choice, cooked, braised",Beef,230.0,32.73,10.0,0.0,0.0,0.0,0.43,0.0,0.46,5.918,0.184,0.068,7.0,2.71,21.0,0.011,199.0,5.41,0.0,0.00197,0.01,7.099999999999999e-05,0.0345,2
beef,"round, bottom round, roast, separable lean and fat, trimmed to 0"" fat, choice, cooked, roasted",Beef,199.0,26.76,9.37,0.0,0.0,0.0,0.352,0.0,0.39,4.839,0.15,0.056,6.0,2.2,17.0,0.009,162.0,4.41,0.0,0.00161,0.008,5.8e-05,0.0281,2
beef,"round, bottom round, steak, separable lean and fat, trimmed to 0"" fat, select, cooked, braised",Beef,217.0,34.39,7.72,0.0,0.0,0.0,0.452,0.0,0.45,5.802,0.173,0.087,9.0,2.74,22.0,0.012,216.0,5.78,0.0,0.00176,0.011,8.8e-05,0.0338,2
beef,"round, bottom round, roast, separable lean and fat, trimmed to 0"" fat, select, cooked, roasted",Beef,175.0,28.08,6.06,0.0,0.0,0.0,0.369,0.0,0.37,4.738,0.141,0.071,7.0,2.28,19.0,0.01,179.0,4.81,0.0,0.0014399999999999,0.009,7.3e-05,0.0281,2
beef,"round, bottom round, steak, separable lean only, trimmed to 0"" fat, all grades, cooked, braised",Beef,214.0,34.0,7.67,0.0,0.0,0.0,0.456,0.0,0.45,6.109,0.192,0.077,7.0,2.83,23.0,0.012,214.0,5.82,0.0,0.00188,0.011,8.400000000000001e-05,0.0382999999999999,2
beef,"round, bottom round, roast, separable lean only, trimmed to 0"" fat, all grades, cooked, roasted",Beef,177.0,27.76,6.48,0.0,0.0,0.0,0.372,0.0,0.37,4.987,0.157,0.063,6.0,2.33,19.0,0.01,176.0,4.79,0.0,0.00153,0.009,6.900000000000001e-05,0.0315,2
beef,"round, bottom round, steak, separable lean only, trimmed to 0"" fat, choice, cooked, braised",Beef,223.0,33.08,9.03,0.0,0.0,0.0,0.462,0.0,0.45,6.356,0.207,0.069,7.0,2.93,22.0,0.011,209.0,5.79,0.0,0.00195,0.011,7.8e-05,0.0378,2
beef,"round, bottom round, roast, separable lean only, trimmed to 0"" fat, choice, cooked, roasted",Beef,185.0,27.23,7.63,0.0,0.0,0.0,0.38,0.0,0.37,5.232,0.17,0.057,6.0,2.4,18.0,0.009,172.0,4.74,0.0,0.00161,0.009,6.4e-05,0.0308999999999999,2
beef,"round, bottom round, steak, separable lean only, trimmed to 0"" fat, select, cooked, braised",Beef,206.0,34.93,6.3,0.0,0.0,0.0,0.461,0.0,0.44,6.007,0.189,0.084,7.0,2.85,23.0,0.013,222.0,5.97,0.0,0.0018,0.012,9.6e-05,0.0433,2
beef,"round, bottom round roast, separable lean only, trimmed to 0"" fat, select, cooked, roasted",Beef,169.0,28.29,5.33,0.0,0.0,0.0,0.373,0.0,0.36,4.865,0.153,0.068,6.0,2.35,19.0,0.01,183.0,4.92,0.0,0.00145,0.009,7.9e-05,0.0357,2
beef,"round, eye of round roast, boneless, separable lean and fat, trimmed to 0"" fat, all grades, cooked, roasted",Beef,167.0,29.66,4.46,0.0,0.0,0.0,0.811,0.0,0.3,8.464,0.232,0.08,16.0,1.84,15.0,0.002,279.0,4.3,0.004,0.00232,0.005,5.3e-05,0.0283999999999999,2
beef,"round, eye of round roast, boneless, separable lean and fat, trimmed to 0"" fat, choice, cooked, roasted",Beef,171.0,29.79,4.83,0.0,0.0,0.0,0.817,0.0,0.31,8.581,0.231,0.08,16.0,1.86,15.0,0.001,279.0,4.32,0.004,0.00213,0.005,6.2e-05,0.0287,2
beef,"round, eye of round roast, boneless, separable lean and fat, trimmed to 0"" fat, select, cooked, roasted",Beef,162.0,29.45,3.97,0.0,0.0,0.0,0.803,0.0,0.28,8.289,0.233,0.08,16.0,1.74,14.0,0.002,280.0,4.25,0.006,0.0026,0.005,4.4e-05,0.0278999999999999,2
beef,"round, eye of round roast, boneless, separable lean only, trimmed to 0"" fat, all grades, cooked, roasted",Beef,163.0,29.85,3.9,0.0,0.0,0.0,0.815,0.0,0.3,8.506,0.233,0.08,16.0,1.84,15.0,0.002,281.0,4.33,0.001,0.00232,0.005,5.4e-05,0.0286,2
beef,"round, eye of round roast, boneless, separable lean only, trimmed to 0"" fat, choice, cooked, roasted",Beef,166.0,29.94,4.26,0.0,0.0,0.0,0.82,0.0,0.34,8.62,0.232,0.08,16.0,1.86,15.0,0.001,280.0,4.35,0.002,0.00213,0.005,6.2e-05,0.0288,2
beef,"round, eye of round roast, boneless, separable lean only, trimmed to 0"" fat, select, cooked, roasted",Beef,157.0,29.52,3.43,0.0,0.0,0.0,0.807,0.0,0.28,8.335,0.234,0.08,16.0,1.74,14.0,0.002,281.0,4.28,0.003,0.00261,0.005,4.5e-05,0.0281,2
beef,"round, tip round, roast, separable lean and fat, trimmed to 0"" fat, all grades, cooked, roasted",Beef,188.0,26.79,8.21,0.0,0.0,0.0,0.352,0.0,0.38,4.682,0.143,0.062,6.0,2.18,17.0,0.009,166.0,4.49,0.0,0.00149,0.008,6.4e-05,0.0273999999999999,2
beef,"round, tip round, roast, separable lean and fat, trimmed to 0"" fat, choice, cooked, roasted",Beef,196.0,27.01,8.9,0.0,0.0,0.0,0.355,0.0,0.39,4.884,0.152,0.056,6.0,2.22,17.0,0.009,164.0,4.44,0.0,0.00162,0.008,5.9e-05,0.0283,2
beef,"round, tip round, roast, separable lean and fat, trimmed to 0"" fat, select, cooked, roasted",Beef,181.0,26.57,7.53,0.0,0.0,0.0,0.349,0.0,0.37,4.483,0.133,0.067,7.0,2.15,18.0,0.009,169.0,4.53,0.0,0.00136,0.008,6.900000000000001e-05,0.0265,2
beef,"round, tip round, roast, separable lean only, trimmed to 0"" fat, all grades, cooked, roasted",Beef,174.0,27.53,6.2,0.0,0.0,0.0,0.369,0.0,0.35,4.945,0.155,0.062,6.0,2.3,18.0,0.01,174.0,4.73,0.0,0.00152,0.009,6.8e-05,0.0311,2
beef,"round, tip round, roast, separable lean only, trimmed to 0"" fat, choice, cooked, roasted",Beef,176.0,27.68,6.42,0.0,0.0,0.0,0.386,0.0,0.37,5.319,0.173,0.058,6.0,2.43,19.0,0.009,174.0,4.81,0.0,0.00163,0.009,6.500000000000001e-05,0.0314,2
beef,"round, tip round, roast, separable lean only, trimmed to 0"" fat, select, cooked, roasted",Beef,149.0,27.37,4.38,0.0,0.0,0.0,0.361,0.0,0.34,4.707,0.148,0.066,6.0,2.26,18.0,0.01,177.0,4.75,0.0,0.00141,0.009,7.7e-05,0.0344,2
beef,"round, top round, separable lean and fat, trimmed to 0"" fat, all grades, cooked, braised",Beef,209.0,35.62,6.31,0.0,0.0,0.0,0.28,0.0,0.15,3.76,0.25,0.07,4.0,3.27,25.0,0.018,223.0,4.5,0.0,0.00268,0.009,0.000122,0.0327,2
beef,"round, top round, separable lean and fat, trimmed to 0"" fat, choice, cooked, braised",Beef,216.0,35.62,7.09,0.0,0.0,0.0,0.28,0.0,0.0,3.76,0.25,0.07,4.0,3.27,25.0,0.018,223.0,4.5,0.0,0.00268,0.009,0.000122,0.0327,2
beef,"round, top round, separable lean and fat, trimmed to 0"" fat, select, cooked, braised",Beef,200.0,35.62,5.33,0.0,0.0,0.0,0.28,0.0,0.0,3.76,0.25,0.07,4.0,3.27,25.0,0.018,223.0,4.5,0.0,0.00268,0.009,0.000122,0.0327,2
beef,"round, top round, separable lean only, trimmed to 0"" fat, choice, cooked, braised",Beef,207.0,36.12,5.8,0.0,0.0,0.0,0.28,0.0,0.0,3.81,0.25,0.07,4.0,3.32,26.0,0.018,226.0,4.56,0.0,0.0027,0.009,0.000124,0.033,2
beef,"round, top round, separable lean only, trimmed to 0"" fat, select, cooked, braised",Beef,190.0,36.12,4.0,0.0,0.0,0.0,0.28,0.0,0.0,3.81,0.25,0.07,4.0,3.32,26.0,0.018,226.0,4.56,0.0,0.0027,0.009,0.000124,0.033,2
beef,"loin, tenderloin steak, boneless, separable lean and fat, trimmed to 0"" fat, all grades, cooked, grilled",Beef,211.0,30.5,8.91,0.0,0.0,0.0,0.687,0.0,0.14,5.61,0.395,0.062,13.0,3.24,18.0,0.009,257.0,4.21,0.007,0.0040999999999999,0.007,9.2e-05,0.0252,2
beef,"loin, tenderloin steak, boneless, separable lean and fat, trimmed to 0"" fat, choice, cooked, grilled",Beef,217.0,30.21,9.71,0.0,0.0,0.0,0.708,0.0,0.12,5.579,0.398,0.061,14.0,3.32,19.0,0.009,258.0,4.54,0.007,0.00408,0.007,8.8e-05,0.0252,2
beef,"loin, tenderloin steak, boneless, separable lean and fat, trimmed to 0"" fat, select, cooked, grilled",Beef,202.0,30.93,7.7,0.0,0.0,0.0,0.661,0.0,0.1,5.691,0.394,0.071,13.0,3.02,14.0,0.008,257.0,3.66,0.007,0.00415,0.007,9.6e-05,0.0251,2
beef,"loin, tenderloin steak, boneless, separable lean only, trimmed to 0"" fat, all grades, cooked, grilled",Beef,198.0,30.7,8.32,0.0,0.0,0.0,0.765,0.0,0.28,6.235,0.441,0.071,15.0,3.59,20.0,0.01,285.0,4.68,0.002,0.00457,0.007,0.000102,0.028,2
beef,"loin, tenderloin steak, boneless, separable lean only, trimmed to 0"" fat, choice, cooked, grilled",Beef,211.0,30.45,9.03,0.0,0.0,0.0,0.868,0.0,0.28,7.071,0.5,0.071,17.0,4.12,23.0,0.012,321.0,5.65,0.001,0.00518,0.007,0.0001089999999999,0.0314,2
beef,"loin, tenderloin steak, boneless, separable lean only, trimmed to 0"" fat, select, cooked, grilled",Beef,198.0,31.09,7.25,0.0,0.0,0.0,0.682,0.0,0.25,5.87,0.408,0.076,13.0,3.11,14.0,0.009,265.0,3.78,0.002,0.00429,0.007,9.9e-05,0.0259,2
beef,"loin, top loin steak, boneless, lip off, separable lean and fat, trimmed to 0"" fat, all grades, cooked, grilled",Beef,223.0,28.57,11.15,0.0,0.0,0.0,0.712,0.0,0.14,5.813,0.41,0.064,14.0,3.41,19.0,0.01,265.0,4.66,0.007,0.00425,0.007,8.999999999999999e-05,0.0259,2
beef,"loin, top loin steak, boneless, lip off, separable lean and fat, trimmed to 0"" fat, choice, cooked, grilled",Beef,233.0,28.19,12.51,0.0,0.0,0.0,0.714,0.0,0.16,5.622,0.401,0.061,14.0,3.37,19.0,0.01,262.0,4.61,0.007,0.00411,0.007,8.9e-05,0.0256,2
beef,"loin, top loin steak, boneless, lip off, separable lean and fat, trimmed to 0"" fat, select, cooked, grilled",Beef,207.0,29.16,9.12,0.0,0.0,0.0,0.712,0.0,0.08,6.133,0.425,0.067,14.0,3.23,15.0,0.009,274.0,3.91,0.006,0.00448,0.007,0.000103,0.0268,2
beef,"loin, top loin steak, boneless, lip off, separable lean only, trimmed to 0"" fat, all grades, cooked, grilled",Beef,202.0,29.53,8.41,0.0,0.0,0.0,0.736,0.0,0.33,5.996,0.424,0.071,14.0,3.47,20.0,0.009,275.0,4.52,0.002,0.00439,0.007,9.8e-05,0.027,2
beef,"loin, top loin steak, boneless, lip off, separable lean only, trimmed to 0"" fat, choice, cooked, grilled",Beef,211.0,29.22,9.52,0.0,0.0,0.0,0.721,0.0,0.29,5.871,0.415,0.067,14.0,3.38,19.0,0.009,268.0,4.41,0.001,0.0043,0.007,9.6e-05,0.0263,2
beef,"loin, top loin steak, boneless, lip off, separable lean only, trimmed to 0"" fat, select, cooked, grilled",Beef,189.0,29.99,6.74,0.0,0.0,0.0,0.719,0.0,0.22,6.187,0.43,0.076,14.0,3.25,15.0,0.009,277.0,3.95,0.002,0.00452,0.007,0.000104,0.0271,2
beef,"top sirloin, steak, separable lean and fat, trimmed to 0"" fat, all grades, cooked, broiled",Beef,212.0,29.33,9.67,0.0,0.0,0.0,0.614,0.0,0.42,7.807,0.141,0.079,22.0,1.89,25.0,0.01,229.0,5.33,0.0,0.00173,0.009,8.9e-05,0.0319,2
beef,"top sirloin, steak, separable lean and fat, trimmed to 0"" fat, choice, cooked, broiled",Beef,219.0,29.02,10.54,0.0,0.0,0.0,0.578,0.0,0.43,7.87,0.128,0.072,19.0,1.96,24.0,0.01,218.0,5.21,0.0,0.00191,0.009,9.5e-05,0.0315,2
beef,"top sirloin, steak, separable lean and fat, trimmed to 0"" fat, select, cooked, broiled",Beef,206.0,29.65,8.8,0.0,0.0,0.0,0.65,0.0,0.42,7.744,0.155,0.086,24.0,1.83,26.0,0.01,239.0,5.44,0.0,0.00154,0.009,8.2e-05,0.0324,2
beef,"top sirloin, steak, separable lean only, trimmed to 0"" fat, all grades, cooked, broiled",Beef,183.0,30.55,5.79,0.0,0.0,0.0,0.656,0.0,0.39,8.741,0.155,0.083,20.0,1.96,26.0,0.011,244.0,5.71,0.0,0.00171,0.01,9.1e-05,0.0358,2
beef,"top sirloin, steak, separable lean only, trimmed to 0"" fat, choice, cooked, broiled",Beef,188.0,30.29,6.55,0.0,0.0,0.0,0.63,0.0,0.4,8.937,0.155,0.08,17.0,2.07,26.0,0.011,237.0,5.75,0.0,0.00189,0.01,9.7e-05,0.0351,2
beef,"top sirloin, steak, separable lean only, trimmed to 0"" fat, select, cooked, broiled",Beef,177.0,30.8,5.03,0.0,0.0,0.0,0.681,0.0,0.39,9.001,0.163,0.088,22.0,1.92,27.0,0.011,253.0,5.7,0.0,0.00147,0.01,8.5e-05,0.0389,2
beef,"short loin, porterhouse steak, separable lean and fat, trimmed to 0"" fat, all grades, cooked, broiled",Beef,276.0,23.96,19.27,0.0,0.0,0.0,0.365,0.0,0.18,4.21,0.228,0.099,7.0,2.94,22.0,0.015,193.0,4.56,0.0,0.00218,0.007,0.00013,0.0196,2
beef,"short loin, porterhouse steak, separable lean and fat, trimmed to 0"" fat, USDA choice, cooked, broiled",Beef,283.0,23.61,20.15,0.0,0.0,0.0,0.367,0.0,0.18,4.237,0.23,0.1,7.0,2.96,22.0,0.015,194.0,4.59,0.0,0.00219,0.007,0.00013,0.0197,2
beef,"short loin, porterhouse steak, separable lean and fat, trimmed to 0"" fat, USDA select, cooked, broiled",Beef,267.0,24.47,17.98,0.0,0.0,0.0,0.361,0.0,0.19,4.171,0.226,0.098,7.0,2.91,22.0,0.015,191.0,4.51,0.0,0.00217,0.007,0.000128,0.0196,2
beef,"short loin, porterhouse steak, separable lean only, trimmed to 1/8"" fat, all grades, raw",Beef,155.0,22.32,6.6,0.0,0.0,0.0,0.689,0.0,0.26,5.377,0.257,0.054,18.0,2.07,11.0,0.003,206.0,3.58,0.002,0.00195,0.003,6.500000000000001e-05,0.022,2
beef,"short loin, porterhouse steak, separable lean only,  trimmed to 1/8"" fat, all grades, cooked, grilled",Beef,213.0,28.16,10.32,0.0,0.0,0.0,0.692,0.0,0.24,6.033,0.26,0.059,19.0,3.22,23.0,0.004,224.0,4.67,0.007,0.00216,0.007,7.3e-05,0.0282,2
beef,"short loin, porterhouse steak, separable lean only, trimmed to 0"" fat, all grades, cooked, broiled",Beef,212.0,26.07,11.18,0.0,0.0,0.0,0.4,0.0,0.14,4.63,0.25,0.11,6.0,3.24,25.0,0.016,211.0,5.06,0.0,0.00227,0.008,0.0001429999999999,0.02,2
beef,"short loin, porterhouse steak, separable lean only, trimmed to 0"" fat, choice, cooked, broiled",Beef,224.0,25.51,12.8,0.0,0.0,0.0,0.4,0.0,0.14,4.63,0.25,0.11,6.0,3.24,25.0,0.016,211.0,5.06,0.0,0.00227,0.008,0.0001429999999999,0.02,2
beef,"short loin, porterhouse steak, separable lean only, trimmed to 1/8"" fat, select, raw",Beef,145.0,22.61,5.41,0.0,0.0,0.0,0.751,0.0,0.13,5.325,0.23,0.0,19.0,2.26,11.0,0.003,200.0,3.52,0.004,0.00198,0.004,7.5e-05,0.0214,2
beef,"short loin, porterhouse steak, separable lean only, trimmed to 1/8"" fat, select, cooked, grilled",Beef,203.0,28.92,8.76,0.0,0.0,0.0,0.628,0.0,0.14,5.745,0.255,0.0,20.0,3.44,23.0,0.003,227.0,4.8,0.002,0.00219,0.007,7.6e-05,0.0277,2
beef,"short loin, porterhouse steak, separable lean only, trimmed to 0"" fat, select, cooked, broiled",Beef,194.0,26.89,8.81,0.0,0.0,0.0,0.4,0.0,0.14,4.63,0.25,0.11,6.0,3.24,25.0,0.016,211.0,5.06,0.0,0.00227,0.008,0.0001429999999999,0.02,2
beef,"short loin, t-bone steak, separable lean and fat, trimmed to 0"" fat, all grades, cooked, broiled",Beef,247.0,24.18,15.93,0.0,0.0,0.0,0.361,0.0,0.18,4.268,0.231,0.101,5.0,3.35,24.0,0.015,199.0,4.67,0.0,0.00219,0.007,0.000131,0.0109,2
beef,"short loin, t-bone steak, separable lean and fat, trimmed to 0"" fat, USDA choice, cooked, broiled",Beef,258.0,24.05,17.26,0.0,0.0,0.0,0.359,0.0,0.18,4.242,0.23,0.1,5.0,3.33,24.0,0.015,197.0,4.64,0.0,0.00219,0.007,0.000131,0.0109,2
beef,"short loin, t-bone steak, separable lean and fat, trimmed to 0"" fat, USDA select, cooked, broiled",Beef,230.0,24.38,14.0,0.0,0.0,0.0,0.364,0.0,0.17,4.305,0.233,0.102,5.0,3.38,24.0,0.015,200.0,4.72,0.0,0.0022,0.007,0.000133,0.0108,2
beef,"short loin, t-bone steak, bone-in, separable lean only, trimmed to 1/8"" fat, all grades, raw",Beef,153.0,22.22,6.5,0.0,0.0,0.0,0.638,0.0,0.26,5.751,0.215,0.054,21.0,1.66,11.0,0.003,200.0,3.88,0.002,0.00181,0.004,5.8e-05,0.0228,2
beef,"short loin, t-bone steak, bone-in, separable lean only, trimmed to 1/8"" fat, all grades, cooked, grilled",Beef,212.0,27.86,10.37,0.0,0.0,0.0,0.757,0.0,0.23,6.109,0.254,0.058,18.0,3.57,21.0,0.004,219.0,4.61,0.002,0.00196,0.007,7.3e-05,0.0293,2
beef,"short loin, t-bone steak, separable lean only, trimmed to 0"" fat, choice, cooked, broiled",Beef,198.0,25.98,9.61,0.0,0.0,0.0,0.39,0.0,0.14,4.63,0.25,0.11,4.0,3.66,26.0,0.016,215.0,5.11,0.0,0.00227,0.008,0.0001429999999999,0.01,2
beef,"short loin, t-bone steak, bone-in, separable lean only, trimmed to 1/8"" fat, select, raw",Beef,144.0,22.41,5.34,0.0,0.0,0.0,0.644,0.0,0.23,5.73,0.2,0.058,23.0,1.77,12.0,0.002,214.0,4.01,0.002,0.00184,0.004,5.4e-05,0.0218,2
beef,"short loin, t-bone steak, bone-in, separable lean only, trimmed to 1/8"" fat, select, cooked, grilled",Beef,206.0,28.45,9.35,0.0,0.0,0.0,0.754,0.0,0.24,5.835,0.23,0.061,18.0,3.65,24.0,0.004,234.0,4.47,0.002,0.00207,0.007,6.3e-05,0.0285,2
beef,"short loin, t-bone steak, separable lean only, trimmed to 0"" fat, select, cooked, broiled",Beef,177.0,26.0,7.36,0.0,0.0,0.0,0.39,0.0,0.14,4.63,0.25,0.11,4.0,3.66,26.0,0.016,215.0,5.11,0.0,0.00227,0.008,0.0001429999999999,0.01,2
beef,"brisket, flat half, separable lean only, trimmed to 0"" fat, select, cooked, braised",Beef,198.0,33.9,5.92,0.0,0.0,0.0,0.314,0.0,0.43,4.906,0.208,0.072,17.0,2.87,23.0,0.012,214.0,8.38,0.0,0.00228,0.0,0.000112,0.0392,2
beef,"round, tip round, roast, separable lean and fat, trimmed to 0"" fat, all grades, raw",Beef,151.0,20.48,7.01,0.0,0.0,0.0,0.607,0.0,0.3,6.119,0.125,0.081,19.0,1.69,22.0,0.012,194.0,3.72,0.0,0.00148,0.0,8.8e-05,0.0242,2
beef,"round, tip round, roast, separable lean and fat, trimmed to 0"" fat, choice, raw",Beef,156.0,20.16,7.73,0.0,0.0,0.0,0.595,0.0,0.3,6.127,0.139,0.077,15.0,1.78,21.0,0.012,191.0,3.68,0.0,0.00171,0.0,8.9e-05,0.0242,2
beef,"round, tip round, roast, separable lean and fat, trimmed to 0"" fat, select, raw",Beef,145.0,20.8,6.28,0.0,0.0,0.0,0.618,0.0,0.29,6.107,0.111,0.085,23.0,1.59,22.0,0.012,196.0,3.75,0.0,0.00124,0.0,8.7e-05,0.0241,2
beef,"rib, eye, small end (ribs 10- 12) separable lean only, trimmed to 0"" fat, select, cooked, broiled",Beef,182.0,29.93,6.05,0.0,0.0,0.0,0.661,0.0,0.38,8.748,0.159,0.085,21.0,1.84,26.0,0.011,242.0,5.46,0.0,0.0014299999999999,0.0,8.1e-05,0.0373,2
beef,"round, top round steak, boneless, separable lean only, trimmed to 0"" fat, all grades, cooked, grilled",Beef,162.0,30.09,3.77,0.0,0.0,0.0,0.882,0.0,0.32,8.975,0.328,0.089,18.0,3.25,17.0,0.005,306.0,5.15,0.003,0.00228,0.005,6.6e-05,0.0308,2
beef,"round, top round steak, boneless, separable lean only, trimmed to 0"" fat, choice, cooked, grilled",Beef,166.0,30.24,4.11,0.0,0.0,0.0,0.891,0.0,0.34,9.259,0.315,0.089,18.0,3.27,17.0,0.006,307.0,5.25,0.003,0.0023,0.005,6.7e-05,0.0304,2
beef,"round, top round steak, boneless, separable lean only, trimmed to 0"" fat, select, cooked, grilled",Beef,158.0,29.81,3.37,0.0,0.0,0.0,0.869,0.0,0.3,8.549,0.347,0.089,19.0,3.26,17.0,0.004,305.0,4.92,0.003,0.00226,0.005,6.6e-05,0.0315,2
beef,"ground, 70% lean meat / 30% fat, crumbles, cooked, pan-browned",Beef,263.0,25.56,17.86,0.0,0.0,0.0,0.428,0.0,0.12,4.859,0.191,0.047,41.0,2.48,20.0,0.012,202.0,5.95,0.003,0.0028,0.013,7.4e-05,0.0216,2
beef,"ground, 70% lean meat / 30% fat, loaf, cooked, baked",Beef,241.0,23.87,15.37,0.0,0.0,0.0,0.311,0.0,0.12,4.026,0.171,0.051,33.0,2.27,17.0,0.009,166.0,5.84,0.003,0.00249,0.007,7.9e-05,0.0191,2
beef,"ground, 70% lean meat / 30% fat, patty cooked, pan-broiled",Beef,238.0,22.86,15.54,0.0,0.0,0.0,0.332,0.0,0.13,5.034,0.177,0.043,37.0,2.41,20.0,0.012,194.0,5.82,0.003,0.00279,0.01,6.6e-05,0.0192,2
beef,"ground, 70% lean meat / 30% fat, patty, cooked, broiled",Beef,277.0,25.38,18.66,0.0,0.0,0.0,0.336,0.0,0.12,4.537,0.176,0.051,35.0,2.25,19.0,0.009,185.0,6.14,0.003,0.0029,0.011,6.900000000000001e-05,0.0215,2
beef,"ground, 70% lean meat / 30% fat, raw",Beef,332.0,14.35,30.0,0.0,0.0,0.0,0.278,0.0,0.17,3.382,0.151,0.044,24.0,1.64,14.0,0.009,132.0,3.57,0.004,0.00207,0.009,5e-05,0.0135,2
beef,"chuck, under blade center steak, boneless, Denver Cut, separable lean only, trimmed to 0"" fat, select, raw",Beef,157.0,19.71,8.54,0.21,0.0,0.0,0.43,0.0,0.12,3.34,0.19,0.08,11.0,2.43,20.0,0.014,186.0,7.76,0.002,0.00332,0.003,7.8e-05,0.0215,2
beef,"shoulder top blade steak, boneless, separable lean only, trimmed to 0"" fat, all grades, cooked, grilled",Beef,196.0,28.15,9.23,0.0,0.0,0.0,0.404,0.0,0.14,4.34,0.313,0.09,14.0,3.14,23.0,0.016,224.0,9.82,0.002,0.00518,0.007,0.000126,0.0314,2
beef,"shoulder top blade steak, boneless, separable lean only, trimmed to 0"" fat, choice, cooked, grilled",Beef,202.0,28.28,9.83,0.0,0.0,0.0,0.389,0.0,0.14,4.287,0.317,0.08,14.0,3.23,23.0,0.016,226.0,9.85,0.001,0.00511,0.007,0.000135,0.0312,2
beef,"shoulder top blade steak, boneless, separable lean only, trimmed to 0"" fat, select, cooked, grilled",Beef,187.0,27.96,8.34,0.0,0.0,0.0,0.399,0.0,0.12,4.51,0.31,0.1,14.0,3.07,24.0,0.016,228.0,9.88,0.002,0.00535,0.007,0.000113,0.0322999999999999,2
beef,"shoulder top blade steak, boneless, separable lean only, trimmed to 0"" fat, all grades, raw",Beef,139.0,20.36,6.42,0.0,0.0,0.0,0.407,0.0,0.18,3.89,0.26,0.095,12.0,2.51,20.0,0.011,203.0,7.63,0.002,0.00438,0.003,9.6e-05,0.0229,2
beef,"shoulder top blade steak, boneless, separable lean only, trimmed to 0"" fat, choice, raw",Beef,143.0,20.35,6.88,0.0,0.0,0.0,0.418,0.0,0.17,3.827,0.25,0.08,12.0,2.52,19.0,0.01,202.0,7.65,0.002,0.00435,0.003,9.5e-05,0.0225,2
beef,"shoulder top blade steak, boneless, separable lean only, trimmed to 0"" fat, select, raw",Beef,133.0,20.39,5.73,0.0,0.0,0.0,0.392,0.0,0.2,4.15,0.28,0.11,12.0,2.51,20.0,0.011,211.0,7.9,0.002,0.00442,0.003,9.9e-05,0.0238,2
beef,"brisket, flat half, boneless separable lean only, trimmed to 0"" fat, all grades, raw",Beef,132.0,21.47,5.11,0.0,0.0,0.0,0.622,0.0,0.14,6.353,0.165,0.075,13.0,2.06,24.0,0.002,222.0,5.21,0.002,0.00181,0.003,7.000000000000001e-05,0.0246,2
beef,"brisket, flat half, boneless, separable lean only, trimmed to 0"" fat, choice, raw",Beef,137.0,21.28,5.75,0.0,0.0,0.0,0.617,0.0,0.17,6.452,0.165,0.07,13.0,2.04,24.0,0.002,224.0,5.15,0.002,0.00173,0.003,7.3e-05,0.0229,2
beef,"brisket, flat half, boneless, separable lean only, trimmed to 0"" fat, select, raw",Beef,124.0,21.74,4.14,0.0,0.0,0.0,0.63,0.0,0.11,6.205,0.165,0.08,13.0,2.08,24.0,0.002,218.0,5.3,0.002,0.00195,0.003,6.6e-05,0.0271,2
beef,"shoulder top blade steak, boneless, separable lean and fat, trimmed to 0"" fat, all grades, cooked, grilled",Beef,210.0,27.59,11.07,0.0,0.0,0.0,0.397,0.0,0.13,4.268,0.305,0.089,14.0,3.04,23.0,0.015,217.0,9.48,0.007,0.00504,0.007,0.000123,0.0306999999999999,2
beef,"shoulder pot roast or steak, boneless, separable lean only, trimmed to 0"" fat, all grades, raw",Beef,123.0,21.64,4.09,0.0,0.0,0.0,0.583,0.0,0.18,4.618,0.212,0.09,12.0,2.64,25.0,0.013,236.0,6.86,0.002,0.00276,0.003,7.4e-05,0.0241,2
beef,"shoulder pot roast or steak, boneless, separable lean only, trimmed to 0"" fat, choice, raw",Beef,125.0,21.45,4.35,0.11,0.0,0.0,0.57,0.0,0.2,4.593,0.21,0.09,12.0,2.69,25.0,0.014,237.0,6.81,0.002,0.00269,0.004,7.099999999999999e-05,0.0241,2
beef,"shoulder pot roast or steak, boneless, separable lean only, trimmed to 0"" fat, select, raw",Beef,121.0,21.93,3.7,0.0,0.0,0.0,0.601,0.0,0.16,4.655,0.215,0.09,12.0,2.57,26.0,0.013,235.0,6.95,0.002,0.0028599999999999,0.004,7.7e-05,0.0241,2
beef,"shoulder top blade steak, boneless, separable lean and fat, trimmed to 0"" fat, choice, cooked, grilled",Beef,220.0,27.51,12.26,0.0,0.0,0.0,0.38,0.0,0.14,4.194,0.305,0.079,14.0,3.11,22.0,0.015,217.0,9.4,0.006,0.00494,0.007,0.00013,0.0303,2
beef,"chuck eye roast, boneless, America's Beef Roast, separable lean and fat, trimmed to 0"" fat, all grades, raw",Beef,180.0,19.18,11.48,0.0,0.0,0.0,0.383,0.0,0.19,4.324,0.145,0.066,17.0,2.08,19.0,0.01,189.0,7.52,0.004,0.00273,0.003,6.1e-05,0.0206,2
beef,"chuck eye roast, boneless, America's Beef Roast, separable lean and fat, trimmed to 0"" fat, choice, raw",Beef,185.0,19.14,12.02,0.0,0.0,0.0,0.365,0.0,0.21,4.323,0.141,0.061,17.0,2.08,19.0,0.009,186.0,7.54,0.004,0.00269,0.003,5.9e-05,0.02,2
beef,"chuck eye roast, boneless, America's Beef Roast, separable lean and fat, trimmed to 0"" fat, select, raw",Beef,173.0,19.25,10.67,0.0,0.0,0.0,0.414,0.0,0.14,4.56,0.155,0.07,18.0,2.12,19.0,0.01,187.0,7.66,0.004,0.00278,0.003,6.6e-05,0.0224,2
beef,"composite of trimmed retail cuts, separable lean and fat, trimmed to 1/8"" fat, all grades, raw",Beef,234.0,18.68,17.15,0.0,0.0,0.0,0.39,0.0,0.0,3.23,0.16,0.1,7.0,1.91,19.0,0.013,177.0,3.75,0.0,0.00295,0.006,7.099999999999999e-05,0.014,2
beef,"composite of trimmed retail cuts, separable lean and fat, trimmed to 1/8"" fat, all grades, cooked",Beef,291.0,26.42,19.71,0.0,0.0,0.0,0.34,0.0,0.18,3.72,0.22,0.09,9.0,2.68,23.0,0.015,208.0,6.0,0.0,0.00247,0.007,0.000112,0.0198,2
beef,"composite of trimmed retail cuts, separable lean and fat, trimmed to 1/8"" fat, choice, raw",Beef,243.0,18.57,18.19,0.0,0.0,0.0,0.39,0.0,0.0,3.21,0.16,0.09,7.0,1.89,19.0,0.013,176.0,3.72,0.0,0.00293,0.006,7.099999999999999e-05,0.016,2
beef,"composite of trimmed retail cuts, separable lean and fat, trimmed to 1/8"" fat, choice, cooked",Beef,301.0,26.21,20.91,0.0,0.0,0.0,0.33,0.0,0.0,3.7,0.22,0.09,9.0,2.66,23.0,0.015,206.0,5.93,0.0,0.00246,0.007,0.000111,0.0238999999999999,2
beef,"composite of trimmed retail cuts, separable lean and fat, trimmed to 1/8"" fat, select, raw",Beef,223.0,18.87,15.75,0.0,0.0,0.0,0.39,0.0,0.0,3.25,0.16,0.1,7.0,1.92,19.0,0.013,178.0,3.79,0.0,0.00297,0.007,7.099999999999999e-05,0.0146,2
beef,"composite of trimmed retail cuts, separable lean and fat, trimmed to 1/8"" fat, select, cooked",Beef,278.0,26.63,18.21,0.0,0.0,0.0,0.34,0.0,0.0,3.74,0.22,0.09,9.0,2.7,23.0,0.015,209.0,6.07,0.0,0.00248,0.008,0.000113,0.0207,2
beef,"composite of trimmed retail cuts, separable lean and fat, trimmed to 1/8"" fat, prime, raw",Beef,265.0,18.72,20.49,0.0,0.0,0.0,0.39,0.0,0.0,3.41,0.15,0.09,7.0,1.83,19.0,0.013,176.0,3.49,0.0,0.0028399999999999,0.006,6.900000000000001e-05,0.0148,2
beef,"composite of trimmed retail cuts, separable lean and fat, trimmed to 1/8"" fat, prime, cooked",Beef,299.0,26.22,20.75,0.0,0.0,0.0,0.37,0.0,0.0,4.39,0.21,0.09,9.0,2.5,24.0,0.015,203.0,5.62,0.0,0.00249,0.008,0.000104,0.0198,2
beef,"brisket, whole, separable lean and fat, trimmed to 1/8"" fat, all grades, raw",Beef,251.0,18.42,19.06,0.0,0.0,0.0,0.38,0.0,0.0,3.48,0.15,0.09,6.0,1.7,19.0,0.013,177.0,3.71,0.0,0.00225,0.006,7.099999999999999e-05,0.016,2
beef,"brisket, whole, separable lean and fat, trimmed to 1/8"" fat, all grades, cooked, braised",Beef,331.0,25.85,24.5,0.0,0.0,0.0,0.26,0.0,0.19,3.27,0.2,0.06,7.0,2.46,20.0,0.015,207.0,5.77,0.0,0.0024,0.007,0.000104,0.0228,2
beef,"brisket, flat half, separable lean and fat, trimmed to 1/8"" fat, all grades, raw",Beef,277.0,17.94,22.18,0.0,0.0,0.0,0.425,0.0,0.44,4.041,0.13,0.065,16.0,1.59,18.0,0.011,165.0,4.32,0.0,0.00154,0.01,7.7e-05,0.0193999999999999,2
beef,"brisket, flat half, separable lean and fat, trimmed to 1/8"" fat, all grades, cooked, braised",Beef,289.0,28.82,18.42,0.0,0.0,0.0,0.282,0.0,0.51,4.087,0.171,0.059,16.0,2.43,19.0,0.01,175.0,6.69,0.0,0.00212,0.009,0.0001,0.0271,2
beef,"brisket, point half, separable lean and fat, trimmed to 1/8"" fat, all grades, raw",Beef,265.0,17.65,20.98,0.0,0.0,0.0,0.36,0.0,0.0,3.12,0.15,0.08,6.0,1.69,18.0,0.012,166.0,4.24,0.0,0.00224,0.006,7.099999999999999e-05,0.0152,2
beef,"brisket, point half, separable lean and fat, trimmed to 1/8"" fat, all grades, cooked, braised",Beef,349.0,24.4,27.17,0.0,0.0,0.0,0.25,0.0,0.0,3.14,0.2,0.06,8.0,2.43,19.0,0.015,194.0,6.13,0.0,0.0023799999999999,0.007,0.0001,0.0217,2
beef,"chuck, arm pot roast, separable lean and fat, trimmed to 1/8"" fat, all grades, raw",Beef,244.0,19.23,17.98,0.0,0.0,0.0,0.456,0.0,0.4,4.331,0.139,0.07,17.0,1.67,19.0,0.011,174.0,4.54,0.0,0.00165,0.01,8.1e-05,0.0203,2
beef,"chuck, arm pot roast, separable lean and fat, trimmed to 1/8"" fat, all grades, cooked, braised",Beef,302.0,30.12,19.22,0.0,0.0,0.0,0.295,0.0,0.53,4.273,0.178,0.061,17.0,2.53,20.0,0.01,183.0,6.98,0.0,0.00222,0.009,0.000104,0.0283,2
beef,"chuck, arm pot roast, separable lean and fat, trimmed to 1/8"" fat, choice, raw",Beef,249.0,19.14,18.57,0.0,0.0,0.0,0.425,0.0,0.41,4.328,0.143,0.064,16.0,1.73,19.0,0.013,171.0,4.56,0.0,0.00179,0.01,8.2e-05,0.0198999999999999,2
beef,"chuck, arm pot roast, separable lean and fat, trimmed to 1/8"" fat, choice, cooked, braised",Beef,309.0,30.2,19.93,0.0,0.0,0.0,0.29,0.0,0.54,4.215,0.193,0.057,16.0,2.61,20.0,0.01,182.0,6.87,0.0,0.00246,0.009,0.000116,0.0278,2
beef,"chuck, arm pot roast, separable lean and fat, trimmed to 1/8"" fat, select, raw",Beef,239.0,19.33,17.39,0.0,0.0,0.0,0.486,0.0,0.4,4.334,0.135,0.076,18.0,1.61,19.0,0.01,176.0,4.52,0.0,0.0015,0.01,8e-05,0.0208,2
beef,"chuck, arm pot roast, separable lean and fat, trimmed to 1/8"" fat, select, cooked, braised",Beef,295.0,30.05,18.5,0.0,0.0,0.0,0.296,0.0,0.52,4.331,0.163,0.065,18.0,2.46,20.0,0.01,184.0,7.09,0.0,0.00199,0.009,9.3e-05,0.0288,2
beef,"chuck, blade roast, separable lean and fat, trimmed to 1/8"" fat, all grades, raw",Beef,248.0,17.16,19.41,0.0,0.0,0.0,0.36,0.0,0.0,2.18,0.17,0.1,10.0,2.04,17.0,0.012,162.0,4.98,0.0,0.0034,0.005,7.3e-05,0.0162,2
beef,"chuck, blade roast, separable lean and fat, trimmed to 1/8"" fat, all grades, cooked, braised",Beef,341.0,26.78,25.12,0.0,0.0,0.0,0.26,0.0,0.2,2.43,0.24,0.07,13.0,3.13,19.0,0.016,202.0,8.41,0.0,0.00229,0.005,0.000126,0.0246,2
beef,"chuck, blade roast, separable lean and fat, trimmed to 1/8"" fat, choice, raw",Beef,265.0,16.98,21.31,0.0,0.0,0.0,0.35,0.0,0.0,2.17,0.17,0.09,10.0,2.01,17.0,0.012,160.0,4.9,0.0,0.0033599999999999,0.005,7.199999999999999e-05,0.0162,2
beef,"chuck, blade roast, separable lean and fat, trimmed to 1/8"" fat, choice, cooked, braised",Beef,359.0,26.37,27.26,0.0,0.0,0.0,0.26,0.0,0.21,2.41,0.24,0.07,13.0,3.08,19.0,0.015,198.0,8.23,0.0,0.00227,0.005,0.000124,0.0245,2
beef,"chuck, blade roast, separable lean and fat, trimmed to 1/8"" fat, select, raw",Beef,230.0,17.37,17.33,0.0,0.0,0.0,0.36,0.0,0.0,2.2,0.17,0.1,10.0,2.07,17.0,0.013,164.0,5.07,0.0,0.00344,0.005,7.4e-05,0.0163,2
beef,"chuck, blade roast, separable lean and fat, trimmed to 1/8"" fat, select, cooked, braised",Beef,318.0,27.33,22.35,0.0,0.0,0.0,0.26,0.0,0.0,2.46,0.25,0.07,13.0,3.2,20.0,0.016,206.0,8.65,0.0,0.00231,0.005,0.000129,0.0247,2
beef,"chuck eye roast, boneless, America's Beef Roast, separable lean only, trimmed to 0"" fat, all grades, cooked, roasted",Beef,183.0,26.65,8.46,0.0,0.0,0.0,0.409,0.0,0.12,4.693,0.193,0.075,19.0,2.47,22.0,0.014,210.0,9.73,0.002,0.00324,0.006,7.8e-05,0.0273,2
beef,"chuck eye roast, boneless, America's Beef Roast, separable lean only, trimmed to 0"" fat, choice, cooked, roasted",Beef,190.0,26.41,9.36,0.0,0.0,0.0,0.399,0.0,0.14,4.593,0.197,0.08,18.0,2.52,22.0,0.014,211.0,9.93,0.001,0.00346,0.006,8e-05,0.027,2
beef,"chuck eye roast, boneless, America's Beef Roast, separable lean only, trimmed to 0"" fat, select, cooked, roasted",Beef,172.0,27.02,7.12,0.0,0.0,0.0,0.413,0.0,0.08,4.65,0.19,0.07,20.0,2.42,22.0,0.014,209.0,9.56,0.002,0.00285,0.007,7.4e-05,0.0287,2
beef,"rib, whole (ribs 6-12), separable lean and fat, trimmed to 1/8"" fat, all grades, raw",Beef,306.0,16.53,26.1,0.0,0.0,0.0,0.31,0.0,0.0,2.8,0.13,0.08,9.0,1.74,16.0,0.012,156.0,3.73,0.0,0.00282,0.005,5.9e-05,0.0162,2
beef,"rib, whole (ribs 6-12), separable lean and fat, trimmed to 1/8"" fat, all grades, cooked, broiled",Beef,337.0,22.42,26.75,0.0,0.0,0.0,0.27,0.0,0.0,3.27,0.17,0.08,11.0,2.19,20.0,0.013,179.0,5.28,0.0,0.00289,0.006,8.2e-05,0.0216,2
beef,"rib, whole (ribs 6-12), separable lean and fat, trimmed to 1/8"" fat, all grades, cooked, roasted",Beef,351.0,22.77,28.11,0.0,0.0,0.0,0.23,0.0,0.0,3.46,0.18,0.07,11.0,2.37,20.0,0.014,177.0,5.45,0.0,0.00256,0.007,8.400000000000001e-05,0.0222,2
beef,"rib, whole (ribs 6-12), separable lean and fat, trimmed to 1/8"" fat, choice, raw",Beef,322.0,16.34,27.93,0.0,0.0,0.0,0.31,0.0,0.0,2.78,0.13,0.08,9.0,1.72,16.0,0.012,154.0,3.66,0.0,0.00279,0.005,5.8e-05,0.0163,2
beef,"rib, whole (ribs 6-12), separable lean and fat, trimmed to 1/8"" fat, choice, cooked, broiled",Beef,352.0,22.26,28.5,0.0,0.0,0.0,0.27,0.0,0.0,3.25,0.17,0.08,11.0,2.18,20.0,0.013,178.0,5.23,0.0,0.00287,0.006,8.1e-05,0.0218,2
beef,"rib, whole (ribs 6-12), separable lean and fat, trimmed to 1/8"" fat, choice, cooked, roasted",Beef,365.0,22.6,29.79,0.0,0.0,0.0,0.23,0.0,0.24,3.43,0.17,0.07,11.0,2.35,20.0,0.013,176.0,5.4,0.0,0.0025499999999999,0.007,8.400000000000001e-05,0.0224,2
beef,"rib, whole (ribs 6-12), separable lean and fat, trimmed to 1/8"" fat, select, raw",Beef,288.0,16.75,23.95,0.0,0.0,0.0,0.32,0.0,0.0,2.85,0.13,0.08,9.0,1.77,17.0,0.012,159.0,3.79,0.0,0.0028599999999999,0.005,5.9e-05,0.0158,2
beef,"rib, whole (ribs 6-12), separable lean and fat, trimmed to 1/8"" fat, select, cooked, broiled",Beef,315.0,22.73,24.2,0.0,0.0,0.0,0.28,0.0,0.0,3.31,0.17,0.08,11.0,2.22,20.0,0.014,182.0,5.38,0.0,0.00293,0.006,8.3e-05,0.0211,2
beef,"rib, whole (ribs 6-12), separable lean and fat, trimmed to 1/8"" fat, select, cooked, roasted",Beef,330.0,23.1,25.63,0.0,0.0,0.0,0.24,0.0,0.0,3.51,0.18,0.07,11.0,2.41,20.0,0.014,180.0,5.57,0.0,0.00258,0.007,8.5e-05,0.0217,2
beef,"rib, whole (ribs 6-12), separable lean and fat, trimmed to 1/8"" fat, prime, raw",Beef,355.0,16.15,31.66,0.0,0.0,0.0,0.31,0.0,0.0,2.75,0.13,0.08,9.0,1.7,16.0,0.011,152.0,3.6,0.0,0.00276,0.005,5.7e-05,0.0207,2
beef,"rib, whole (ribs 6-12), separable lean and fat, trimmed to 1/8"" fat, prime, cooked, broiled",Beef,386.0,21.95,32.38,0.0,0.0,0.0,0.3,0.0,0.0,3.19,0.18,0.08,11.0,2.13,20.0,0.014,169.0,5.19,0.0,0.0028399999999999,0.006,8.1e-05,0.0277,2
beef,"rib, whole (ribs 6-12), separable lean and fat, trimmed to 1/8"" fat, prime, cooked, roasted",Beef,400.0,22.57,33.7,0.0,0.0,0.0,0.26,0.0,0.0,3.4,0.18,0.07,11.0,2.17,20.0,0.013,175.0,5.39,0.0,0.00256,0.007,8.3e-05,0.0283999999999999,2
beef,"rib, large end (ribs 6-9), separable lean and fat, trimmed to 1/8"" fat, all grades, raw",Beef,316.0,16.26,27.29,0.0,0.0,0.0,0.29,0.0,0.0,2.61,0.13,0.08,8.0,1.71,16.0,0.012,153.0,3.75,0.0,0.00271,0.005,5.9e-05,0.0158,2
beef,"rib, large end (ribs 6-9), separable lean and fat, trimmed to 1/8"" fat, all grades, cooked, broiled",Beef,338.0,21.55,27.22,0.0,0.0,0.0,0.23,0.0,0.0,2.78,0.16,0.07,10.0,2.19,19.0,0.013,182.0,5.07,0.0,0.00289,0.006,7.9e-05,0.021,2
beef,"rib, large end (ribs 6-9), separable lean and fat, trimmed to 1/8"" fat, all grades, cooked, roasted",Beef,355.0,23.01,28.51,0.0,0.0,0.0,0.23,0.0,0.23,3.67,0.19,0.07,10.0,2.35,20.0,0.014,173.0,5.84,0.0,0.00234,0.007,8.9e-05,0.0216,2
beef,"rib, large end (ribs 6-9), separable lean and fat, trimmed to 1/8"" fat, choice, raw",Beef,333.0,16.03,29.34,0.0,0.0,0.0,0.29,0.0,0.0,2.57,0.13,0.08,8.0,1.68,15.0,0.011,150.0,3.67,0.0,0.00267,0.005,5.8e-05,0.0157,2
beef,"rib, large end (ribs 6-9), separable lean and fat, trimmed to 1/8"" fat, choice, cooked, broiled",Beef,370.0,20.86,31.18,0.0,0.0,0.0,0.23,0.0,0.0,2.7,0.16,0.07,10.0,2.12,18.0,0.013,175.0,4.83,0.0,0.00281,0.005,7.6e-05,0.021,2
beef,"rib, large end (ribs 6-9), separable lean and fat, trimmed to 1/8"" fat, choice, cooked, roasted",Beef,378.0,22.5,31.28,0.0,0.0,0.0,0.22,0.0,0.0,3.59,0.18,0.07,10.0,2.3,19.0,0.013,169.0,5.65,0.0,0.00231,0.007,8.7e-05,0.0216,2
beef,"rib, large end (ribs 6-9), separable lean and fat, trimmed to 1/8"" fat, select, raw",Beef,295.0,16.52,24.85,0.0,0.0,0.0,0.29,0.0,0.0,2.64,0.14,0.08,8.0,1.74,16.0,0.012,155.0,3.84,0.0,0.00275,0.005,6e-05,0.0159,2
beef,"rib, large end (ribs 6-9), separable lean and fat, trimmed to 1/8"" fat, select, cooked, broiled",Beef,324.0,21.55,25.71,0.0,0.0,0.0,0.23,0.0,0.0,2.78,0.16,0.07,10.0,2.19,19.0,0.013,182.0,5.07,0.0,0.00289,0.006,7.9e-05,0.0212,2
beef,"rib, large end (ribs 6-9), separable lean and fat, trimmed to 1/8"" fat, select, cooked, roasted",Beef,333.0,23.4,25.84,0.0,0.0,0.0,0.23,0.0,0.0,3.74,0.19,0.07,9.0,2.39,20.0,0.014,176.0,5.98,0.0,0.00237,0.008,8.999999999999999e-05,0.0217,2
beef,"rib, large end (ribs 6-9), separable lean and fat, trimmed to 1/8"" fat, prime, raw",Beef,367.0,15.77,33.26,0.0,0.0,0.0,0.28,0.0,0.0,2.53,0.13,0.08,8.0,1.65,15.0,0.011,147.0,3.58,0.0,0.00263,0.005,5.7e-05,0.0162,2
beef,"rib, large end (ribs 6-9), separable lean and fat, trimmed to 1/8"" fat, prime, cooked, broiled",Beef,404.0,20.65,34.97,0.0,0.0,0.0,0.27,0.0,0.0,2.64,0.17,0.07,10.0,2.08,19.0,0.013,164.0,4.87,0.0,0.00279,0.006,7.6e-05,0.0216,2
beef,"rib, large end (ribs 6-9), separable lean and fat, trimmed to 1/8"" fat, prime, cooked, roasted",Beef,393.0,22.86,32.74,0.0,0.0,0.0,0.23,0.0,0.0,3.65,0.19,0.07,10.0,2.33,20.0,0.014,172.0,5.78,0.0,0.00234,0.007,8.8e-05,0.0221,2
beef,"rib, small end (ribs 10-12), separable lean and fat, trimmed to 1/8"" fat, all grades, raw",Beef,254.0,19.33,19.06,0.0,0.0,0.0,0.527,0.0,0.42,5.699,0.093,0.06,23.0,1.39,20.0,0.01,176.0,3.33,0.0,0.001,0.01,6.500000000000001e-05,0.0215,2
beef,"rib, small end (ribs 10-12), separable lean and fat, trimmed to 1/8"" fat, all grades, cooked, broiled",Beef,291.0,25.85,20.04,0.0,0.0,0.0,0.541,0.0,0.49,6.881,0.125,0.07,19.0,1.66,22.0,0.009,201.0,4.67,0.0,0.00152,0.008,7.8e-05,0.028,2
beef,"rib, small end (ribs 10-12), separable lean and fat, trimmed to 1/8"" fat, all grades, cooked, roasted",Beef,341.0,22.54,27.14,0.0,0.0,0.0,0.24,0.0,0.0,3.16,0.16,0.06,13.0,2.42,20.0,0.014,183.0,4.93,0.0,0.0028799999999999,0.006,7.8e-05,0.0219,2
beef,"rib, small end (ribs 10-12), separable lean and fat, trimmed to 1/8"" fat, choice, raw",Beef,263.0,19.09,20.13,0.0,0.0,0.0,0.514,0.0,0.43,6.157,0.081,0.051,24.0,1.38,19.0,0.012,172.0,3.38,0.0,0.00106,0.01,6.3e-05,0.0207,2
beef,"rib, small end (ribs 10-12), separable lean and fat, trimmed to 1/8"" fat, choice, cooked, broiled",Beef,304.0,24.53,22.09,0.0,0.0,0.0,0.489,0.0,0.5,6.653,0.108,0.061,16.0,1.64,20.0,0.009,183.0,4.37,0.0,0.00162,0.008,8e-05,0.0264,2
beef,"rib, small end (ribs 10-12), separable lean and fat, trimmed to 1/8"" fat, choice, cooked, roasted",Beef,359.0,22.28,29.21,0.0,0.0,0.0,0.24,0.0,0.0,3.13,0.16,0.06,13.0,2.39,20.0,0.013,181.0,4.86,0.0,0.00285,0.006,7.7e-05,0.0219,2
beef,"rib, small end (ribs 10-12), separable lean and fat, trimmed to 1/8"" fat, select, raw",Beef,246.0,19.56,18.0,0.0,0.0,0.0,0.54,0.0,0.4,5.228,0.106,0.07,22.0,1.4,20.0,0.009,180.0,3.28,0.0,0.00093,0.01,6.7e-05,0.0224,2
beef,"rib, small end (ribs 10-12), separable lean and fat, trimmed to 1/8"" fat, select, cooked, broiled",Beef,278.0,27.17,18.0,0.0,0.0,0.0,0.595,0.0,0.49,7.098,0.142,0.079,22.0,1.67,23.0,0.009,219.0,4.97,0.0,0.00141,0.008,7.5e-05,0.0296,2
beef,"rib, small end (ribs 10-12), separable lean and fat, trimmed to 1/8"" fat, select, cooked, roasted",Beef,323.0,22.76,25.02,0.0,0.0,0.0,0.24,0.0,0.0,3.19,0.16,0.06,13.0,2.44,20.0,0.014,185.0,5.0,0.0,0.0029,0.006,7.8e-05,0.022,2
beef,"rib, small end (ribs 10-12), separable lean and fat, trimmed to 1/8"" fat, prime, raw",Beef,335.0,16.74,29.18,0.0,0.0,0.0,0.35,0.0,0.0,3.08,0.13,0.08,10.0,1.77,17.0,0.012,160.0,3.62,0.0,0.00297,0.005,5.7e-05,0.0163,2
beef,"rib, small end (ribs 10-12), separable lean and fat, trimmed to 1/8"" fat, prime, cooked, broiled",Beef,354.0,24.13,27.86,0.0,0.0,0.0,0.34,0.0,0.0,4.07,0.19,0.09,13.0,2.23,22.0,0.014,178.0,5.73,0.0,0.00294,0.007,8.8e-05,0.0217,2
beef,"rib, small end (ribs 10-12), separable lean and fat, trimmed to 1/8"" fat, prime, cooked, roasted",Beef,411.0,22.15,35.12,0.0,0.0,0.0,0.3,0.0,0.0,3.04,0.17,0.06,13.0,1.95,20.0,0.013,178.0,4.82,0.0,0.00287,0.007,7.6e-05,0.0223,2
beef,"shoulder top blade steak, boneless, separable lean and fat, trimmed to 0"" fat, select, cooked, grilled",Beef,194.0,27.7,9.29,0.0,0.0,0.0,0.395,0.0,0.12,4.471,0.306,0.099,14.0,3.02,24.0,0.015,224.0,9.71,0.007,0.00528,0.007,0.000111,0.0319,2
beef,"shoulder top blade steak, boneless, separable lean and fat, trimmed to 0"" fat, all grades, raw",Beef,146.0,20.16,7.25,0.0,0.0,0.0,0.404,0.0,0.17,3.865,0.256,0.095,12.0,2.49,19.0,0.01,201.0,7.55,0.003,0.00433,0.003,9.5e-05,0.0226,2
beef,"round, full cut, separable lean and fat, trimmed to 1/8"" fat, choice, raw",Beef,195.0,20.56,11.92,0.0,0.0,0.0,0.47,0.0,0.18,3.74,0.17,0.1,4.0,1.99,22.0,0.013,199.0,3.24,0.0,0.00282,0.008,7.5e-05,0.0196,2
beef,"round, full cut, separable lean and fat, trimmed to 1/8"" fat, choice, cooked, broiled",Beef,235.0,27.54,12.98,0.0,0.0,0.0,0.38,0.0,0.16,4.02,0.21,0.09,6.0,2.55,26.0,0.015,240.0,4.35,0.0,0.0030299999999999,0.009,0.000101,0.0273,2
beef,"round, full cut, separable lean and fat, trimmed to 1/8"" fat, select, raw",Beef,184.0,20.56,10.68,0.0,0.0,0.0,0.47,0.0,0.0,3.74,0.18,0.1,4.0,2.0,22.0,0.013,199.0,3.24,0.0,0.00282,0.008,7.5e-05,0.0197,2
beef,"round, full cut, separable lean and fat, trimmed to 1/8"" fat, select, cooked, broiled",Beef,218.0,27.58,11.08,0.0,0.0,0.0,0.38,0.0,0.0,4.02,0.21,0.1,6.0,2.56,26.0,0.015,240.0,4.36,0.0,0.0030299999999999,0.009,0.000101,0.0273999999999999,2
beef,"round, bottom round, steak, separable lean and fat, trimmed to 1/8"" fat, all grades, raw",Beef,192.0,20.7,11.54,0.0,0.0,0.0,0.613,0.0,0.35,6.183,0.126,0.082,20.0,1.74,22.0,0.013,199.0,3.82,0.0,0.00149,0.011,9.1e-05,0.0248,2
beef,"round, bottom round, steak, separable lean and fat, trimmed to 1/8"" fat, all grades, cooked, braised",Beef,247.0,32.76,11.87,0.0,0.0,0.0,0.43,0.0,0.48,5.726,0.174,0.075,8.0,2.67,21.0,0.011,204.0,5.49,0.0,0.00182,0.01,7.8e-05,0.0335,2
beef,"round, bottom round, roast, separable lean and fat, trimmed to 1/8"" fat, all grades, cooked, roasted",Beef,218.0,26.41,11.64,0.0,0.0,0.0,0.347,0.0,0.41,4.616,0.141,0.061,6.0,2.16,17.0,0.009,164.0,4.43,0.0,0.00147,0.008,6.3e-05,0.027,2
beef,"round, bottom round, steak, separable lean and fat, trimmed to 1/8"" fat, choice, raw",Beef,198.0,20.71,12.15,0.0,0.0,0.0,0.611,0.0,0.36,6.294,0.143,0.079,16.0,1.84,22.0,0.013,197.0,3.8,0.0,0.00176,0.011,9.2e-05,0.025,2
beef,"round, bottom round, steak, separable lean and fat, trimmed to 1/8"" fat, choice, cooked, braised",Beef,254.0,32.85,12.56,0.0,0.0,0.0,0.432,0.0,0.49,5.939,0.185,0.068,7.0,2.7,21.0,0.011,199.0,5.4,0.0,0.00197,0.01,7.099999999999999e-05,0.0344,2
beef,"round, bottom round, roast, separable lean and fat, trimmed to 1/8"" fat, choice, cooked, roasted",Beef,223.0,26.05,12.44,0.0,0.0,0.0,0.342,0.0,0.41,4.71,0.146,0.054,6.0,2.15,17.0,0.009,159.0,4.31,0.0,0.00156,0.008,5.7e-05,0.0273999999999999,2
beef,"round, bottom round, steak, separable lean and fat, trimmed to 1/8"" fat, select, raw",Beef,187.0,20.68,10.93,0.0,0.0,0.0,0.615,0.0,0.35,6.071,0.11,0.084,23.0,1.63,22.0,0.013,201.0,3.85,0.0,0.00123,0.011,8.9e-05,0.0247,2
beef,"round, bottom round, steak, separable lean and fat, trimmed to 1/8"" fat, select, cooked, braised",Beef,240.0,32.67,11.19,0.0,0.0,0.0,0.429,0.0,0.47,5.512,0.164,0.082,8.0,2.64,22.0,0.012,208.0,5.58,0.0,0.0016699999999999,0.01,8.5e-05,0.0326,2
beef,"round, bottom round, roast, separable lean and fat, trimmed to 1/8"" fat, select, cooked, roasted",Beef,212.0,26.77,10.85,0.0,0.0,0.0,0.352,0.0,0.4,4.517,0.134,0.067,7.0,2.16,18.0,0.01,170.0,4.56,0.0,0.00137,0.008,6.900000000000001e-05,0.0266,2
beef,"round, eye of round, roast, separable lean and fat, trimmed to 1/8"" fat, all grades, raw",Beef,166.0,21.49,8.24,0.0,0.0,0.0,0.637,0.0,0.33,6.42,0.131,0.085,20.0,1.81,23.0,0.013,207.0,3.98,0.0,0.00155,0.012,9.4e-05,0.0258,2
beef,"round, eye of round, roast, separable lean and fat, trimmed to 1/8"" fat, all grades, cooked, roasted",Beef,208.0,28.31,9.65,0.0,0.0,0.0,0.372,0.0,0.41,4.947,0.151,0.065,7.0,2.29,18.0,0.01,174.0,4.7,0.0,0.00157,0.009,6.7e-05,0.0287,2
beef,"round, eye of round, roast, separable lean and fat, trimmed to 1/8"" fat, choice, raw",Beef,173.0,21.68,8.91,0.0,0.0,0.0,0.64,0.0,0.33,6.59,0.149,0.083,16.0,1.92,23.0,0.013,206.0,3.97,0.0,0.00184,0.012,9.6e-05,0.0261,2
beef,"round, eye of round, roast, separable lean and fat, trimmed to 1/8"" fat, choice, cooked, roasted",Beef,212.0,28.48,10.05,0.0,0.0,0.0,0.374,0.0,0.41,5.149,0.16,0.059,6.0,2.33,18.0,0.01,171.0,4.65,0.0,0.00171,0.009,6.1e-05,0.0296,2
beef,"round, eye of round, roast, separable lean and fat, trimmed to 1/8"" fat, select, raw",Beef,159.0,21.3,7.57,0.0,0.0,0.0,0.633,0.0,0.32,6.252,0.113,0.087,24.0,1.69,23.0,0.013,208.0,3.98,0.0,0.00127,0.011,9.2e-05,0.0256,2
beef,"round, eye of round, roast, separable lean and fat, trimmed to 1/8"" fat, select, cooked, roasted",Beef,204.0,28.13,9.26,0.0,0.0,0.0,0.369,0.0,0.4,4.747,0.141,0.071,7.0,2.24,18.0,0.01,177.0,4.74,0.0,0.0014399999999999,0.009,7.199999999999999e-05,0.0277,2
beef,"round, tip round, separable lean and fat, trimmed to 1/8"" fat, all grades, raw",Beef,189.0,19.6,11.67,0.0,0.0,0.0,0.41,0.0,0.0,3.16,0.18,0.11,5.0,2.0,22.0,0.013,193.0,4.41,0.0,0.0030099999999999,0.007,7.6e-05,0.0196,2
beef,"round, tip round, roast, separable lean and fat, trimmed to 1/8"" fat, all grades, cooked, roasted",Beef,219.0,27.45,11.34,0.0,0.0,0.0,0.38,0.0,0.17,3.59,0.26,0.09,6.0,2.81,26.0,0.016,230.0,6.67,0.0,0.0028,0.008,0.0001189999999999,0.0268,2
beef,"round, tip round, separable lean and fat, trimmed to 1/8"" fat, choice, raw",Beef,199.0,19.48,12.83,0.0,0.0,0.0,0.41,0.0,0.0,3.14,0.18,0.11,5.0,1.99,21.0,0.013,192.0,4.37,0.0,0.003,0.007,7.6e-05,0.0196,2
beef,"round, tip round, roast, separable lean and fat, trimmed to 1/8"" fat, choice, cooked, roasted",Beef,228.0,27.27,12.34,0.0,0.0,0.0,0.38,0.0,0.18,3.57,0.25,0.09,6.0,2.79,25.0,0.016,229.0,6.62,0.0,0.00279,0.008,0.0001189999999999,0.0268,2
beef,"round, tip round, separable lean and fat, trimmed to 1/8"" fat, select, raw",Beef,178.0,19.74,10.39,0.0,0.0,0.0,0.41,0.0,0.0,3.18,0.18,0.11,5.0,2.02,22.0,0.013,195.0,4.45,0.0,0.0030299999999999,0.007,7.7e-05,0.0196,2
beef,"round, tip round, roast, separable lean and fat, trimmed to 1/8"" fat, select, cooked, roasted",Beef,210.0,27.63,10.24,0.0,0.0,0.0,0.38,0.0,0.14,3.61,0.26,0.09,6.0,2.83,26.0,0.016,232.0,6.73,0.0,0.00281,0.008,0.0001199999999999,0.0269,2
beef,"shoulder top blade steak, boneless, separable lean and fat, trimmed to 0"" fat, choice, raw",Beef,152.0,20.07,7.94,0.0,0.0,0.0,0.414,0.0,0.16,3.793,0.245,0.08,12.0,2.5,19.0,0.01,199.0,7.53,0.003,0.00429,0.003,9.3e-05,0.0222,2
beef,"round, top round, separable lean only, trimmed to 1/8"" fat, choice, cooked, pan-fried",Beef,228.0,33.93,8.33,2.03,0.0,0.0,0.582,0.0,0.17,5.394,0.315,0.12,6.0,3.4,35.0,0.02,286.0,4.58,0.0,0.0039,0.014,0.000129,0.0345,2
beef,"round, top round, steak, separable lean and fat, trimmed to 1/8"" fat, all grades, raw",Beef,166.0,22.06,7.93,0.0,0.0,0.0,0.653,0.0,0.33,6.589,0.135,0.087,21.0,1.85,24.0,0.013,212.0,4.08,0.0,0.00159,0.012,9.7e-05,0.0265,2
beef,"round, top round, separable lean and fat, trimmed to 1/8"" fat, all grades, cooked, braised",Beef,238.0,34.34,10.13,0.0,0.0,0.0,0.27,0.0,0.17,3.65,0.24,0.07,5.0,3.16,24.0,0.017,215.0,4.34,0.0,0.00262,0.009,0.000118,0.0325,2
beef,"round, top round steak, separable lean and fat, trimmed to 1/8"" fat, all grades, cooked, broiled",Beef,204.0,30.67,9.0,0.0,0.0,0.0,0.403,0.0,0.43,5.36,0.163,0.07,7.0,2.53,20.0,0.011,193.0,5.2,0.0,0.00171,0.01,7.4e-05,0.0317,2
beef,"round, top round, steak, separable lean and fat, trimmed to 1/8"" fat, choice, raw",Beef,168.0,21.94,8.19,0.0,0.0,0.0,0.648,0.0,0.33,6.667,0.151,0.084,17.0,1.97,24.0,0.013,211.0,4.06,0.0,0.00186,0.012,9.8e-05,0.0266999999999999,2
beef,"round, top round, separable lean and fat, trimmed to 1/8"" fat, choice, cooked, braised",Beef,250.0,34.09,11.61,0.0,0.0,0.0,0.27,0.0,0.0,3.63,0.24,0.07,5.0,3.14,24.0,0.017,214.0,4.31,0.0,0.00261,0.009,0.000118,0.0325,2
beef,"round, top round, steak, separable lean and fat, trimmed to 1/8"" fat, choice, cooked, broiled",Beef,224.0,30.7,10.27,0.0,0.0,0.0,0.403,0.0,0.44,5.55,0.173,0.064,7.0,2.54,20.0,0.011,187.0,5.09,0.0,0.00184,0.01,6.7e-05,0.0324,2
beef,"round, top round, separable lean and fat, trimmed to 1/8"" fat, choice, cooked, pan-fried",Beef,266.0,32.99,13.83,0.0,0.0,0.0,0.57,0.0,0.18,5.15,0.26,0.11,6.0,2.97,33.0,0.019,274.0,4.35,0.0,0.00328,0.012,0.000124,0.032,2
beef,"round, top round, steak, separable lean and fat, trimmed to 1/8"" fat, select, raw",Beef,164.0,22.18,7.68,0.0,0.0,0.0,0.659,0.0,0.3,6.51,0.118,0.09,25.0,1.74,24.0,0.013,214.0,4.1,0.0,0.00132,0.012,9.5e-05,0.0263,2
beef,"round, top round, separable lean and fat, trimmed to 1/8"" fat, select, cooked, braised",Beef,225.0,34.6,8.54,0.0,0.0,0.0,0.27,0.0,0.0,3.67,0.24,0.07,4.0,3.18,25.0,0.017,217.0,4.37,0.0,0.00264,0.009,0.0001189999999999,0.0325,2
beef,"round, top round, steak, separable lean and fat, trimmed to 1/8"" fat, select, cooked, broiled",Beef,201.0,30.63,7.73,0.0,0.0,0.0,0.402,0.0,0.42,5.169,0.154,0.077,8.0,2.52,21.0,0.011,198.0,5.31,0.0,0.00157,0.01,8.1e-05,0.031,2
beef,"round, top round, separable lean and fat, trimmed to 1/8"" fat, prime, raw",Beef,173.0,22.24,8.67,0.0,0.0,0.0,0.5,0.0,0.0,4.25,0.18,0.1,3.0,2.04,24.0,0.014,213.0,2.8,0.0,0.00279,0.009,8e-05,0.0205,2
beef,"round, top round, steak, separable lean and fat, trimmed to 1/8"" fat, prime, cooked, broiled",Beef,225.0,31.27,10.1,0.0,0.0,0.0,0.55,0.0,0.0,5.95,0.26,0.12,6.0,2.84,30.0,0.017,243.0,5.49,0.0,0.00246,0.012,0.000121,0.028,2
beef,"shoulder top blade steak, boneless, separable lean and fat, trimmed to 0"" fat, select, raw",Beef,137.0,20.28,6.21,0.0,0.0,0.0,0.39,0.0,0.2,4.13,0.277,0.11,12.0,2.49,20.0,0.011,210.0,7.84,0.003,0.00439,0.003,9.8e-05,0.0236,2
beef,"brisket, flat half, boneless, separable lean and fat, trimmed to 0"" fat, all grades, raw",Beef,165.0,20.32,9.29,0.0,0.0,0.0,0.59,0.0,0.14,6.019,0.154,0.075,13.0,2.0,22.0,0.002,210.0,4.98,0.004,0.00176,0.003,6.7e-05,0.0231,2
beef,"short loin, porterhouse steak, separable lean and fat, trimmed to 1/8"" fat, choice, raw",Beef,218.0,20.36,14.58,0.0,0.0,0.0,0.59,0.0,0.23,4.961,0.241,0.048,19.0,1.91,10.0,0.003,188.0,3.19,0.004,0.0018,0.003,5.2e-05,0.0207,2
beef,"short loin, porterhouse steak, separable lean and fat, trimmed to 1/8"" fat, choice, cooked, grilled",Beef,284.0,24.85,19.78,0.0,0.0,0.0,0.657,0.0,0.34,5.67,0.234,0.054,19.0,2.95,20.0,0.003,207.0,4.09,0.007,0.0020099999999999,0.006,6.4e-05,0.0257,2
beef,"short loin, t-bone steak, separable lean and fat, trimmed to 1/8"" fat, choice, raw",Beef,228.0,20.0,15.83,0.0,0.0,0.0,0.568,0.0,0.27,5.164,0.195,0.047,21.0,1.64,10.0,0.002,174.0,3.31,0.004,0.00166,0.005,5.3e-05,0.0198,2
beef,"short loin, t-bone steak, separable lean and fat, trimmed to 1/8"" fat, choice, cooked, grilled",Beef,294.0,24.21,21.13,0.0,0.0,0.0,0.662,0.0,0.25,5.618,0.234,0.053,19.0,3.24,17.0,0.003,194.0,4.02,0.007,0.00179,0.006,6.900000000000001e-05,0.0263,2
beef,"short loin, top loin, steak, separable lean and fat, trimmed to 1/8"" fat, all grades, raw",Beef,228.0,20.61,15.49,0.0,0.0,0.0,0.562,0.0,0.39,6.077,0.1,0.064,24.0,1.47,21.0,0.011,186.0,3.53,0.0,0.00106,0.0,6.900000000000001e-05,0.0228,2
beef,"loin, top loin, separable lean and fat, trimmed to 1/8"" fat, all grades, cooked, grilled",Beef,264.0,26.44,16.78,0.0,0.0,0.0,0.553,0.0,0.46,7.037,0.127,0.071,19.0,1.69,22.0,0.009,204.0,4.75,0.0,0.00156,0.008,7.9e-05,0.0285,2
beef,"loin, top loin, separable lean and fat, trimmed to 1/8"" fat, choice, raw",Beef,237.0,19.32,17.1,0.0,0.0,0.0,0.4,0.0,0.0,3.95,0.14,0.09,6.0,1.61,19.0,0.013,166.0,3.2,0.0,0.00279,0.0,7.099999999999999e-05,0.0166,2
beef,"short loin, top loin, steak, separable lean and fat, trimmed to 1/8"" fat, choice, cooked, grilled",Beef,278.0,26.16,18.45,0.0,0.0,0.0,0.521,0.0,0.48,7.095,0.115,0.065,17.0,1.75,21.0,0.009,195.0,4.65,0.0,0.00173,0.0,8.5e-05,0.0281,2
beef,"loin, top loin, separable lean and fat, trimmed to 1/8"" fat, select, raw",Beef,224.0,20.59,15.04,0.0,0.0,0.0,0.569,0.0,0.38,5.502,0.112,0.074,23.0,1.47,21.0,0.009,189.0,3.45,0.0,0.00098,0.0,7.099999999999999e-05,0.0235,2
beef,"loin, top loin, separable lean and fat, trimmed to 1/8"" fat, select, cooked, grilled",Beef,250.0,26.72,15.11,0.0,0.0,0.0,0.585,0.0,0.45,6.978,0.14,0.078,22.0,1.63,23.0,0.009,213.0,4.85,0.0,0.00138,0.0,7.3e-05,0.0288,2
beef,"short loin, top loin, steak, separable lean and fat, trimmed to 1/8"" fat, prime, raw",Beef,281.0,19.0,22.17,0.0,0.0,0.0,0.39,0.0,0.0,3.88,0.14,0.09,6.0,1.58,18.0,0.012,163.0,3.14,0.0,0.00275,0.006,6.900000000000001e-05,0.0173,2
beef,"short loin, top loin, separable lean and fat, trimmed to 1/8"" fat, prime, cooked, broiled",Beef,310.0,25.92,22.12,0.0,0.0,0.0,0.38,0.0,0.0,4.77,0.18,0.08,9.0,2.26,24.0,0.015,197.0,4.65,0.0,0.0019399999999999,0.007,9.8e-05,0.0237,2
beef,"tenderloin, steak, separable lean and fat, trimmed to 1/8"" fat, all grades, raw",Beef,247.0,19.61,18.16,0.0,0.0,0.0,0.535,0.0,0.41,5.782,0.095,0.061,23.0,1.42,20.0,0.011,180.0,3.41,0.0,0.00101,0.011,6.7e-05,0.022,2
beef,"tenderloin, steak, separable lean and fat, trimmed to 1/8"" fat, all grades, cooked, broiled",Beef,267.0,26.46,17.12,0.0,0.0,0.0,0.554,0.0,0.47,7.041,0.128,0.072,19.0,1.69,22.0,0.009,205.0,4.76,0.0,0.00156,0.008,7.9e-05,0.0286,2
beef,"tenderloin, roast, separable lean and fat, trimmed to 1/8"" fat, all grades, cooked, roasted",Beef,324.0,23.9,24.6,0.0,0.0,0.0,0.25,0.0,0.0,3.0,0.26,0.09,9.0,3.11,22.0,0.014,203.0,4.03,0.0,0.00246,0.008,0.000123,0.0229,2
beef,"tenderloin, steak, separable lean and fat, trimmed to 1/8"" fat, choice, raw",Beef,246.0,19.82,17.88,0.0,0.0,0.0,0.534,0.0,0.41,6.392,0.084,0.052,25.0,1.43,20.0,0.012,177.0,3.5,0.0,0.0011,0.011,6.500000000000001e-05,0.0214,2
beef,"tenderloin, steak, separable lean and fat, trimmed to 1/8"" fat, choice, cooked, broiled",Beef,273.0,26.43,17.78,0.0,0.0,0.0,0.527,0.0,0.47,7.169,0.116,0.066,17.0,1.76,21.0,0.009,196.0,4.67,0.0,0.00174,0.008,8.5e-05,0.0282,2
beef,"tenderloin, roast, separable lean and fat, trimmed to 1/8"" fat, choice, cooked, roasted",Beef,331.0,23.9,25.39,0.0,0.0,0.0,0.48,0.0,0.0,3.88,0.27,0.15,9.0,3.11,26.0,0.016,236.0,4.03,0.0,0.00337,0.008,0.000123,0.0228,2
beef,"tenderloin, steak, separable lean and fat, trimmed to 1/8"" fat, select, raw",Beef,249.0,19.37,18.46,0.0,0.0,0.0,0.535,0.0,0.41,5.176,0.105,0.069,22.0,1.42,20.0,0.009,182.0,3.32,0.0,0.00092,0.01,6.8e-05,0.0226,2
beef,"tenderloin, steak, separable lean and fat, trimmed to 1/8"" fat, select, cooked, broiled",Beef,262.0,26.48,16.53,0.0,0.0,0.0,0.58,0.0,0.46,6.916,0.139,0.077,22.0,1.63,23.0,0.009,214.0,4.85,0.0,0.00137,0.008,7.3e-05,0.0289,2
beef,"tenderloin, roast, separable lean and fat, trimmed to 1/8"" fat, select, cooked, roasted",Beef,316.0,23.9,23.7,0.0,0.0,0.0,0.25,0.0,0.0,3.0,0.26,0.09,9.0,3.11,22.0,0.014,203.0,4.03,0.0,0.00246,0.008,0.000123,0.0229,2
beef,"tenderloin, separable lean and fat, trimmed to 1/8"" fat, prime, raw",Beef,274.0,18.15,21.83,0.0,0.0,0.0,0.38,0.0,0.0,2.99,0.21,0.12,7.0,2.35,20.0,0.012,181.0,3.05,0.0,0.0026,0.006,9.3e-05,0.0171,2
beef,"tenderloin, steak, separable lean and fat, trimmed to 1/8"" fat, prime, cooked, broiled",Beef,308.0,25.26,22.21,0.0,0.0,0.0,0.39,0.0,0.0,3.52,0.26,0.11,8.0,3.15,26.0,0.015,210.0,4.88,0.0,0.00241,0.006,0.000156,0.0243999999999999,2
beef,"tenderloin, roast, separable lean and fat, trimmed to 1/8"" fat, prime, cooked, roasted",Beef,343.0,24.04,26.67,0.0,0.0,0.0,0.33,0.0,0.55,3.01,0.27,0.09,8.0,3.12,23.0,0.014,203.0,4.39,0.0,0.0025299999999999,0.007,0.0001419999999999,0.0231,2
beef,"top sirloin, steak, separable lean and fat, trimmed to 1/8"" fat, all grades, raw",Beef,201.0,20.3,12.71,0.0,0.0,0.0,0.554,0.0,0.36,5.986,0.098,0.063,24.0,1.48,21.0,0.011,187.0,3.55,0.0,0.00105,0.011,6.900000000000001e-05,0.0229,2
beef,"top sirloin, steak, separable lean and fat, trimmed to 1/8"" fat, all grades, cooked, broiled",Beef,243.0,26.96,14.23,0.0,0.0,0.0,0.564,0.0,0.44,7.176,0.13,0.073,20.0,1.73,22.0,0.009,209.0,4.87,0.0,0.00159,0.008,8.1e-05,0.0292,2
beef,"top sirloin, steak, separable lean and fat, trimmed to 1/8"" fat, choice, raw",Beef,214.0,19.92,14.28,0.0,0.0,0.0,0.536,0.0,0.37,6.425,0.084,0.053,25.0,1.46,20.0,0.013,181.0,3.57,0.0,0.00111,0.011,6.6e-05,0.0218,2
beef,"top sirloin, steak, separable lean and fat, trimmed to 1/8"" fat, choice, cooked, broiled",Beef,257.0,26.8,15.75,0.0,0.0,0.0,0.534,0.0,0.46,7.269,0.118,0.067,18.0,1.81,22.0,0.009,201.0,4.81,0.0,0.00177,0.008,8.8e-05,0.029,2
beef,"top sirloin, steak, separable lean and fat, trimmed to 1/8"" fat, choice, cooked, pan-fried",Beef,313.0,28.77,21.06,0.0,0.0,0.0,0.44,0.0,0.54,3.83,0.29,0.12,12.0,3.42,28.0,0.017,235.0,5.55,0.0,0.0033399999999999,0.009,0.000131,0.0298,2
beef,"top sirloin, steak, separable lean and fat, trimmed to 1/8"" fat, select, raw",Beef,189.0,20.68,11.13,0.0,0.0,0.0,0.571,0.0,0.35,5.526,0.112,0.074,24.0,1.51,21.0,0.01,194.0,3.54,0.0,0.00098,0.011,7.3e-05,0.0241,2
beef,"top sirloin, steak, separable lean and fat, trimmed to 1/8"" fat, select, cooked, broiled",Beef,230.0,27.12,12.71,0.0,0.0,0.0,0.594,0.0,0.43,7.083,0.142,0.079,22.0,1.66,23.0,0.009,217.0,4.93,0.0,0.00141,0.008,7.4e-05,0.0293,2
beef,"chuck, clod roast, separable lean only, trimmed to 0"" fat, choice, cooked, roasted",Beef,171.0,25.95,6.69,0.0,0.0,0.0,0.269,0.0,0.17,3.415,0.244,0.087,7.0,3.2,22.0,0.0,223.0,6.39,0.0,0.00297,0.009,0.0001,0.03,2
beef,"chuck, clod roast, separable lean only, trimmed to 0"" fat, select, cooked, roasted",Beef,172.0,28.09,5.82,0.0,0.0,0.0,0.291,0.0,0.17,3.696,0.264,0.094,7.0,3.19,22.0,0.0,222.0,6.39,0.0,0.00322,0.01,0.0001,0.03,2
beef,"shoulder steak, boneless, separable lean only, trimmed to 0"" fat, choice, cooked, grilled",Beef,178.0,28.54,6.25,0.0,0.0,0.0,0.681,0.0,0.12,5.613,0.218,0.08,12.0,2.95,26.0,0.013,249.0,8.03,0.001,0.0033,0.007,0.000107,0.0326,2
beef,"shoulder steak, boneless, separable lean only, trimmed to 0"" fat, select, cooked, grilled",Beef,169.0,28.71,5.17,0.0,0.0,0.0,0.674,0.0,0.07,5.435,0.235,0.1,12.0,2.94,25.0,0.014,249.0,8.43,0.002,0.00362,0.007,0.000103,0.0312,2
beef,"flank, steak, separable lean and fat, trimmed to 0"" fat, all grades, cooked, broiled",Beef,192.0,27.66,8.23,0.0,0.0,0.0,0.579,0.0,0.38,7.363,0.133,0.075,20.0,1.74,23.0,0.009,210.0,4.9,0.0,0.00163,0.009,8.2e-05,0.0294,2
beef,"flank, steak, separable lean and fat, trimmed to 0"" fat, select, cooked, broiled",Beef,183.0,27.78,7.15,0.0,0.0,0.0,0.609,0.0,0.37,7.256,0.146,0.081,22.0,1.68,24.0,0.01,220.0,5.01,0.0,0.0014399999999999,0.009,7.6e-05,0.0298,2
beef,"brisket, flat half, separable lean and fat, trimmed to 0"" fat, select, cooked, braised",Beef,205.0,33.59,6.77,0.0,0.0,0.0,0.285,0.0,0.43,4.175,0.158,0.063,20.0,2.78,22.0,0.011,208.0,8.01,0.0,0.0019199999999999,0.009,0.0001049999999999,0.0325,2
beef,"rib eye, small end (ribs 10-12), separable lean and fat, trimmed to 0"" fat, select, cooked, broiled",Beef,234.0,27.95,12.71,0.0,0.0,0.0,0.612,0.0,0.44,7.301,0.146,0.081,22.0,1.7,24.0,0.01,223.0,5.06,0.0,0.00145,0.009,7.6e-05,0.0301,2
beef,"rib eye, small end (ribs 10-12), separable lean and fat, trimmed to 0"" fat, all grades, cooked, broiled",Beef,249.0,27.27,14.74,0.0,0.0,0.0,0.571,0.0,0.45,7.257,0.131,0.074,20.0,1.75,23.0,0.01,212.0,4.93,0.0,0.0016,0.008,8.2e-05,0.0295,2
beef,"bottom sirloin, tri-tip roast, separable lean and fat, trimmed to 0"" fat, all grades, raw",Beef,165.0,20.64,8.55,0.0,0.0,0.0,0.563,0.0,0.32,6.087,0.1,0.064,25.0,1.49,21.0,0.011,189.0,3.58,0.0,0.00106,0.011,7.000000000000001e-05,0.0231,2
beef,"bottom sirloin, tri-tip roast, separable lean and fat, trimmed to 0"" fat, choice, cooked, roasted",Beef,221.0,25.66,12.36,0.0,0.0,0.0,0.511,0.0,0.41,6.959,0.113,0.064,17.0,1.7,20.0,0.009,189.0,4.52,0.0,0.0016899999999999,0.008,8.3e-05,0.0273,2
beef,"bottom sirloin, tri-tip roast, separable lean and fat, trimmed to 0"" fat, choice, raw",Beef,174.0,20.64,9.51,0.0,0.0,0.0,0.556,0.0,0.33,6.658,0.087,0.055,25.0,1.47,21.0,0.013,183.0,3.61,0.0,0.00115,0.011,6.7e-05,0.0221,2
beef,"bottom sirloin, tri-tip roast, separable lean and fat, trimmed to 0"" fat, select, cooked, roasted",Beef,201.0,26.44,9.78,0.0,0.0,0.0,0.579,0.0,0.39,6.906,0.138,0.077,21.0,1.62,23.0,0.009,212.0,4.82,0.0,0.00137,0.008,7.3e-05,0.0287,2
beef,"bottom sirloin, tri-tip roast, separable lean and fat, trimmed to 0"" fat, select, raw",Beef,157.0,20.64,7.68,0.0,0.0,0.0,0.57,0.0,0.31,5.516,0.112,0.074,24.0,1.51,21.0,0.01,194.0,3.54,0.0,0.00098,0.011,7.3e-05,0.0241,2
beef,"round, top round steak, boneless, separable lean and fat, trimmed to 0"" fat, all grades, cooked, grilled",Beef,167.0,29.96,4.28,0.0,0.0,0.0,0.878,0.0,0.32,8.935,0.326,0.088,18.0,3.24,17.0,0.005,305.0,5.12,0.005,0.00228,0.005,6.6e-05,0.0306999999999999,2
beef,"chuck, mock tender steak, separable lean only, trimmed to 0"" fat, choice, cooked, broiled",Beef,161.0,25.74,5.69,0.0,0.0,0.0,0.32,0.0,0.16,3.613,0.229,0.11,8.0,3.02,23.0,0.0,234.0,7.83,0.0,0.00337,0.008,0.000121,0.0252,2
beef,"chuck, mock tender steak, separable lean only, trimmed to 0"" fat, select, cooked, broiled",Beef,157.0,26.13,5.02,0.0,0.0,0.0,0.324,0.0,0.16,3.668,0.232,0.112,7.0,2.8,23.0,0.0,217.0,7.83,0.0,0.00342,0.008,0.000112,0.0253,2
beef,"chuck, top blade, separable lean only, trimmed to 0"" fat, choice, cooked, broiled",Beef,217.0,26.11,11.65,0.0,0.0,0.0,0.324,0.0,0.18,3.665,0.232,0.112,7.0,2.81,24.0,0.0,218.0,8.92,0.0,0.00342,0.008,0.000113,0.02,2
beef,"chuck, top blade, separable lean only, trimmed to 0"" fat, select, cooked, broiled",Beef,184.0,26.16,8.0,0.0,0.0,0.0,0.478,0.0,0.16,4.049,0.228,0.141,7.0,2.8,24.0,0.0,217.0,8.92,0.0,0.00378,0.009,0.000112,0.02,2
beef,"round, top round steak, boneless, separable lean and fat, trimmed to 0"" fat, choice, cooked, grilled",Beef,170.0,30.12,4.62,0.0,0.0,0.0,0.887,0.0,0.34,9.215,0.313,0.088,18.0,3.26,17.0,0.006,305.0,5.22,0.004,0.0023,0.005,6.6e-05,0.0303,2
beef,"round, top round steak, boneless, separable lean and fat, trimmed to 0"" fat, select, cooked, grilled",Beef,162.0,29.7,3.85,0.0,0.0,0.0,0.865,0.0,0.29,8.514,0.345,0.088,19.0,3.25,16.0,0.004,304.0,4.89,0.005,0.00225,0.005,6.6e-05,0.0314,2
beef,"flank, steak, separable lean and fat, trimmed to 0"" fat, all grades, raw",Beef,155.0,21.22,7.17,0.0,0.0,0.0,0.579,0.0,0.31,6.257,0.102,0.066,25.0,1.55,22.0,0.012,195.0,3.7,0.0,0.00109,0.011,7.199999999999999e-05,0.0238999999999999,2
beef,"flank, steak, separable lean and fat, trimmed to 0"" fat, select, raw",Beef,145.0,21.22,6.06,0.0,0.0,0.0,0.586,0.0,0.3,5.671,0.115,0.076,24.0,1.54,22.0,0.01,197.0,3.6,0.0,0.00101,0.011,7.4e-05,0.0245,2
beef,"chuck eye roast, boneless, America's Beef Roast, separable lean only, trimmed to 0"" fat, all grades, raw",Beef,137.0,20.61,6.01,0.0,0.0,0.0,0.403,0.0,0.2,4.593,0.16,0.065,18.0,2.18,21.0,0.011,204.0,8.21,0.002,0.00295,0.003,6.500000000000001e-05,0.0225,2
beef,"chuck eye roast, boneless, America's Beef Roast, separable lean only, trimmed to 0"" fat, choice, raw",Beef,139.0,20.67,6.21,0.0,0.0,0.0,0.383,0.0,0.23,4.593,0.157,0.06,17.0,2.18,21.0,0.011,201.0,8.25,0.002,0.00291,0.003,6.3e-05,0.0218,2
beef,"chuck eye roast, boneless, America's Beef Roast, separable lean only, trimmed to 0"" fat, select, raw",Beef,133.0,20.52,5.71,0.0,0.0,0.0,0.435,0.0,0.15,4.83,0.17,0.07,19.0,2.21,21.0,0.011,200.0,8.29,0.002,0.00298,0.003,7.099999999999999e-05,0.0243,2
beef,"brisket, flat half, boneless, separable lean and fat, trimmed to 0"" fat, choice, raw",Beef,169.0,20.15,9.86,0.0,0.0,0.0,0.586,0.0,0.16,6.115,0.154,0.07,13.0,1.98,22.0,0.002,212.0,4.93,0.004,0.0016799999999999,0.003,6.900000000000001e-05,0.0216,2
beef,"plate, inside skirt steak, separable lean only, trimmed to 0"" fat, all grades, cooked, broiled",Beef,205.0,26.66,10.06,0.0,0.0,0.0,0.327,0.0,0.11,3.82,0.194,0.092,11.0,2.83,24.0,0.0,236.0,7.43,0.0,0.0038,0.007,9.5e-05,0.0198999999999999,2
beef,"plate, outside skirt steak, separable lean only, trimmed to 0"" fat, all grades, cooked, broiled",Beef,233.0,24.18,14.37,0.0,0.0,0.0,0.495,0.0,0.11,4.331,0.195,0.119,10.0,2.66,25.0,0.0,221.0,5.72,0.0,0.0043,0.008,8.9e-05,0.0186999999999999,2
beef,"chuck, short ribs, boneless, separable lean only, trimmed to 0"" fat, choice, cooked, braised",Beef,250.0,28.84,14.95,0.0,0.0,0.0,0.291,0.0,0.1,3.467,0.257,0.1,14.0,3.19,23.0,0.015,200.0,11.95,0.002,0.0040599999999999,0.007,0.000113,0.0332999999999999,2
beef,"chuck, short ribs, boneless, separable lean only, trimmed to 0"" fat, select, cooked, braised",Beef,224.0,28.79,12.08,0.0,0.0,0.0,0.33,0.0,0.07,3.74,0.28,0.1,14.0,3.21,23.0,0.016,209.0,12.28,0.002,0.00366,0.007,0.000111,0.036,2
beef,"chuck, short ribs, boneless, separable lean only, trimmed to 0"" fat, all grades, cooked, braised",Beef,240.0,28.82,13.8,0.0,0.0,0.0,0.308,0.0,0.09,3.523,0.263,0.1,14.0,3.2,23.0,0.016,201.0,11.99,0.002,0.00392,0.007,0.000114,0.0339,2
beef,"brisket, flat half, boneless, separable lean and fat, trimmed to 0"" fat, select, raw",Beef,158.0,20.57,8.45,0.0,0.0,0.0,0.597,0.0,0.11,5.875,0.154,0.079,12.0,2.02,22.0,0.002,206.0,5.05,0.004,0.00188,0.003,6.3e-05,0.0254,2
beef,"loin, bottom sirloin butt, tri-tip roast, separable lean only, trimmed to 0"" fat, all grades, cooked, roasted",Beef,182.0,26.75,8.34,0.0,0.0,0.0,0.574,0.0,0.38,7.655,0.136,0.073,17.0,1.69,23.0,0.01,211.0,4.93,0.0,0.00153,0.009,7.9e-05,0.0308999999999999,2
alcoholic beverage,"beer, regular, all",Beverages,43.0,0.46,0.0,3.55,0.0,0.0,0.046,0.0,0.0,0.513,0.025,0.005,4.0,0.02,6.0,0.008,14.0,0.01,0.0,2e-05,0.006,5e-06,0.0006,0
alcoholic beverage,"beer, regular, BUDWEISER",Beverages,41.0,0.36,0.0,2.97,0.0,0.0,0.0,0.0,0.0,0.0,0.0,0.0,4.0,0.0,7.0,0.009,13.0,0.0,0.0,0.0,0.0,3e-06,0.0,0
alcoholic beverage,"beer, light, BUDWEISER SELECT",Beverages,28.0,0.2,0.0,0.87,0.0,0.0,0.0,0.0,0.0,0.0,0.0,0.0,4.0,0.0,6.0,0.007,0.0,0.01,0.0,0.0,0.0,1e-06,0.0,0
alcoholic beverage,"beer, light",Beverages,29.0,0.24,0.0,1.64,0.09,0.0,0.034,0.0,0.0,0.391,0.015,0.005,4.0,0.03,5.0,0.006,12.0,0.01,0.0,2e-05,0.006,6e-06,0.0004,0
alcoholic beverage,"beer, light, BUD LIGHT",Beverages,29.0,0.25,0.0,1.3,0.0,0.0,0.0,0.0,0.0,0.0,0.0,0.0,3.0,0.0,7.0,0.006,11.0,0.0,0.0,0.0,0.0,2e-06,0.0,0
alcoholic beverage,"daiquiri, canned",Beverages,125.0,0.0,0.0,15.7,0.0,0.0,0.003,1.3,0.0,0.014,0.001,0.001,0.0,0.01,1.0,0.005,2.0,0.03,0.0,0.0,0.001,1.6e-05,0.0001,0
alcoholic beverage,"daiquiri, prepared-from-recipe",Beverages,186.0,0.06,0.06,6.94,5.58,0.1,0.008,1.6,0.03,0.051,0.005,0.013,3.0,0.09,2.0,0.015,5.0,0.04,0.0,0.0,0.002,2.2e-05,0.0001,0
alcoholic beverage,"beer, light, MICHELOB ULTRA",Beverages,27.0,0.17,0.0,0.73,0.0,0.0,0.0,0.0,0.0,0.0,0.0,0.0,4.0,0.0,4.0,0.005,8.0,0.01,0.0,0.0,0.0,2e-06,0.0,0
alcoholic beverage,"pina colada, canned",Beverages,237.0,0.6,7.6,27.6,0.0,0.1,0.017,1.5,0.0,0.104,0.005,0.017,1.0,0.03,6.0,0.319,36.0,0.2,0.001,0.0,0.006,8.7e-05,0.0007,0
beverages,"almond milk, sweetened, vanilla flavor, ready-to-drink",Beverages,38.0,0.42,1.04,6.59,6.25,0.4,0.003,0.0,2.81,0.075,0.177,0.015,188.0,0.3,7.0,0.033,8.0,0.63,0.063,0.00125,0.001,1.7e-05,0.0001,0
alcoholic beverage,"pina colada, prepared-from-recipe",Beverages,174.0,0.42,1.88,22.66,22.33,0.3,0.045,4.9,0.02,0.118,0.017,0.029,8.0,0.21,8.0,0.528,7.0,0.13,0.0,0.0,0.012,7.9e-05,0.0007,0
alcoholic beverage,"tequila sunrise, canned",Beverages,110.0,0.3,0.1,11.3,0.0,0.0,0.05,19.3,0.0,0.19,0.016,0.038,0.0,0.02,7.0,0.014,10.0,0.6,0.005,0.0,0.011,4.2e-05,0.0,0
beverages,"Energy drink, Citrus",Beverages,45.0,0.0,0.0,11.27,10.42,0.0,0.0,25.0,0.0,0.0,0.0,0.0,8.0,0.0,0.0,0.0,0.0,0.0,0.0,0.0,0.0,0.0,0.0,0
beverages,"MONSTER energy drink, low carb",Beverages,5.0,0.0,0.0,1.38,1.38,0.0,0.833,0.0,0.0,8.333,0.708,0.0,0.0,0.0,0.0,0.0,0.0,0.0,0.0,0.0025,0.0,0.0,0.0,0
whiskey sour mix,powder,Beverages,383.0,0.6,0.1,97.3,97.3,0.0,0.0,2.7,0.0,0.0,0.0,0.005,272.0,0.39,19.0,0.0,13.0,0.14,0.002,1e-05,0.0,0.00013,0.0006,1
alcoholic beverage,"whiskey sour, prepared with water, whiskey and powder mix",Beverages,164.0,0.1,0.02,15.85,15.81,0.0,0.0,0.4,0.0,0.005,0.002,0.003,46.0,0.08,3.0,0.007,4.0,0.04,0.0,0.0,0.0,3.4e-05,0.0001,0
beverages,"Energy Drink, sugar-free with guarana",Beverages,4.0,0.0,0.0,1.03,0.0,0.0,0.833,0.0,0.0,0.0,0.0,0.0,0.0,0.0,0.0,0.0,0.0,0.0,0.0,0.0025,0.0,0.0,0.0,0
alcoholic beverage,"whiskey sour, canned",Beverages,119.0,0.0,0.0,13.4,0.0,0.1,0.0,1.6,0.0,0.02,0.006,0.011,0.0,0.01,1.0,0.006,6.0,0.06,0.001,0.0,0.0,8.999999999999999e-06,0.0001,0
whiskey sour mix,bottled,Beverages,87.0,0.1,0.1,21.4,21.4,0.0,0.0,2.7,0.0,0.0,0.01,0.013,2.0,0.11,1.0,0.0,6.0,0.07,0.0,0.0,0.0,0.0,0.0004,0
alcoholic beverage,"whiskey sour, prepared from item 14028",Beverages,153.0,0.06,0.06,12.82,12.78,0.0,0.0,1.6,0.0,0.005,0.008,0.01,1.0,0.08,1.0,0.007,5.0,0.06,0.0,0.0,0.0,8e-06,0.0002,0
beverages,"energy drink, Original, grape, loaded cherry, charged citrus",Beverages,44.0,0.0,0.0,11.25,11.25,0.0,0.833,0.0,0.0,0.0,0.0,0.0,0.0,0.0,0.0,0.0,0.0,0.0,0.0,0.0025,0.0,0.0,0.0,0
beverages,"water, bottled, yumberry, pomegranate with anti-oxidants",Beverages,5.0,0.0,0.0,1.25,0.0,0.0,0.083,25.0,0.56,0.833,0.0,0.0,0.0,0.0,0.0,0.0,0.0,0.0,0.0,0.00025,0.0,0.0,0.0,0
beverages,"ABBOTT, EAS whey protein powder",Beverages,385.0,66.67,5.13,17.95,5.13,0.0,1.0,0.8,0.38,10.0,0.857,0.714,256.0,0.92,181.0,0.0,643.0,7.14,0.015,0.00227,0.34,0.001,0.0248,2
alcoholic beverage,"creme de menthe, 72 proof",Beverages,371.0,0.0,0.3,41.6,41.6,0.0,0.0,0.0,0.0,0.003,0.0,0.0,0.0,0.07,0.0,0.04,0.0,0.04,0.0,0.0,0.0,8e-05,0.0004,1
beverages,"ABBOTT, EAS soy protein powder",Beverages,405.0,47.62,3.57,43.94,40.48,0.0,0.057,0.0,0.12,0.817,0.057,0.1,95.0,6.43,22.0,0.849,441.0,2.29,0.0,0.0,0.1,0.001001,0.0007,1
beverages,"CYTOSPORT, Muscle Milk, ready-to-drink",Beverages,49.0,5.87,2.01,2.06,0.78,0.2,0.224,27.6,0.83,1.416,0.139,0.133,69.0,1.3,20.0,0.0,101.0,1.05,0.088,0.00069,0.056,0.0001429999999999,0.0,0
alcoholic beverage,"distilled, all (gin, rum, vodka, whiskey) 80 proof",Beverages,231.0,0.0,0.0,0.0,0.0,0.0,0.001,0.0,0.0,0.013,0.004,0.006,0.0,0.04,0.0,0.018,4.0,0.04,0.0,0.0,0.0,2.1e-05,0.0,0
beverages,"OCEAN SPRAY, Cran-Energy, Cranberry Energy Juice Drink",Beverages,15.0,0.0,0.0,3.75,3.75,0.0,0.417,25.0,0.0,4.167,0.354,0.003,0.0,0.0,2.0,0.029,1.0,0.01,0.0,0.00125,0.0,1e-05,0.0,0
beverages,"NESTLE, Boost plus, nutritional drink, ready-to-drink",Beverages,138.0,5.38,5.38,17.29,8.46,1.2,0.269,23.1,5.19,1.537,0.163,0.144,135.0,1.73,38.0,0.269,115.0,1.73,0.084,0.00081,0.065,0.000192,0.0067,0
beverages,fortified low calorie fruit juice beverage,Beverages,4.0,0.0,0.0,0.7,0.63,0.0,0.169,25.4,1.14,0.204,0.018,0.08,9.0,0.1,10.0,0.0,16.0,0.05,0.02,0.0,0.044,4.4e-05,0.0001,0
beverages,"NESTLE, CARNATION BREAKFAST ESSENTIALS , nutritional drink, ready-to-drink, Rich milk chocolate flavor, no sugar added",Beverages,45.0,3.86,1.49,4.75,3.56,0.6,0.149,24.9,1.04,1.485,0.126,0.111,149.0,1.34,36.0,7.425,149.0,1.11,0.2,0.00045,0.05,0.000149,0.0138,0
beverages,"SLIMFAST, Meal replacement,  High Protein Shake, Ready-To-Drink, 3-2-1 plan",Beverages,58.0,6.59,2.88,0.85,0.6,0.4,0.208,19.4,4.58,2.39,0.19,0.17,130.0,0.96,44.0,0.0,136.0,0.85,0.171,0.0006,0.069,1.4e-05,0.0045,0
beverages,"UNILEVER, SLIMFAST, meal replacement, regular, ready-to-drink,  3-2-1 Plan",Beverages,57.0,3.32,1.93,7.74,5.95,1.6,0.225,19.4,4.58,2.26,0.19,0.17,161.0,0.87,45.0,0.0,161.0,0.72,0.17,0.00068,0.066,1.2e-05,0.0057,0
beverages,"UNILEVER, SLIMFAST Shake Mix, powder, 3-2-1 Plan",Beverages,379.0,8.13,13.34,66.99,38.02,18.1,2.308,1.3,51.92,38.462,0.654,1.442,364.0,0.68,385.0,0.0,385.0,17.31,1.034,0.00808,0.653,0.000769,0.0673,3
alcoholic beverage,"distilled, gin, 90 proof",Beverages,263.0,0.0,0.0,0.0,0.0,0.0,0.0,0.0,0.0,0.0,0.0,0.0,0.0,0.0,0.0,0.0,0.0,0.0,0.0,0.0,0.0,4e-06,0.0,0
alcoholic beverage,"distilled, rum, 80 proof",Beverages,231.0,0.0,0.0,0.0,0.0,0.0,0.0,0.0,0.0,0.0,0.0,0.008,0.0,0.12,0.0,0.018,5.0,0.07,0.0,0.0,0.0,5e-05,0.0,0
alcoholic beverage,"distilled, vodka, 80 proof",Beverages,231.0,0.0,0.0,0.0,0.0,0.0,0.0,0.0,0.0,0.0,0.007,0.005,0.0,0.01,0.0,0.0,5.0,0.0,0.0,0.0,0.0,1e-05,0.0,0
alcoholic beverage,"distilled, whiskey, 86 proof",Beverages,250.0,0.0,0.0,0.1,0.1,0.0,0.0,0.0,0.0,0.05,0.001,0.008,0.0,0.02,0.0,0.008,3.0,0.02,0.0,0.0,0.0,1.4e-05,0.0,0
beverages,"almond milk, chocolate, ready-to-drink",Beverages,50.0,0.63,1.25,9.38,8.75,0.4,0.006,4.4,2.81,0.103,0.177,0.022,188.0,0.53,12.0,0.083,19.0,0.63,0.063,0.00125,0.001,6.7e-05,0.0002,0
beverages,"UNILEVER, SLIMFAST Shake Mix, high protein, powder, 3-2-1 Plan",Beverages,368.0,27.87,11.62,47.48,20.59,18.2,2.307,103.8,51.92,38.442,0.654,1.499,1039.0,24.84,473.0,269.1,563.0,17.29,0.865,0.00807,0.653,0.000769,0.0675,3
alcoholic beverage,"wine, dessert, sweet",Beverages,160.0,0.2,0.0,13.69,7.78,0.0,0.0,0.0,0.0,0.213,0.018,0.018,8.0,0.24,9.0,0.119,9.0,0.07,0.0,0.0,0.0,4.5e-05,0.0005,0
beverages,Whey protein powder isolate,Beverages,359.0,58.14,1.16,29.07,1.16,0.0,1.163,34.9,7.85,11.628,0.988,0.872,698.0,1.26,233.0,58.14,581.0,8.72,0.872,0.00349,0.395,0.001163,0.0407,2
beverages,"KELLOGG'S, SPECIAL K Protein Shake",Beverages,64.0,3.2,1.6,9.2,5.95,1.7,0.23,20.0,4.5,2.2,0.19,0.16,113.0,0.5,39.0,0.0,113.0,0.7,0.169,0.0007,0.066,0.0,0.0056,0
beverages,Energy Drink with carbonated water and high fructose corn syrup,Beverages,62.0,0.42,0.0,15.0,13.75,0.0,0.833,25.0,0.0,0.0,0.0,0.0,0.0,0.0,0.0,0.0,0.0,0.63,0.0,0.0025,0.283,0.0,0.0073,0
beverages,"Energy Drink, sugar free",Beverages,4.0,0.42,0.0,0.42,0.0,0.0,0.833,25.0,0.0,0.0,0.0,0.0,0.0,0.0,0.0,0.0,0.0,0.0,0.0,0.0025,0.283,0.0,0.0,0
beverages,"ABBOTT, ENSURE, Nutritional Shake, Ready-to-Drink",Beverages,105.0,3.8,2.53,16.88,9.7,0.0,0.211,12.7,1.42,2.11,0.179,0.158,127.0,1.9,42.0,0.0,105.0,1.58,0.158,0.00063,0.072,0.000211,0.0074,0
beverages,"chocolate powder, no sugar added",Beverages,373.0,9.09,9.09,63.64,27.27,9.1,1.818,54.5,0.0,25.6,0.35,1.5,909.0,3.27,410.0,0.0,500.0,13.64,0.0,0.0,0.007,0.001818,0.0218,3
beverages,"Orange juice, light, No pulp",Beverages,21.0,0.21,0.0,5.42,4.17,0.0,0.05,30.0,1.25,0.333,0.028,0.063,0.0,0.0,10.0,0.0,4.0,0.02,0.01,0.0,0.01,1.7999999999999997e-05,0.0,0
beverages,Hi-C Flashin' Fruit Punch,Beverages,45.0,0.0,0.0,12.5,12.5,0.0,0.0,30.0,0.0,0.0,0.0,0.0,0.0,0.0,0.0,0.0,0.0,0.0,0.0,0.0,0.0,0.0,0.0,0
beverages,Protein powder whey based,Beverages,352.0,78.13,1.56,6.25,0.0,3.1,0.607,0.0,0.0,1.136,2.017,0.609,469.0,1.13,195.0,0.0,1321.0,6.18,0.0,0.00245,0.033,4.9000000000000005e-05,0.0266999999999999,2
beverages,Protein powder soy based,Beverages,388.0,55.56,5.56,28.89,22.22,6.7,0.164,0.0,0.0,2.357,0.164,0.288,178.0,12.0,64.0,0.0,1272.0,6.6,0.0,0.0,0.289,0.00262,0.0013,2
beverages,"KELLOGG'S SPECIAL K20, protein water mix",Beverages,380.0,35.2,0.6,58.4,2.0,37.5,2.8,0.0,0.0,27.65,0.0,0.0,115.0,2.0,7.0,0.0,69.0,0.0,0.002,0.0083,0.0,0.0,0.0,3
beverages,"Green tea, LIPTON, brewed from bags",Beverages,1.0,0.25,0.0,0.0,0.0,0.0,0.005,0.3,0.0,0.03,0.058,0.007,0.0,0.02,1.0,0.169,0.0,0.01,0.0,0.0,0.0,5e-06,0.0,0
beverages,"Green tea, SALADA brewed from bags",Beverages,1.0,0.19,0.0,0.0,0.0,0.0,0.0,0.0,0.0,0.0,0.0,0.0,1.0,0.02,0.0,0.184,0.0,0.01,0.0,0.0,0.0,5e-06,0.0,0
beverages,"Green tea, brewed, from bags",Beverages,1.0,0.18,0.0,0.0,0.0,0.0,0.0,0.0,0.0,0.0,0.0,0.0,0.0,0.02,1.0,0.216,0.0,0.01,0.0,0.0,0.0,4e-06,0.0,0
beverages,"ZEVIA, cola",Beverages,0.0,0.0,0.0,1.13,0.0,0.0,0.0,0.0,0.0,0.0,0.0,0.0,0.0,0.0,0.0,0.0,0.0,0.0,0.0,0.0,0.0,0.0,0.0,0
beverages,"ZEVIA, cola, caffeine free",Beverages,0.0,0.0,0.0,1.13,0.0,0.0,0.0,0.0,0.0,0.0,0.0,0.0,0.0,0.0,0.0,0.0,0.0,0.0,0.0,0.0,0.0,0.0,0.0,0
beverages,"water, bottled, naturally sparkling (carbonated), mineral",Beverages,0.0,0.0,0.0,0.0,0.0,0.0,0.0,0.0,0.0,0.0,0.0,0.0,33.0,0.0,11.0,0.0,0.0,0.0,0.0,0.0,0.0,0.0,0.0,0
beverages,"ICELANDIC, Glacial Natural spring water",Beverages,0.0,0.0,0.0,0.0,0.0,0.0,0.0,0.0,0.0,0.0,0.0,0.0,1.0,0.0,0.0,0.0,0.0,0.0,0.0,0.0,0.0,0.0,0.0,0
beverages,"PEPSICO, Mountain Dew, Kickstart, Black Cherry",Beverages,17.0,0.0,0.0,4.23,4.02,0.0,0.0,0.0,0.0,0.0,0.0,0.0,0.0,0.0,0.0,0.0,30.0,0.0,0.0,0.0,0.0,0.0,0.0,0
beverages,"PEPSICO, Mountain Dew Original",Beverages,49.0,0.0,0.0,13.11,12.9,0.0,0.0,0.0,0.0,0.0,0.0,0.0,0.0,0.0,0.0,0.0,0.0,0.0,0.0,0.0,0.0,0.0,0.0,0
beverages,"NESTLE, Ovaltine, rich chocolate, powder",Beverages,364.0,0.0,0.0,92.96,81.82,0.0,1.818,54.5,12.27,18.182,0.0,1.364,909.0,16.36,218.0,0.0,0.0,13.64,1.365,0.0,0.0,0.001818,0.0,1
beverages,"GEROLSTEINER BRUNNEN GmbH & Co.KG,Gerolsteiner, water, bottled, naturally sparkling, mineral",Beverages,0.0,0.0,0.0,0.0,0.0,0.0,0.0,0.0,0.0,0.0,0.0,0.0,33.0,0.0,11.0,0.0,0.0,0.0,0.0,0.0,0.0,0.0,0.0,0
beverages,"Chocolate malt, powder, prepared with fat free milk",Beverages,49.0,3.25,0.17,8.64,7.77,0.0,0.116,3.3,0.54,0.865,0.134,0.093,234.0,0.74,20.0,0.0,97.0,0.97,0.137,0.0003599999999999,0.005,8.9e-05,0.002,0
alcoholic beverage,"wine, table, all",Beverages,83.0,0.07,0.0,2.72,0.79,0.0,0.054,0.0,0.0,0.166,0.023,0.005,8.0,0.37,11.0,0.124,20.0,0.13,0.0,0.0,0.001,7e-06,0.0002,0
v8 splash smoothies,Peach Mango,Beverages,37.0,1.22,0.0,7.76,7.35,0.0,0.082,24.5,0.0,0.816,0.0,0.0,41.0,0.15,0.0,0.0,0.0,0.0,0.0,0.0002399999999999,0.0,0.0,0.0,0
v8 splash smoothies,Strawberry Banana,Beverages,37.0,1.22,0.0,8.16,7.35,0.0,0.082,24.5,0.0,0.816,0.0,0.0,41.0,0.15,0.0,0.0,0.0,0.0,0.0,0.0002399999999999,0.0,0.0,0.0,0
v8 splash smoothies,Tropical Colada,Beverages,41.0,1.22,0.0,8.54,7.32,0.4,0.0,24.4,0.0,0.813,0.0,0.0,41.0,0.15,0.0,0.0,0.0,0.0,0.0,0.0002399999999999,0.0,0.0,0.0,0
beverages,"Coconut water, ready-to-drink",Beverages,18.0,0.22,0.0,4.24,3.92,0.0,0.0,9.9,0.0,0.0,0.0,0.03,7.0,0.03,6.0,0.221,5.0,0.02,0.0,0.0,0.0,8e-06,0.0,0
alcoholic beverage,"wine, table, red",Beverages,85.0,0.07,0.0,2.61,0.62,0.0,0.057,0.0,0.0,0.224,0.031,0.005,8.0,0.46,12.0,0.132,23.0,0.14,0.0,0.0,0.001,1.1e-05,0.0002,0
alcoholic beverage,"wine, table, red, Cabernet Sauvignon",Beverages,83.0,0.07,0.0,2.6,0.0,0.0,0.0,0.0,0.0,0.0,0.0,0.0,0.0,0.0,0.0,0.0,0.0,0.0,0.0,0.0,0.0,0.0,0.0,0
alcoholic beverage,"wine, table, red, Cabernet Franc",Beverages,83.0,0.07,0.0,2.45,0.0,0.0,0.0,0.0,0.0,0.0,0.0,0.0,0.0,0.0,0.0,0.0,0.0,0.0,0.0,0.0,0.0,0.0,0.0,0
alcoholic beverage,"wine, table, red, Pinot Noir",Beverages,82.0,0.07,0.0,2.31,0.0,0.0,0.0,0.0,0.0,0.0,0.0,0.0,0.0,0.0,0.0,0.0,0.0,0.0,0.0,0.0,0.0,0.0,0.0,0
alcoholic beverage,"wine, table, red, Syrah",Beverages,83.0,0.07,0.0,2.58,0.0,0.0,0.0,0.0,0.0,0.0,0.0,0.0,0.0,0.0,0.0,0.0,0.0,0.0,0.0,0.0,0.0,0.0,0.0,0
alcoholic beverage,"wine, table, red, Barbera",Beverages,85.0,0.07,0.0,2.79,0.0,0.0,0.0,0.0,0.0,0.0,0.0,0.0,0.0,0.0,0.0,0.0,0.0,0.0,0.0,0.0,0.0,0.0,0.0,0
alcoholic beverage,"wine, table, red, Zinfandel",Beverages,88.0,0.07,0.0,2.86,0.0,0.0,0.0,0.0,0.0,0.0,0.0,0.0,0.0,0.0,0.0,0.0,0.0,0.0,0.0,0.0,0.0,0.0,0.0,0
alcoholic beverage,"wine, table, red, Petite Sirah",Beverages,85.0,0.07,0.0,2.68,0.0,0.0,0.0,0.0,0.0,0.0,0.0,0.0,0.0,0.0,0.0,0.0,0.0,0.0,0.0,0.0,0.0,0.0,0.0,0
alcoholic beverage,"wine, table, red, Claret",Beverages,83.0,0.07,0.0,3.01,0.0,0.0,0.0,0.0,0.0,0.0,0.0,0.0,0.0,0.0,0.0,0.0,0.0,0.0,0.0,0.0,0.0,0.0,0.0,0
alcoholic beverage,"wine, table, white",Beverages,82.0,0.07,0.0,2.6,0.96,0.0,0.05,0.0,0.0,0.108,0.015,0.005,9.0,0.27,10.0,0.117,18.0,0.12,0.0,0.0,0.001,4e-06,0.0001,0
alcoholic beverage,"wine, table, red, Lemberger",Beverages,80.0,0.07,0.0,2.46,0.0,0.0,0.0,0.0,0.0,0.0,0.0,0.0,0.0,0.0,0.0,0.0,0.0,0.0,0.0,0.0,0.0,0.0,0.0,0
alcoholic beverage,"wine, table, red, Sangiovese",Beverages,86.0,0.07,0.0,2.62,0.0,0.0,0.0,0.0,0.0,0.0,0.0,0.0,0.0,0.0,0.0,0.0,0.0,0.0,0.0,0.0,0.0,0.0,0.0,0
alcoholic beverage,"wine, table, red, Carignane",Beverages,74.0,0.07,0.0,2.4,0.0,0.0,0.0,0.0,0.0,0.0,0.0,0.0,0.0,0.0,0.0,0.0,0.0,0.0,0.0,0.0,0.0,0.0,0.0,0
alcoholic beverage,"wine, table, white, Pinot Gris (Grigio)",Beverages,83.0,0.07,0.0,2.06,0.0,0.0,0.0,0.0,0.0,0.0,0.0,0.0,0.0,0.0,0.0,0.0,0.0,0.0,0.0,0.0,0.0,0.0,0.0,0
beef broth and tomato juice,canned,Beverages,37.0,0.6,0.1,8.5,0.0,0.1,0.024,0.9,0.0,0.164,0.029,0.001,11.0,0.58,3.0,0.028,13.0,0.02,0.006,5e-05,0.004,1.7e-05,0.0007,0
alcoholic beverage,"wine, table, white, Chenin Blanc",Beverages,80.0,0.07,0.0,3.31,0.0,0.0,0.0,0.0,0.0,0.0,0.0,0.0,0.0,0.0,0.0,0.0,0.0,0.0,0.0,0.0,0.0,0.0,0.0,0
alcoholic beverage,"wine, table, white, Fume Blanc",Beverages,82.0,0.07,0.0,2.27,0.0,0.0,0.0,0.0,0.0,0.0,0.0,0.0,0.0,0.0,0.0,0.0,0.0,0.0,0.0,0.0,0.0,0.0,0.0,0
mixed vegetable and fruit juice drink,with added nutrients,Beverages,29.0,0.04,0.01,7.47,2.1,0.0,0.01,32.5,1.63,0.018,0.004,0.003,3.0,0.04,1.0,0.012,2.0,0.01,0.104,0.0,0.0,8.999999999999999e-06,0.0001,0
alcoholic beverage,"wine, table, white, Muller Thurgau",Beverages,76.0,0.07,0.0,3.48,0.0,0.0,0.0,0.0,0.0,0.0,0.0,0.0,0.0,0.0,0.0,0.0,0.0,0.0,0.0,0.0,0.0,0.0,0.0,0
carbonated beverage,club soda,Beverages,0.0,0.0,0.0,0.0,0.0,0.0,0.0,0.0,0.0,0.0,0.0,0.0,5.0,0.01,1.0,0.001,0.0,0.1,0.0,0.0,0.0,6e-06,0.0,0
alcoholic beverage,"wine, table, white, Gewurztraminer",Beverages,81.0,0.07,0.0,2.6,0.0,0.0,0.0,0.0,0.0,0.0,0.0,0.0,0.0,0.0,0.0,0.0,0.0,0.0,0.0,0.0,0.0,0.0,0.0,0
alcoholic beverage,"wine, table, white, late harvest, Gewurztraminer",Beverages,108.0,0.07,0.0,11.39,0.0,0.0,0.0,0.0,0.0,0.0,0.0,0.0,0.0,0.0,0.0,0.0,0.0,0.0,0.0,0.0,0.0,0.0,0.0,0
alcoholic beverage,"wine, table, white, Semillon",Beverages,82.0,0.07,0.0,3.12,0.0,0.0,0.0,0.0,0.0,0.0,0.0,0.0,0.0,0.0,0.0,0.0,0.0,0.0,0.0,0.0,0.0,0.0,0.0,0
carbonated beverage,cream soda,Beverages,51.0,0.0,0.0,13.3,13.3,0.0,0.0,0.0,0.0,0.0,0.0,0.0,5.0,0.05,1.0,0.013,0.0,0.07,0.0,0.0,0.0,8e-06,0.0,0
alcoholic beverage,"wine, table, white, Riesling",Beverages,80.0,0.07,0.0,3.74,0.0,0.0,0.0,0.0,0.0,0.0,0.0,0.0,0.0,0.0,0.0,0.0,0.0,0.0,0.0,0.0,0.0,0.0,0.0,0
alcoholic beverage,"wine, table, white, Sauvignon Blanc",Beverages,81.0,0.07,0.0,2.05,0.0,0.0,0.0,0.0,0.0,0.0,0.0,0.0,0.0,0.0,0.0,0.0,0.0,0.0,0.0,0.0,0.0,0.0,0.0,0
alcoholic beverage,"wine, table, white, late harvest",Beverages,112.0,0.07,0.0,13.39,0.0,0.0,0.0,0.0,0.0,0.0,0.0,0.0,0.0,0.0,0.0,0.0,0.0,0.0,0.0,0.0,0.0,0.0,0.0,0
carbonated beverage,ginger ale,Beverages,34.0,0.0,0.0,8.77,8.7,0.0,0.0,0.0,0.0,0.0,0.0,0.0,3.0,0.18,1.0,0.013,0.0,0.05,0.0,0.0,0.0,1.7999999999999997e-05,0.0001,0
tea,"ready-to-drink, NESTLE, COOL NESTEA ice tea lemon flavor",Beverages,36.0,0.0,0.0,9.09,9.09,0.0,0.0,0.0,0.0,0.0,0.0,0.0,3.0,0.0,1.0,0.131,36.0,0.06,0.0,0.0,0.0,8e-06,0.0,0
alcoholic beverage,"wine, table, white, Pinot Blanc",Beverages,81.0,0.07,0.0,1.94,0.0,0.0,0.0,0.0,0.0,0.0,0.0,0.0,0.0,0.0,0.0,0.0,0.0,0.0,0.0,0.0,0.0,0.0,0.0,0
alcoholic beverage,"wine, table, white, Muscat",Beverages,82.0,0.07,0.0,5.23,0.0,0.0,0.0,0.0,0.0,0.0,0.0,0.0,0.0,0.0,0.0,0.0,0.0,0.0,0.0,0.0,0.0,0.0,0.0,0
carbonated beverage,grape soda,Beverages,43.0,0.0,0.0,11.2,0.0,0.0,0.0,0.0,0.0,0.0,0.0,0.0,3.0,0.08,1.0,0.013,0.0,0.07,0.0,0.0,0.0,2.2e-05,0.0,0
carbonated beverage,"low calorie, other than cola or pepper,  without caffeine",Beverages,0.0,0.1,0.0,0.0,0.0,0.0,0.0,0.0,0.0,0.0,0.0,0.0,4.0,0.04,1.0,0.017,0.0,0.0,0.0,0.0,0.0,2.5e-05,0.0,0
carbonated beverage,"lemon-lime soda, no caffeine",Beverages,41.0,0.09,0.0,10.42,10.38,0.0,0.0,0.0,0.0,0.015,0.0,0.0,2.0,0.02,1.0,0.0,0.0,0.01,0.0,0.0,0.0,0.0,0.0,0
carbonated beverage,"SPRITE, lemon-lime, without caffeine",Beverages,40.0,0.05,0.02,10.14,8.98,0.0,0.0,0.0,0.0,0.015,0.0,0.0,2.0,0.11,1.0,0.002,0.0,0.04,0.0,0.0,0.0,1e-06,0.0,0
carbonated beverage,"low calorie, cola or pepper-type, with aspartame, without caffeine",Beverages,1.0,0.12,0.0,0.12,0.0,0.0,0.0,0.0,0.0,0.0,0.023,0.005,3.0,0.02,0.0,0.0,10.0,0.01,0.0,0.0,0.0,2e-06,0.0001,0
carbonated beverage,"cola, without caffeine",Beverages,41.0,0.0,0.0,10.58,10.58,0.0,0.0,0.0,0.0,0.0,0.0,0.0,2.0,0.02,0.0,0.0,11.0,0.01,0.0,0.0,0.0,0.0,0.0001,0
carbonated beverage,cola,Beverages,41.0,0.0,0.0,10.58,10.75,0.0,0.0,0.0,0.0,0.0,0.0,0.0,2.0,0.02,0.0,0.0,11.0,0.01,0.0,0.0,0.0,0.0,0.0001,0
carbonated beverage,"reduced sugar, cola, contains caffeine and sweeteners",Beverages,20.0,0.0,0.0,5.16,5.16,0.0,0.0,0.0,0.0,0.0,0.0,0.0,2.0,0.02,0.0,0.0,11.0,0.01,0.0,0.0,0.0,0.0,0.0001,0
carbonated beverage,orange,Beverages,48.0,0.0,0.0,12.3,0.0,0.0,0.0,0.0,0.0,0.0,0.0,0.0,5.0,0.06,1.0,0.013,1.0,0.1,0.0,0.0,0.0,1.5e-05,0.0,0
carbonated beverage,"low calorie, other than cola or pepper, with aspartame, contains caffeine",Beverages,0.0,0.1,0.0,0.0,0.0,0.0,0.0,0.0,0.0,0.0,0.0,0.0,4.0,0.04,1.0,0.017,0.0,0.0,0.0,0.0,0.0,2.5e-05,0.0,0
alcoholic beverage,"wine, table, red, Burgundy",Beverages,86.0,0.07,0.0,3.69,0.0,0.0,0.0,0.0,0.0,0.0,0.0,0.0,0.0,0.0,0.0,0.0,0.0,0.0,0.0,0.0,0.0,0.0,0.0,0
carbonated beverage,"pepper-type, contains caffeine",Beverages,41.0,0.0,0.1,10.4,0.0,0.0,0.0,0.0,0.0,0.0,0.0,0.0,3.0,0.04,0.0,0.035,11.0,0.04,0.0,0.0,0.0,6e-06,0.0001,0
energy drink,"RED BULL, with added caffeine, niacin, pantothenic acid, vitamins B6 and B12",Beverages,45.0,0.25,0.08,10.94,10.06,0.0,1.959,0.0,0.0,8.5,0.575,0.025,13.0,0.02,3.0,0.003,0.0,0.0,0.0,0.00196,0.0,5e-06,0.0002,0
carbonated beverage,tonic water,Beverages,34.0,0.0,0.0,8.8,8.8,0.0,0.0,0.0,0.0,0.0,0.0,0.0,1.0,0.01,0.0,0.001,0.0,0.1,0.0,0.0,0.0,6e-06,0.0,0
energy drink,"RED BULL, sugar free, with added caffeine, niacin, pantothenic acid, vitamins B6 and B12",Beverages,5.0,0.25,0.08,0.7,0.0,0.0,1.995,0.0,0.0,8.5,0.575,0.025,13.0,0.02,3.0,0.003,0.0,0.0,0.0,0.00199,0.0,5e-06,0.0002,0
carbonated beverage,root beer,Beverages,41.0,0.0,0.0,10.6,10.6,0.0,0.0,0.0,0.0,0.0,0.0,0.0,5.0,0.05,1.0,0.013,0.0,0.07,0.0,0.0,0.0,7e-06,0.0001,0
alcoholic beverage,"wine, table, red, Gamay",Beverages,78.0,0.07,0.0,2.38,0.0,0.0,0.0,0.0,0.0,0.0,0.0,0.0,0.0,0.0,0.0,0.0,0.0,0.0,0.0,0.0,0.0,0.0,0.0,0
alcoholic beverage,"wine, table, red, Mouvedre",Beverages,88.0,0.07,0.0,2.64,0.0,0.0,0.0,0.0,0.0,0.0,0.0,0.0,0.0,0.0,0.0,0.0,0.0,0.0,0.0,0.0,0.0,0.0,0.0,0
alcoholic beverage,"wine, table, white, Chardonnay",Beverages,84.0,0.07,0.0,2.16,0.96,0.0,0.05,0.0,0.0,0.108,0.015,0.005,9.0,0.27,10.0,0.117,18.0,0.12,0.0,0.0,0.0,4e-06,0.0001,0
carbonated beverage,"low calorie, cola or pepper-types, with sodium saccharin, contains caffeine",Beverages,0.0,0.0,0.0,0.1,0.0,0.0,0.0,0.0,0.0,0.0,0.0,0.0,4.0,0.02,1.0,0.009,11.0,0.03,0.0,0.0,0.0,1.3e-05,0.0001,0
carob-flavor beverage mix,powder,Beverages,372.0,1.8,0.2,93.3,0.0,8.0,0.124,0.0,0.0,0.76,0.001,0.009,32.0,4.6,5.0,0.063,7.0,0.08,0.0,0.0,0.0,6e-05,0.0015,3
carob-flavor beverage mix,"powder, prepared with whole milk",Beverages,75.0,3.16,3.11,8.68,0.0,0.4,0.04,0.0,0.0,0.138,0.174,0.042,98.0,0.25,10.0,0.006,80.0,0.37,0.027,0.0004199999999999,0.005,2.5e-05,0.0036,0
chocolate-flavor beverage mix,"powder, prepared with whole milk",Beverages,85.0,3.23,3.24,11.91,0.0,0.4,0.034,0.1,0.06,0.142,0.18,0.043,95.0,0.3,18.0,0.064,88.0,0.48,0.026,0.0004,0.005,8.2e-05,0.0036,0
chocolate syrup,No_descr,Beverages,279.0,2.1,1.13,65.1,49.65,2.6,0.006,0.2,0.02,0.322,0.05,0.009,14.0,2.11,65.0,0.382,129.0,0.73,0.0,0.0,0.002,0.000512,0.0014,1
chocolate syrup,prepared with whole milk,Beverages,90.0,3.07,2.96,12.78,11.31,0.3,0.032,0.0,0.05,0.137,0.165,0.039,89.0,0.32,18.0,0.055,90.0,0.43,0.025,0.00038,0.005,8.999999999999999e-05,0.0034,0
clam and tomato juice,canned,Beverages,48.0,0.6,0.2,10.95,3.31,0.4,0.061,5.0,0.11,0.231,0.012,0.021,8.0,0.15,5.0,0.032,11.0,0.08,0.007,3e-05,0.008,2.9e-05,0.0004,0
cocoa mix,powder,Beverages,398.0,6.67,4.0,83.73,65.55,3.7,0.114,0.2,0.19,0.586,0.565,0.096,133.0,1.19,83.0,0.269,315.0,1.46,0.001,0.00035,0.006,0.0002859999999999,0.005,1
cocoa mix,"powder, prepared with water",Beverages,55.0,0.92,0.55,11.54,9.03,0.5,0.016,0.0,0.03,0.081,0.078,0.013,21.0,0.17,12.0,0.037,43.0,0.21,0.0,5e-05,0.001,4.8e-05,0.0007,0
cocoa mix,"NESTLE, Hot Cocoa Mix Rich Chocolate With Marshmallows",Beverages,400.0,2.8,15.0,75.0,65.0,3.7,0.0,0.0,0.0,0.0,0.0,0.0,80.0,1.8,0.0,0.0,0.0,0.0,0.0,0.0,0.0,0.0,0.0,1
cocoa mix,"no sugar added, powder",Beverages,377.0,15.49,3.0,71.93,37.65,7.5,0.318,0.0,0.04,1.084,1.4,0.267,576.0,4.96,208.0,0.665,893.0,3.44,0.004,0.0011799999999999,0.014,0.00073,0.0169,1
cocoa mix,"NESTLE, Rich Chocolate Hot Cocoa Mix",Beverages,400.0,3.0,15.0,75.0,60.0,4.0,0.0,0.0,0.0,0.0,0.0,0.0,100.0,1.8,0.0,0.0,0.0,0.0,0.0,0.0,0.0,0.0,0.0,1
coffee,"brewed from grounds, prepared with tap water, decaffeinated",Beverages,0.0,0.1,0.0,0.0,0.0,0.0,0.0,0.0,0.0,0.222,0.0,0.0,2.0,0.05,5.0,0.027,1.0,0.02,0.0,0.0,0.0,7e-06,0.0001,0
coffee,"brewed, espresso, restaurant-prepared, decaffeinated",Beverages,9.0,0.1,0.18,1.69,0.0,0.0,0.002,0.2,0.0,5.207,0.177,0.001,2.0,0.13,80.0,0.05,7.0,0.05,0.0,0.0,0.001,5e-05,0.0,0
coffee,"instant, regular, powder, half the caffeine",Beverages,352.0,14.42,0.5,73.18,0.0,0.0,0.029,0.0,0.0,28.173,0.074,0.008,141.0,4.41,327.0,1.712,303.0,0.35,0.0,0.0,0.0,0.000139,0.0126,3
coffee and cocoa (mocha) powder,"with whitener and low calorie sweetener, decaffeinated",Beverages,440.0,9.0,13.21,71.4,34.98,4.8,0.03,0.0,0.09,4.655,0.109,0.021,60.0,3.06,122.0,0.807,451.0,1.01,0.0,0.0,0.005,0.00056,0.004,1
coffee,"brewed from grounds, prepared with tap water",Beverages,1.0,0.12,0.02,0.0,0.0,0.0,0.001,0.0,0.01,0.191,0.076,0.014,2.0,0.01,3.0,0.023,3.0,0.02,0.0,0.0,0.002,2e-06,0.0,0
coffee,"brewed, espresso, restaurant-prepared",Beverages,9.0,0.12,0.18,1.67,0.0,0.0,0.002,0.2,0.01,5.207,0.177,0.001,2.0,0.13,80.0,0.05,7.0,0.05,0.0,0.0,0.001,5e-05,0.0,0
coffee,"instant, regular, powder",Beverages,353.0,12.2,0.5,75.4,0.0,0.0,0.029,0.0,0.0,28.173,0.074,0.008,141.0,4.41,327.0,1.712,303.0,0.35,0.0,0.0,0.0,0.000139,0.0126,3
coffee,"instant, regular, prepared with water",Beverages,2.0,0.1,0.0,0.34,0.0,0.0,0.0,0.0,0.0,0.236,0.001,0.0,4.0,0.04,4.0,0.015,3.0,0.01,0.0,0.0,0.0,1.1e-05,0.0001,0
coffee,"instant, decaffeinated, powder",Beverages,351.0,11.6,0.2,76.0,0.0,0.0,0.0,0.0,0.0,28.075,1.36,0.0,140.0,3.8,311.0,1.222,286.0,0.11,0.0,0.0,0.0,6.900000000000001e-05,0.0173,3
coffee,"instant, decaffeinated, powder, prepared with water",Beverages,2.0,0.12,0.0,0.43,0.0,0.0,0.0,0.0,0.0,0.282,0.014,0.0,4.0,0.04,4.0,0.012,3.0,0.01,0.0,0.0,0.0,1e-05,0.0002,0
coffee,"instant, with chicory, powder",Beverages,355.0,9.3,0.2,78.9,0.0,0.5,0.029,0.0,0.0,21.667,0.29,0.0,103.0,4.76,213.0,1.2,271.0,0.37,0.0,0.0,0.0,5e-05,0.0094,3
coffee,"instant, with chicory, prepared with water",Beverages,3.0,0.09,0.0,0.75,0.0,0.0,0.0,0.0,0.0,0.218,0.003,0.0,4.0,0.05,3.0,0.012,3.0,0.01,0.0,0.0,0.0,1e-05,0.0001,0
coffee,"instant, with sugar, mocha-flavor, powder",Beverages,460.0,5.29,15.87,74.04,58.2,1.9,0.055,0.6,0.0,2.263,0.028,0.031,271.0,0.0,68.0,0.445,251.0,0.96,0.001,0.00045,0.009,0.000435,0.0062,1
coffee substitute,"cereal grain beverage, powder",Beverages,360.0,6.01,2.52,78.42,4.63,23.3,0.747,0.0,0.98,17.664,0.095,0.413,58.0,4.6,244.0,1.1,580.0,0.51,0.0,0.0,0.052,0.000208,0.0640999999999999,3
coffee substitute,"cereal grain beverage, prepared with water",Beverages,6.0,0.1,0.04,1.3,0.08,0.4,0.012,0.0,0.02,0.294,0.002,0.007,4.0,0.08,5.0,0.019,10.0,0.01,0.0,0.0,0.001,1.3e-05,0.0011,0
cranberry-apple juice drink,bottled,Beverages,63.0,0.0,0.11,15.85,14.5,0.0,0.0,39.5,0.12,0.0,0.0,0.0,3.0,0.07,1.0,0.029,2.0,0.02,0.0,0.0,0.0,1e-05,0.0,0
cranberry-apricot juice drink,bottled,Beverages,64.0,0.2,0.0,16.2,0.0,0.1,0.02,0.0,0.0,0.12,0.01,0.005,9.0,0.15,3.0,0.125,5.0,0.04,0.023,0.0,0.001,1.5e-05,0.0,0
cranberry-grape juice drink,bottled,Beverages,56.0,0.2,0.1,14.0,0.0,0.1,0.028,32.0,0.0,0.12,0.018,0.01,8.0,0.01,3.0,0.158,4.0,0.04,0.0,0.0,0.001,7e-06,0.0,0
cranberry juice cocktail,bottled,Beverages,54.0,0.0,0.1,13.52,11.87,0.0,0.0,42.3,0.22,0.041,0.0,0.0,3.0,0.1,1.0,0.048,1.0,0.03,0.0,0.0,0.0,1e-05,0.0002,0
cranberry juice cocktail,"bottled, low calorie, with calcium, saccharin and corn sweetener",Beverages,19.0,0.02,0.01,4.6,4.59,0.0,0.002,32.2,0.05,0.004,0.002,0.0,9.0,0.04,2.0,0.006,1.0,0.02,0.0,0.0,0.0,1e-05,0.0,0
eggnog-flavor mix,"powder, prepared with whole milk",Beverages,95.0,2.93,3.02,14.2,12.66,0.0,0.033,0.0,0.06,0.112,0.166,0.04,92.0,0.12,10.0,0.007,77.0,0.35,0.026,0.00039,0.005,2.2e-05,0.0034,0
citrus fruit juice drink,frozen concentrate,Beverages,162.0,1.2,0.1,40.2,28.63,0.2,0.066,95.3,0.22,0.263,0.034,0.051,25.0,3.94,20.0,0.255,36.0,0.12,0.007,0.0,0.026,9.7e-05,0.0004,0
citrus fruit juice drink,"frozen concentrate, prepared with water",Beverages,46.0,0.34,0.03,11.42,8.13,0.1,0.019,27.1,0.06,0.075,0.01,0.014,9.0,1.12,6.0,0.073,10.0,0.04,0.002,0.0,0.007,3.5000000000000004e-05,0.0001,0
fruit punch drink,"without added nutrients, canned",Beverages,48.0,0.0,0.0,11.97,11.29,0.0,0.011,0.4,0.02,0.021,0.023,0.022,8.0,0.09,3.0,0.084,3.0,0.01,0.0,0.0,0.004,1e-05,0.0002,0
fruit punch drink,"with added nutrients, canned",Beverages,47.0,0.0,0.0,11.94,11.29,0.2,0.011,29.6,0.01,0.021,0.023,0.005,8.0,0.09,3.0,0.084,3.0,0.01,0.002,0.0,0.001,1e-05,0.0002,0
fruit punch drink,frozen concentrate,Beverages,162.0,0.2,0.0,41.4,0.0,0.4,0.021,155.6,0.0,0.074,0.046,0.034,8.0,0.3,6.0,0.36,2.0,0.07,0.002,0.0,0.003,8.999999999999999e-05,0.0,0
fruit punch drink,"frozen concentrate, prepared with water",Beverages,46.0,0.06,0.0,11.66,0.0,0.1,0.006,43.8,0.0,0.021,0.013,0.01,4.0,0.09,2.0,0.102,1.0,0.02,0.001,0.0,0.001,3.2e-05,0.0,0
grape drink,canned,Beverages,61.0,0.0,0.0,15.72,13.06,0.0,0.002,31.4,0.0,0.01,0.004,0.001,52.0,0.07,1.0,0.027,0.0,0.12,0.0,0.0,0.0,1.3e-05,0.0001,0
grape juice drink,canned,Beverages,57.0,0.0,0.0,14.55,14.11,0.1,0.035,26.5,0.0,0.142,0.354,0.225,7.0,0.13,6.0,0.2,6.0,0.03,0.0,0.0,0.001,2.2e-05,0.0001,0
lemonade,powder,Beverages,376.0,0.0,1.05,97.57,94.7,0.4,0.026,39.9,0.14,0.13,0.0,0.015,20.0,0.19,247.0,0.016,4.0,0.1,0.0,0.0,0.006,4.5e-05,0.0006,1
lemonade,"powder, prepared with water",Beverages,14.0,0.0,0.04,3.59,3.5,0.0,0.001,1.5,0.01,0.005,0.0,0.001,4.0,0.01,10.0,0.001,0.0,0.01,0.0,0.0,0.0,1.1e-05,0.0,0
lemonade,"frozen concentrate, white",Beverages,196.0,0.22,0.7,49.89,44.46,0.3,0.02,13.1,0.09,0.11,0.0,0.02,7.0,0.09,7.0,0.013,7.0,0.04,0.0,0.0,0.007,1.3e-05,0.0004,1
lemonade,"frozen concentrate, white, prepared with water",Beverages,40.0,0.07,0.04,10.42,9.98,0.0,0.006,3.9,0.01,0.016,0.021,0.006,4.0,0.16,2.0,0.005,2.0,0.02,0.0,0.0,0.001,2.1e-05,0.0001,0
lemonade-flavor drink,powder,Beverages,380.0,0.0,1.01,97.9,97.15,0.0,0.0,40.6,0.08,0.0,0.011,0.002,11.0,0.17,165.0,0.011,99.0,0.03,0.0,0.0,0.0,2.5e-05,0.0003,1
lemonade-flavor drink,"powder, prepared with water",Beverages,27.0,0.0,0.07,6.9,6.87,0.0,0.0,2.9,0.0,0.0,0.001,0.0,4.0,0.01,13.0,0.001,7.0,0.01,0.0,0.0,0.0,1.1e-05,0.0,0
limeade,"frozen concentrate, prepared with water",Beverages,52.0,0.0,0.0,13.79,13.27,0.0,0.004,3.1,0.0,0.009,0.003,0.002,2.0,0.0,2.0,0.001,1.0,0.01,0.0,0.0,0.001,1.6e-05,0.0001,0
malt beverage,includes non-alcoholic beer,Beverages,37.0,0.21,0.12,8.05,8.05,0.0,0.027,0.5,0.0,1.113,0.048,0.016,7.0,0.06,7.0,0.013,16.0,0.02,0.0,2e-05,0.014,8e-06,0.0012,0
beverages,"OVALTINE, Classic Malt powder",Beverages,372.0,0.0,0.0,93.33,63.64,0.0,1.818,54.5,12.27,18.182,0.0,1.364,909.0,16.36,218.0,0.0,0.0,13.64,1.365,0.0,0.0,0.001818,0.0,1
malted drink mix,"natural, with added nutrients, powder, prepared with whole milk",Beverages,86.0,3.67,3.21,10.67,8.37,0.0,0.325,10.4,0.0,3.993,0.455,0.277,123.0,1.36,15.0,0.037,107.0,0.41,0.281,0.0004,0.006,4.4e-05,0.0042,0
malted drink mix,"natural, powder, has milk",Beverages,428.0,14.29,9.52,71.21,47.62,0.1,0.41,2.9,0.36,5.246,0.92,0.505,298.0,0.7,93.0,0.237,358.0,0.99,0.063,0.0008,0.046,0.0002,0.0163999999999999,1
malted drink mix,"natural, powder, prepared with whole milk",Beverages,88.0,3.86,3.62,10.23,9.56,0.1,0.066,0.2,0.0,0.519,0.242,0.081,117.0,0.09,17.0,0.021,106.0,0.43,0.033,0.00046,0.008,3.7e-05,0.0052,0
beverages,"OVALTINE, chocolate malt powder",Beverages,372.0,0.0,0.0,92.96,72.73,0.0,1.818,54.5,12.27,18.182,0.0,1.364,909.0,16.36,218.0,0.0,0.0,13.64,1.365,0.0,0.0,0.001818,0.0,1
malted drink mix,"chocolate, with added nutrients, powder, prepared with whole milk",Beverages,87.0,3.29,3.26,11.19,10.49,0.4,0.383,12.0,0.07,4.164,0.484,0.287,139.0,1.42,17.0,0.054,109.0,0.43,0.357,0.0004199999999999,0.005,7.4e-05,0.0036,0
malted drink mix,"chocolate, powder",Beverages,411.0,5.1,4.76,86.94,66.67,4.8,0.156,1.5,0.17,2.003,0.2,0.173,60.0,2.28,70.0,0.0,175.0,0.8,0.033,0.0004199999999999,0.05,0.0002,0.0069,1
malted drink mix,"chocolate, powder, prepared with whole milk",Beverages,85.0,3.37,3.29,11.2,6.68,0.5,0.046,0.1,0.06,0.259,0.184,0.054,98.0,0.21,15.0,0.08,91.0,0.41,0.026,0.0004199999999999,0.009,3.7e-05,0.0054,0
orange drink,"canned, with added vitamin C",Beverages,49.0,0.0,0.07,12.34,11.03,0.0,0.0,57.3,0.02,0.011,0.0,0.0,5.0,0.04,2.0,0.011,1.0,0.02,0.001,0.0,0.002,0.0,0.0,0
orange and apricot juice drink,canned,Beverages,51.0,0.3,0.1,12.7,12.06,0.1,0.037,20.0,0.11,0.2,0.01,0.02,5.0,0.1,5.0,0.009,8.0,0.04,0.009,0.0,0.007,3.2e-05,0.0001,0
pineapple and grapefruit juice drink,canned,Beverages,47.0,0.2,0.1,11.6,11.52,0.1,0.042,46.0,0.01,0.267,0.016,0.03,7.0,0.31,6.0,0.413,6.0,0.06,0.0,0.0,0.009,4.5e-05,0.0001,0
pineapple and orange juice drink,canned,Beverages,50.0,1.3,0.0,11.8,11.59,0.1,0.047,22.5,0.03,0.207,0.019,0.03,5.0,0.27,6.0,0.361,4.0,0.06,0.001,0.0,0.009,4.1e-05,0.0001,0
shake,"fast food, vanilla",Beverages,148.0,3.37,6.52,19.59,13.63,0.9,0.06,0.0,0.25,0.213,0.66,0.026,115.0,0.46,13.0,0.035,98.0,0.57,0.091,0.00022,0.0,0.000103,0.0032,0
strawberry-flavor beverage mix,powder,Beverages,389.0,0.1,0.2,99.1,95.45,0.0,0.002,0.3,0.0,0.073,0.11,0.003,4.0,0.44,1.0,0.0,5.0,0.0,0.0,0.0,0.0,0.0,0.0005,1
strawberry-flavor beverage mix,"powder, prepared with whole milk",Beverages,88.0,3.0,3.1,12.3,0.0,0.0,0.039,0.9,0.0,0.083,0.158,0.035,110.0,0.08,12.0,0.002,86.0,0.35,0.026,0.00033,0.005,8.999999999999999e-06,0.0018,0
tea,"black, brewed, prepared with tap water, decaffeinated",Beverages,1.0,0.0,0.0,0.3,0.0,0.0,0.0,0.0,0.0,0.0,0.014,0.0,0.0,0.02,3.0,0.219,1.0,0.02,0.0,0.0,0.005,1e-05,0.0,0
tea,"instant, unsweetened, powder, decaffeinated",Beverages,315.0,20.21,0.0,58.66,5.53,8.5,0.356,0.0,0.0,10.8,0.985,0.0,118.0,2.26,272.0,133.0,239.0,1.69,0.0,0.0,0.103,0.00055,0.0053,3
tea,"black, brewed, prepared with tap water",Beverages,1.0,0.0,0.0,0.3,0.0,0.0,0.0,0.0,0.0,0.0,0.014,0.0,0.0,0.02,3.0,0.219,1.0,0.02,0.0,0.0,0.005,1e-05,0.0,0
tea,"instant, sweetened with non-nutritive sweetener, lemon-flavored, powder, decaffeinated",Beverages,338.0,3.3,0.6,85.4,1.88,0.0,0.121,0.0,0.0,3.88,0.335,0.0,21.0,8.87,125.0,30.37,140.0,0.89,0.0,0.0,0.035,0.0001199999999999,0.0018,3
tea,"instant, sweetened with sugar, lemon-flavored, without added ascorbic acid, powder,  decaffeinated",Beverages,401.0,0.12,0.73,98.55,95.29,0.0,0.015,0.0,0.0,0.125,0.0,0.011,2.0,0.21,3.0,2.965,2.0,0.03,0.0,0.0,0.001,1e-05,0.0006,1
tea,"instant, unsweetened, powder",Beverages,315.0,20.21,0.0,58.66,5.53,8.5,0.356,0.0,0.0,10.8,0.985,0.0,118.0,2.26,272.0,133.0,239.0,1.69,0.0,0.0,0.103,0.00055,0.0053,3
tea,"instant, unsweetened, powder, prepared",Beverages,1.0,0.06,0.0,0.17,0.02,0.0,0.001,0.0,0.0,0.032,0.003,0.0,3.0,0.01,2.0,0.392,1.0,0.01,0.0,0.0,0.0,1.1e-05,0.0,0
tea,"instant, unsweetened, lemon-flavored, powder",Beverages,345.0,7.4,0.18,78.52,4.52,5.0,0.223,0.0,0.09,6.168,0.558,0.017,28.0,0.75,139.0,30.67,107.0,0.98,0.0,0.0,0.061,0.000331,0.003,3
tea,"instant, sweetened with sugar, lemon-flavored, without added ascorbic acid, powder",Beverages,401.0,0.12,0.73,98.55,95.29,0.7,0.015,0.0,0.0,0.125,0.0,0.011,2.0,0.21,3.0,1.41,2.0,0.03,0.0,0.0,0.001,1e-05,0.0006,1
tea,"instant, sweetened with sugar, lemon-flavored, without added ascorbic acid, powder, prepared",Beverages,35.0,0.01,0.06,8.61,8.33,0.1,0.001,0.0,0.0,0.011,0.0,0.001,2.0,0.02,1.0,0.124,0.0,0.01,0.0,0.0,0.0,7e-06,0.0001,0
tea,"instant, sweetened with sodium saccharin, lemon-flavored, powder",Beverages,338.0,3.3,0.6,85.4,1.88,0.0,0.121,0.0,0.0,3.88,0.335,0.0,21.0,8.87,125.0,30.37,140.0,0.89,0.0,0.0,0.035,0.0001199999999999,0.0018,3
tea,"instant, sweetened with sweetened with non-nutritive sweetener, lemon-flavored, prepared",Beverages,2.0,0.02,0.0,0.44,0.01,0.0,0.001,0.0,0.0,0.02,0.002,0.0,3.0,0.05,2.0,0.155,1.0,0.01,0.0,0.0,0.0,1e-05,0.0,0
tea,"herb, other than chamomile, brewed",Beverages,1.0,0.0,0.0,0.2,0.0,0.0,0.0,0.0,0.0,0.0,0.004,0.01,2.0,0.08,1.0,0.044,0.0,0.04,0.0,0.0,0.001,1.5e-05,0.0,0
water,"bottled, PERRIER",Beverages,0.0,0.0,0.0,0.0,0.0,0.0,0.0,0.0,0.0,0.0,0.0,0.0,14.0,0.0,0.0,0.0,0.0,0.0,0.0,0.0,0.0,0.0,0.0,0
water,"bottled, POLAND SPRING",Beverages,0.0,0.0,0.0,0.0,0.0,0.0,0.0,0.0,0.0,0.0,0.0,0.0,1.0,0.01,1.0,0.0,0.0,0.0,0.0,0.0,0.0,0.0,0.0,0
cocoa mix,"with aspartame, powder, prepared with water",Beverages,29.0,1.21,0.23,5.61,2.93,0.6,0.025,0.0,0.0,0.085,0.109,0.021,48.0,0.39,17.0,0.052,70.0,0.27,0.0,8.999999999999999e-05,0.001,6.6e-05,0.0013,0
carbonated beverage,"cola, contains caffeine, fast-food cola",Beverages,37.0,0.07,0.02,9.56,8.97,0.0,0.0,0.0,0.0,0.0,0.0,0.0,2.0,0.11,0.0,0.002,10.0,0.02,0.0,0.0,0.0,1e-06,0.0001,0
fruit punch juice drink,frozen concentrate,Beverages,175.0,0.3,0.7,43.1,0.0,0.2,0.045,19.7,0.0,0.208,0.23,0.004,20.0,0.8,11.0,0.21,12.0,0.7,0.001,0.0,0.007,7.000000000000001e-05,0.0,0
fruit punch juice drink,"frozen concentrate, prepared with water",Beverages,42.0,0.07,0.17,11.4,11.4,0.0,0.011,4.8,0.0,0.05,0.056,0.001,7.0,0.2,3.0,0.051,3.0,0.17,0.0,0.0,0.002,2.4e-05,0.0,0
orange-flavor drink,"breakfast type, powder",Beverages,386.0,0.0,0.0,98.94,92.31,0.4,0.8,230.8,0.0,8.0,0.68,0.001,385.0,0.02,0.0,0.05,151.0,0.01,0.6,0.0,0.0,1.3e-05,0.0005,1
orange-flavor drink,"breakfast type, powder, prepared with water",Beverages,49.0,0.0,0.0,12.65,11.8,0.1,0.102,29.5,0.0,1.023,0.087,0.0,52.0,0.0,1.0,0.007,19.0,0.01,0.077,0.0,0.0,1e-05,0.0001,0
beverages,"Orange-flavor drink, breakfast type, low calorie, powder",Beverages,217.0,3.6,0.0,85.9,2.6,3.8,8.0,2400.0,0.0,80.0,6.8,0.0,1378.0,0.07,275.0,0.0,629.0,0.0,6.006,0.0,0.0,3e-06,0.0,3
water,"tap, drinking",Beverages,0.0,0.0,0.0,0.0,0.0,0.0,0.0,0.0,0.0,0.0,0.0,0.0,3.0,0.0,1.0,0.0,0.0,0.01,0.0,0.0,0.0,1e-05,0.0,0
water,"tap, well",Beverages,0.0,0.0,0.0,0.0,0.0,0.0,0.0,0.0,0.0,0.0,0.0,0.0,3.0,0.0,1.0,0.0,0.0,0.01,0.0,0.0,0.0,1.6e-05,0.0,0
alcoholic beverage,"liqueur, coffee, 53 proof",Beverages,336.0,0.1,0.3,46.8,38.3,0.0,0.0,0.0,0.0,0.144,0.012,0.004,1.0,0.06,3.0,0.014,6.0,0.03,0.0,0.0,0.0,4e-05,0.0004,1
alcoholic beverage,"liqueur, coffee with cream, 34 proof",Beverages,327.0,2.8,15.7,20.9,19.76,0.0,0.011,0.2,0.45,0.078,0.057,0.011,16.0,0.13,2.0,0.006,50.0,0.16,0.173,8e-05,0.002,4e-05,0.0004,0
carbonated beverage,"low calorie, cola or pepper-type, with aspartame, contains caffeine",Beverages,2.0,0.11,0.03,0.29,0.0,0.0,0.0,0.0,0.0,0.0,0.023,0.005,3.0,0.11,1.0,0.107,9.0,0.01,0.0,0.0,0.0,2e-06,0.0,0
coffee substitute,"cereal grain beverage, powder, prepared with whole milk",Beverages,65.0,3.3,3.3,5.6,0.0,0.1,0.042,0.9,0.0,0.293,0.161,0.038,119.0,0.11,16.0,0.016,99.0,0.38,0.028,0.00035,0.005,1.2e-05,0.0055,0
dairy drink mix,"chocolate, reduced calorie, with low-calorie sweeteners, powder",Beverages,329.0,25.0,2.6,51.4,32.94,9.4,0.11,5.6,0.04,1.25,1.938,0.112,1412.0,7.7,210.0,0.73,893.0,3.6,0.209,0.0020299999999999,0.033,0.0008,0.0215,3
dairy drink mix,"chocolate, reduced calorie, with aspartame, powder, prepared with water and ice",Beverages,29.0,2.19,0.23,4.51,2.89,0.8,0.01,0.5,0.0,0.11,0.17,0.01,127.0,0.68,19.0,0.064,78.0,0.32,0.018,0.0001799999999999,0.003,7.9e-05,0.0019,0
orange-flavor drink,"breakfast type, with pulp, frozen concentrate",Beverages,172.0,0.1,0.5,42.9,11.7,0.2,0.0,243.1,0.3,0.0,0.133,0.422,130.0,0.26,2.0,0.028,76.0,0.06,0.0,0.0,0.03,3.9e-05,0.0003,0
orange-flavor drink,"breakfast type, with pulp, frozen concentrate, prepared with water",Beverages,49.0,0.03,0.14,12.21,11.91,0.0,0.0,69.2,0.0,0.0,0.038,0.12,39.0,0.08,1.0,0.008,22.0,0.02,0.0,0.0,0.009,1.7999999999999997e-05,0.0001,0
orange drink,"breakfast type, with juice and pulp, frozen concentrate",Beverages,153.0,0.4,0.0,39.0,38.05,0.1,0.244,189.7,0.09,0.87,3.59,0.363,399.0,0.26,34.0,0.048,115.0,0.12,0.001,0.0,0.0,0.00032,0.0,1
orange drink,"breakfast type, with juice and pulp, frozen concentrate, prepared with water",Beverages,45.0,0.12,0.0,11.32,11.05,0.0,0.071,55.1,0.02,0.253,1.042,0.105,118.0,0.08,11.0,0.014,33.0,0.04,0.0,0.0,0.0,0.0001,0.0,0
shake,"fast food, strawberry",Beverages,113.0,3.4,2.8,18.9,0.0,0.4,0.044,0.8,0.0,0.175,0.195,0.045,113.0,0.11,13.0,0.015,100.0,0.36,0.026,0.00031,0.003,2.2e-05,0.0021,0
water,"tap, municipal",Beverages,0.0,0.0,0.0,0.0,0.0,0.0,0.0,0.0,0.0,0.0,0.0,0.0,3.0,0.0,1.0,0.0,0.0,0.0,0.0,0.0,0.0,8.999999999999999e-06,0.0,0
cranberry juice cocktail,frozen concentrate,Beverages,201.0,0.05,0.0,51.45,42.5,0.2,0.049,45.8,0.0,0.04,0.032,0.023,11.0,0.3,5.0,0.14,5.0,0.07,0.002,0.0,0.0,2e-05,0.0,1
cranberry juice cocktail,"frozen concentrate, prepared with water",Beverages,47.0,0.01,0.0,11.81,9.76,0.0,0.011,10.5,0.0,0.009,0.007,0.005,5.0,0.07,2.0,0.032,1.0,0.02,0.0,0.0,0.0,1.2e-05,0.0,0
water,"bottled, non-carbonated, DANNON",Beverages,0.0,0.0,0.0,0.0,0.0,0.0,0.0,0.0,0.0,0.0,0.0,0.0,3.0,0.0,1.0,0.0,0.0,0.0,0.0,0.0,0.0,0.0,0.0,0
water,"bottled, non-carbonated, PEPSI, AQUAFINA",Beverages,0.0,0.0,0.0,0.0,0.0,0.0,0.0,0.0,0.0,0.0,0.0,0.0,0.0,0.0,0.0,0.0,0.0,0.0,0.0,0.0,0.0,0.0,0.0,0
water,"bottled, non-carbonated, DASANI",Beverages,0.0,0.0,0.0,0.0,0.0,0.0,0.0,0.0,0.0,0.0,0.0,0.0,0.0,0.0,0.0,0.0,0.0,0.0,0.0,0.0,0.0,0.0,0.0,0
orange breakfast drink,"ready-to-drink, with added nutrients",Beverages,53.0,0.0,0.0,13.2,8.02,0.1,0.02,24.0,0.04,0.09,0.01,0.12,100.0,0.05,5.0,0.013,7.0,0.05,0.021,0.0,0.005,2.7e-05,0.0,0
water,"bottled, non-carbonated, CALISTOGA",Beverages,0.0,0.0,0.0,0.0,0.0,0.0,0.0,0.0,0.0,0.0,0.0,0.0,0.0,0.0,0.0,0.0,0.0,0.0,0.0,0.0,0.0,0.0,0.0,0
water,"bottled, non-carbonated, CRYSTAL GEYSER",Beverages,0.0,0.0,0.0,0.0,0.0,0.0,0.0,0.0,0.0,0.0,0.0,0.0,3.0,0.0,0.0,0.0,0.0,0.0,0.0,0.0,0.0,0.0,0.0,0
water,"bottled, non-carbonated, NAYA",Beverages,0.0,0.0,0.0,0.0,0.0,0.0,0.0,0.0,0.0,0.0,0.0,0.0,4.0,0.0,2.0,0.0,0.0,0.0,0.0,0.0,0.0,0.0,0.0,0
water,"bottled, non-carbonated, DANNON Fluoride To Go",Beverages,0.0,0.0,0.0,0.03,0.0,0.0,0.0,0.0,0.0,0.0,0.0,0.0,3.0,0.01,1.0,0.0,0.0,0.0,0.0,0.0,0.0,0.0,0.0,0
drink mix,"QUAKER OATS, GATORADE, orange flavor, powder",Beverages,388.0,0.0,1.23,94.11,80.5,0.0,0.022,0.4,0.0,0.22,0.802,0.011,40.0,0.34,1.0,0.05,120.0,0.06,0.0,0.0,0.0,0.00025,0.0,1
beverages,"PEPSICO QUAKER, Gatorade, G performance O 2, ready-to-drink.",Beverages,26.0,0.0,0.0,6.43,5.24,0.0,0.022,0.4,0.0,0.22,0.0,0.011,1.0,0.05,0.0,0.013,10.0,0.01,0.0,0.0,0.0,6e-06,0.0,0
beverages,"COCA-COLA, POWERADE, lemon-lime flavored, ready-to-drink",Beverages,32.0,0.0,0.05,7.84,6.11,0.0,0.153,0.0,0.0,1.565,0.0,0.011,1.0,0.09,0.0,0.0,1.0,0.01,0.0,0.00091,0.0,0.0,0.0,0
beverages,"Propel Zero, fruit-flavored, non-carbonated",Beverages,5.0,0.0,0.0,1.14,0.0,0.0,0.556,8.8,1.67,4.095,0.0,0.0,1.0,0.03,0.0,0.0,25.0,0.0,0.0,0.0,0.0,0.0,0.0,0
tea,"ready-to-drink, ARIZONA iced tea, with lemon flavor",Beverages,39.0,0.0,0.0,9.77,9.63,0.0,0.0,0.0,0.0,0.0,0.0,0.0,3.0,0.0,1.0,0.16,1.0,0.01,0.0,0.0,0.0,5e-06,0.0,0
tea,"ready-to-drink, LIPTON BRISK iced tea, with lemon flavor",Beverages,35.0,0.0,0.0,8.81,8.69,0.0,0.0,0.0,0.0,0.0,0.0,0.0,1.0,0.0,0.0,0.146,26.0,0.01,0.0,0.0,0.0,5e-06,0.0,0
whiskey sour mix,"bottled, with added potassium and sodium",Beverages,84.0,0.1,0.1,21.4,0.0,0.0,0.0,2.7,0.0,0.0,0.01,0.013,2.0,0.11,1.0,0.0,6.0,0.07,0.001,0.0,0.0,0.0,0.0001,0
beverages,"alcoholic , whiskey sour",Beverages,149.0,0.0,0.03,13.1,0.0,0.0,0.0,1.6,0.0,0.02,0.006,0.011,1.0,0.08,1.0,0.006,6.0,0.06,0.0,0.0,0.0,8.999999999999999e-06,0.0001,0
alcoholic beverage,"distilled, all (gin, rum, vodka, whiskey) 94 proof",Beverages,275.0,0.0,0.0,0.0,0.0,0.0,0.001,0.0,0.0,0.013,0.004,0.006,0.0,0.04,0.0,0.018,4.0,0.04,0.0,0.0,0.0,2.1e-05,0.0,0
alcoholic beverage,"distilled, all (gin, rum, vodka, whiskey) 100 proof",Beverages,295.0,0.0,0.0,0.0,0.0,0.0,0.001,0.0,0.0,0.013,0.004,0.006,0.0,0.04,0.0,0.018,4.0,0.04,0.0,0.0,0.0,2.1e-05,0.0,0
alcoholic beverage,"liqueur, coffee, 63 proof",Beverages,308.0,0.1,0.3,32.2,32.2,0.0,0.0,0.0,0.0,0.144,0.012,0.004,1.0,0.06,3.0,0.017,6.0,0.03,0.0,0.0,0.0,4e-05,0.0003,1
alcoholic beverage,"wine, dessert, dry",Beverages,152.0,0.2,0.0,11.67,1.09,0.0,0.0,0.0,0.0,0.213,0.018,0.018,8.0,0.24,9.0,0.119,9.0,0.07,0.0,0.0,0.0,4.5e-05,0.0005,0
carbonated beverage,"low calorie, other than cola or pepper, with sodium saccharin, without caffeine",Beverages,0.0,0.0,0.0,0.1,0.0,0.0,0.0,0.0,0.0,0.0,0.0,0.0,4.0,0.04,1.0,0.017,0.0,0.05,0.0,0.0,0.0,2.5e-05,0.0,0
beverages,"Cocoa mix, low calorie, powder, with added calcium, phosphorus, aspartame, without added sodium or vitamin A",Beverages,359.0,25.1,3.0,58.0,55.58,1.1,0.318,0.0,0.21,1.084,1.4,0.267,1440.0,4.96,208.0,0.665,1630.0,3.44,0.479,0.00278,0.027,0.00073,0.024,1
fruit punch-flavor drink,"powder, without added sodium, prepared with water",Beverages,37.0,0.0,0.01,9.47,9.23,0.0,0.0,11.8,0.0,0.001,0.002,0.0,17.0,0.05,1.0,0.003,0.0,0.02,0.0,0.0,0.0,2.1e-05,0.0001,0
lemonade,"frozen concentrate, pink",Beverages,192.0,0.22,0.69,48.86,46.46,0.3,0.015,14.1,0.07,0.12,0.0,0.017,8.0,0.08,7.0,0.014,7.0,0.03,0.0,0.0,0.011,1.1e-05,0.0,1
lemonade,"frozen concentrate, pink, prepared with water",Beverages,43.0,0.05,0.15,10.81,10.28,0.1,0.003,3.1,0.02,0.027,0.0,0.004,4.0,0.02,2.0,0.003,2.0,0.01,0.0,0.0,0.002,1e-05,0.0,0
tea,"black, brewed, prepared with distilled water",Beverages,1.0,0.0,0.0,0.3,0.0,0.0,0.0,0.0,0.0,0.0,0.014,0.0,0.0,0.01,1.0,0.219,1.0,0.01,0.0,0.0,0.005,8e-06,0.0,0
tea,"herb, chamomile, brewed",Beverages,1.0,0.0,0.0,0.2,0.0,0.0,0.0,0.0,0.0,0.0,0.004,0.01,2.0,0.08,1.0,0.044,0.0,0.04,0.001,0.0,0.001,1.5e-05,0.0,0
tea,"instant, sweetened with sugar, lemon-flavored, with added ascorbic acid, powder",Beverages,385.0,0.6,0.3,97.6,0.0,0.0,0.022,100.0,0.0,0.407,0.2,0.0,3.0,0.16,11.0,2.965,14.0,0.1,0.0,0.0,0.043,2.5e-05,0.0007,3
alcoholic beverage,"distilled, all (gin, rum, vodka, whiskey) 86 proof",Beverages,250.0,0.0,0.0,0.1,0.0,0.0,0.001,0.0,0.0,0.013,0.004,0.006,0.0,0.04,0.0,0.018,4.0,0.04,0.0,0.0,0.0,2.1e-05,0.0,0
alcoholic beverage,"distilled, all (gin, rum, vodka, whiskey) 90 proof",Beverages,263.0,0.0,0.0,0.0,0.0,0.0,0.001,0.0,0.0,0.013,0.004,0.006,0.0,0.04,0.0,0.018,4.0,0.04,0.0,0.0,0.0,2.1e-05,0.0,0
carbonated beverage,chocolate-flavored soda,Beverages,42.0,0.0,0.0,10.7,10.7,0.0,0.0,0.0,0.0,0.0,0.0,0.0,4.0,0.1,1.0,0.036,1.0,0.16,0.0,0.0,0.0,1.3e-05,0.0001,0
wine,non-alcoholic,Beverages,6.0,0.5,0.0,1.1,1.1,0.0,0.02,0.0,0.0,0.1,0.01,0.0,9.0,0.4,10.0,0.0,15.0,0.08,0.0,0.0,0.001,1.1e-05,0.0002,0
water,"bottled, generic",Beverages,0.0,0.0,0.0,0.0,0.0,0.0,0.0,0.0,0.0,0.0,0.0,0.0,10.0,0.0,2.0,0.0,0.0,0.0,0.0,0.0,0.0,7e-06,0.0,0
chocolate-flavor beverage mix for milk,"powder, with added nutrients",Beverages,400.0,4.55,2.27,90.28,81.82,4.5,0.909,27.3,0.04,0.199,0.056,0.009,455.0,0.0,53.0,0.707,86.0,6.82,0.0,0.0,0.004,0.000909,0.0019,1
chocolate-flavor beverage mix for milk,"powder, with added nutrients, prepared with whole milk",Beverages,89.0,3.27,3.17,11.87,11.59,0.4,0.108,2.3,0.07,0.098,0.159,0.043,141.0,0.03,14.0,0.062,84.0,0.91,0.042,0.00041,0.005,9.8e-05,0.0035,0
water,"bottled, non-carbonated, EVIAN",Beverages,0.0,0.0,0.0,0.0,0.0,0.0,0.0,0.0,0.0,0.0,0.0,0.0,8.0,0.0,2.0,0.0,0.0,0.0,0.0,0.0,0.0,0.0,0.0,0
beverages,"Powerade Zero Ion4, calorie-free, assorted flavors",Beverages,0.0,0.0,0.0,0.0,0.0,0.0,0.056,2.5,0.57,0.845,0.0,0.011,2.0,0.05,1.0,0.0,0.0,0.01,0.0,0.00017,0.0,6e-06,0.0,0
tea,"ready-to-drink, unsweetened, WENDY'S, fast food, without ice",Beverages,1.0,0.22,0.0,0.0,0.0,0.0,0.0,0.0,0.0,0.0,0.024,0.018,2.0,0.0,1.0,0.136,1.0,0.01,0.0,0.0,0.0,8e-06,0.0,0
alcoholic beverage,"wine, table, red, Merlot",Beverages,83.0,0.07,0.0,2.51,0.62,0.0,0.057,0.0,0.0,0.224,0.031,0.005,8.0,0.46,12.0,0.132,23.0,0.14,0.0,0.0,0.0,1.1e-05,0.0002,0
water,"non-carbonated, bottles, natural fruit flavors, sweetened with low calorie sweetener",Beverages,1.0,0.0,0.0,0.13,0.0,0.0,0.0,0.0,0.0,0.0,0.0,0.0,1.0,0.0,0.0,0.003,0.0,0.0,0.0,0.0,0.0,0.0,0.0,0
beverages,"Water with added vitamins and minerals, bottles, sweetened, assorted fruit flavors",Beverages,22.0,0.0,0.0,5.49,5.49,0.0,0.084,12.7,1.9,0.844,0.0,0.0,17.0,0.0,3.0,0.0,0.0,0.32,0.032,0.00025,0.014,7e-06,0.0,0
v8 splash juice drinks,Diet Berry Blend,Beverages,4.0,0.0,0.0,1.23,0.41,0.0,0.0,24.7,1.11,0.0,0.0,0.0,0.0,0.0,0.0,0.0,0.0,0.0,0.0,0.0,0.0,0.0,0.0,0
v8 splash juice drinks,Diet Fruit Medley,Beverages,4.0,0.0,0.0,1.26,0.84,0.0,0.0,25.2,1.13,0.0,0.0,0.0,0.0,0.0,0.0,0.0,0.0,0.0,0.0,0.0,0.0,0.0,0.0,0
v8 splash juice drinks,Diet Strawberry Kiwi,Beverages,4.0,0.0,0.0,1.26,0.84,0.0,0.0,25.2,1.13,0.0,0.0,0.0,8.0,0.3,0.0,0.0,0.0,0.0,0.0,0.0,0.0,0.0,0.0,0
v8 splash juice drinks,Diet Tropical Blend,Beverages,4.0,0.0,0.0,1.26,0.42,0.0,0.0,25.2,1.13,0.0,0.0,0.0,0.0,0.0,0.0,0.0,0.0,0.0,0.0,0.0,0.0,0.0,0.0,0
v8 splash juice drinks,Berry Blend,Beverages,29.0,0.0,0.0,7.41,7.41,0.0,0.0,24.7,1.11,0.0,0.0,0.0,0.0,0.0,0.0,0.0,0.0,0.0,0.0,0.0,0.0,0.0,0.0,0
v8 splash juice drinks,Fruit Medley,Beverages,33.0,0.0,0.0,7.82,7.82,0.0,0.0,24.7,1.11,0.0,0.0,0.0,0.0,0.0,0.0,0.0,0.0,0.0,0.0,0.0,0.0,0.0,0.0,0
v8 splash juice drinks,Guava Passion Fruit,Beverages,33.0,0.0,0.0,7.82,7.82,0.0,0.0,24.7,1.11,0.0,0.0,0.0,0.0,0.0,0.0,0.0,0.0,0.0,0.0,0.0,0.0,0.0,0.0,0
v8 splash juice drinks,Mango Peach,Beverages,33.0,0.0,0.0,8.23,8.23,0.0,0.0,24.7,1.11,0.0,0.0,0.0,0.0,0.0,0.0,0.0,0.0,0.0,0.0,0.0,0.0,0.0,0.0,0
v8 splash juice drinks,Orange Pineapple,Beverages,29.0,0.0,0.0,7.41,7.41,0.0,0.0,24.7,1.11,0.0,0.0,0.0,0.0,0.0,0.0,0.0,0.0,0.0,0.0,0.0,0.0,0.0,0.0,0
v8 splash juice drinks,Orchard Blend,Beverages,33.0,0.0,0.0,7.82,7.82,0.0,0.0,24.7,1.11,0.0,0.0,0.0,0.0,0.0,0.0,0.0,0.0,0.0,0.0,0.0,0.0,0.0,0.0,0
v8 splash juice drinks,Strawberry Banana,Beverages,29.0,0.0,0.0,7.41,7.41,0.0,0.0,24.7,1.11,0.0,0.0,0.0,0.0,0.0,0.0,0.0,0.0,0.0,0.0,0.0,0.0,0.0,0.0,0
v8 splash juice drinks,Strawberry Kiwi,Beverages,29.0,0.0,0.0,7.41,7.41,0.0,0.0,24.7,1.11,0.0,0.0,0.0,0.0,0.0,0.0,0.0,0.0,0.0,0.0,0.0,0.0,0.0,0.0,0
v8 splash juice drinks,Tropical Blend,Beverages,29.0,0.0,0.0,7.41,7.41,0.0,0.0,24.7,1.11,0.0,0.0,0.0,0.0,0.0,0.0,0.0,0.0,0.0,0.0,0.0,0.0,0.0,0.0,0
v8 v. fusion juices,Peach Mango,Beverages,49.0,0.41,0.0,11.38,10.57,0.0,0.016,24.4,0.55,0.0,0.0,0.0,8.0,0.15,7.0,0.0,0.0,0.0,0.0,0.0,0.0,0.0,0.0,0
v8 v. fusion juices,Strawberry Banana,Beverages,49.0,0.41,0.0,11.79,10.16,0.0,0.016,24.4,0.55,0.0,0.0,0.0,8.0,0.15,7.0,0.0,0.0,0.0,0.0,0.0,0.0,0.0,0.0,0
v8 v. fusion juices,Tropical,Beverages,49.0,0.41,0.0,11.38,10.16,0.0,0.016,24.4,0.55,0.0,0.0,0.0,8.0,0.15,7.0,0.0,0.0,0.0,0.0,0.0,0.0,0.0,0.0,0
v8 v. fusion juices,Acai Berry,Beverages,45.0,0.0,0.0,10.98,10.57,0.0,0.0,40.7,1.83,0.0,0.0,0.0,1.0,0.81,0.0,0.0,0.0,0.0,0.0,0.0,0.0,0.0,0.0,0
energy drink,AMP,Beverages,46.0,0.25,0.08,12.08,12.08,0.0,0.2,0.0,0.0,2.0,0.34,0.025,13.0,0.02,3.0,0.0,17.0,0.0,0.0,0.0006,0.0,5e-06,0.0002,0
energy drink,FULL THROTTLE,Beverages,46.0,0.25,0.08,12.08,12.08,0.0,0.167,0.0,0.0,1.667,0.0,0.025,13.0,0.02,3.0,0.0,0.0,0.0,0.0,0.00025,0.0,5e-06,0.0002,0
energy drink,Monster,Beverages,42.0,0.0,0.0,11.25,11.25,0.0,0.833,0.0,0.0,8.333,0.708,0.0,3.0,0.01,1.0,0.001,0.0,0.0,0.0,0.0025,0.0,8e-06,0.0,0
energy drink,"AMP, sugar free",Beverages,2.0,0.0,0.0,1.03,0.0,0.0,0.083,0.0,0.0,0.833,0.142,0.0,0.0,0.0,3.0,0.0,17.0,0.0,0.0,0.00025,0.0,5e-06,0.0002,0
energy drink,ROCKSTAR,Beverages,58.0,0.34,0.22,12.7,12.26,0.0,1.353,0.0,0.0,9.82,1.6,0.0,1.0,0.05,0.0,0.0,0.0,0.05,0.0,0.00377,0.0,0.0,0.0,0
energy drink,"ROCKSTAR, sugar free",Beverages,4.0,0.25,0.08,0.7,0.0,0.0,0.833,0.0,0.0,8.333,1.417,0.025,13.0,0.02,3.0,0.0,0.0,0.0,0.0,0.0025,0.0,5e-06,0.0002,0
beverage,"Horchata, dry mix, unprepared, variety of brands, all with morro seeds",Beverages,413.0,7.5,7.46,79.05,38.9,4.0,0.179,0.3,0.37,2.2,0.17,0.03,60.0,5.8,77.0,1.2,180.0,1.6,0.0,0.0,0.012,0.00047,0.0078,1
meal supplement drink,"NESTLE, SUPLIGEN, canned, peanut flavor",Beverages,101.0,3.5,3.07,14.74,0.0,0.0,0.54,0.7,0.09,6.6,1.3,0.43,110.0,2.2,16.0,0.071,110.0,0.42,0.0,0.00053,0.0,3e-05,0.0,0
vegetable and fruit juice drink,"reduced calorie, with low-calorie sweetener, added vitamin C",Beverages,4.0,0.0,0.0,1.1,0.63,0.0,0.004,25.1,1.13,0.013,0.001,0.001,8.0,0.3,1.0,0.005,1.0,0.01,0.105,0.0,0.0,1.2e-05,0.0,0
ready-to-drink reduced fat milk beverage,"flavored and sweetened, with added calcium, vitamin A and vitamin D",Beverages,77.0,3.05,1.83,12.08,11.4,0.4,0.035,0.2,0.03,0.085,0.172,0.036,164.0,0.03,10.0,0.013,85.0,0.45,0.051,0.00049,0.004,6e-06,0.0023,0
beverages,"vegetable and fruit juice blend, 100% juice, with added vitamins A, C, E",Beverages,46.0,0.3,0.01,11.15,10.37,0.0,0.016,28.5,0.87,0.013,0.001,0.001,8.0,0.31,7.0,0.0,1.0,0.01,0.036,0.0,0.003,1.2e-05,0.0,0
beverages,"fruit juice drink, reduced sugar, with vitamin E added",Beverages,39.0,0.0,0.07,10.0,9.0,0.0,0.0,0.0,0.68,0.015,0.0,0.0,5.0,0.04,2.0,0.011,1.0,0.02,0.0,0.0,0.001,0.0,0.0002,0
water,"with corn syrup and/or sugar and low calorie sweetener, fruit flavored",Beverages,18.0,0.0,0.0,4.5,4.5,0.0,0.084,12.7,1.9,0.844,0.0,0.0,17.0,0.0,3.0,0.0,0.0,0.32,0.032,0.00025,0.014,7e-06,0.0,0
beverage,"Horchata, as served in restaurant",Beverages,54.0,0.48,0.71,11.52,9.36,0.0,0.017,0.0,0.24,0.047,0.0,0.0,18.0,0.01,3.0,0.01,15.0,0.06,0.0,0.0,0.0,2e-06,0.0004,0
rice drink,"unsweetened, with added calcium, vitamins A and D",Beverages,47.0,0.28,0.97,9.17,5.28,0.3,0.039,0.0,0.47,0.39,0.142,0.027,118.0,0.2,11.0,0.282,56.0,0.13,0.063,0.00063,0.002,3.7e-05,0.0022,0
energy drink,"VAULT, citrus flavor",Beverages,49.0,0.0,0.0,12.99,12.99,0.0,0.0,0.0,0.0,0.015,0.0,0.025,2.0,0.02,3.0,0.0,0.0,0.0,0.0,0.0,0.0,5e-06,0.0002,0
energy drink,"VAULT Zero, sugar-free, citrus flavor",Beverages,1.0,0.25,0.08,0.7,0.0,0.0,0.0,0.0,0.0,0.015,0.0,0.025,2.0,0.02,3.0,0.0,0.0,0.0,0.0,0.0,0.0,5e-06,0.0002,0
beverages,", PEPSICO QUAKER, Gatorade G2, low calorie",Beverages,8.0,0.05,0.01,1.94,1.3,0.0,0.0,0.0,0.0,0.0,0.0,0.0,0.0,0.0,0.0,0.0,7.0,0.0,0.0,0.0033799999999999,0.0,0.0,0.0,0
fruit flavored drink,"less than 3% juice, not fortified with vitamin C",Beverages,64.0,0.0,0.0,16.03,15.85,0.0,0.0,0.0,0.0,0.0,0.0,0.0,3.0,0.0,1.0,0.0,0.0,0.0,0.0,0.0,0.0,8.999999999999999e-06,0.0,0
fruit flavored drink containing less than 3% fruit juice,with high vitamin C,Beverages,27.0,0.0,0.0,6.67,5.0,0.0,0.0,25.0,0.0,0.0,0.0,0.0,3.0,0.0,1.0,0.0,0.0,0.0,0.0,0.0,0.0,8.999999999999999e-06,0.0,0
fruit flavored drink,"reduced sugar, greater than 3% fruit juice, high vitamin C, added calcium",Beverages,29.0,0.0,0.37,6.67,5.0,0.0,0.0,25.0,0.0,0.0,0.0,0.0,42.0,0.0,1.0,0.0,0.0,0.04,0.0,0.0,0.002,0.0,0.0001,0
fruit juice drink,"greater than 3% fruit juice, high vitamin C and added thiamin",Beverages,54.0,0.13,0.0,13.16,12.11,0.1,0.032,25.4,0.05,0.036,0.014,0.095,3.0,0.25,5.0,0.0,7.0,0.04,0.005,0.0,0.0,1.3e-05,0.0001,0
hibiscus tea,No_descr,Beverages,37.0,0.43,0.65,7.41,6.0,0.3,0.0,18.4,0.0,0.0,0.099,1.279,1.0,8.64,1.0,0.0,3.0,0.12,0.015,0.0,0.001,7.3e-05,0.0,0
fruit juice drink,"greater than 3% juice, high vitamin C",Beverages,46.0,0.13,0.11,11.35,10.69,0.1,0.032,25.0,0.05,0.036,0.014,0.003,3.0,0.25,5.0,0.06,7.0,0.04,0.005,0.0,0.0,1.3e-05,0.0001,0
beverages,"nutritional shake mix, high protein, powder",Beverages,392.0,53.57,10.71,20.38,3.57,0.0,2.5,75.0,16.88,25.0,2.125,2.143,714.0,22.5,500.0,125.0,1429.0,18.75,1.875,0.00643,0.971,0.0025,0.0875,2
fish,"anchovy, european, raw",Fish,131.0,20.35,4.84,0.0,0.0,0.0,0.143,0.0,0.57,14.024,0.256,0.055,147.0,3.25,41.0,0.07,174.0,1.72,0.015,0.00062,0.009,0.000211,0.0365,2
fish,"anchovy, european, canned in oil, drained solids",Fish,210.0,28.89,9.71,0.0,0.0,0.0,0.203,0.0,3.33,19.903,0.363,0.078,232.0,4.63,69.0,0.1,252.0,2.44,0.012,0.00088,0.013,0.000339,0.0681,2
fish,"bass, fresh water, mixed species, raw",Fish,114.0,18.86,3.69,0.0,0.0,0.0,0.12,2.0,0.0,1.25,0.074,0.075,80.0,1.49,30.0,0.889,200.0,0.65,0.03,0.002,0.015,9.3e-05,0.0126,2
fish,"bass, striped, raw",Fish,97.0,17.73,2.33,0.0,0.0,0.0,0.3,0.0,0.0,2.1,0.03,0.1,15.0,0.84,40.0,0.015,198.0,0.4,0.027,0.00382,0.009,3.1e-05,0.0365,2
fish,"bluefish, raw",Fish,124.0,20.04,4.24,0.0,0.0,0.0,0.402,0.0,0.0,5.95,0.08,0.058,7.0,0.48,33.0,0.021,227.0,0.81,0.12,0.00539,0.002,5.3e-05,0.0365,2
fish,"burbot, raw",Fish,90.0,19.31,0.81,0.0,0.0,0.0,0.3,0.0,0.0,1.62,0.141,0.372,50.0,0.9,32.0,0.7,200.0,0.76,0.005,0.0008,0.001,0.0002,0.0126,2
fish,"butterfish, raw",Fish,146.0,17.28,8.02,0.0,0.0,0.0,0.3,0.0,0.0,4.5,0.15,0.12,22.0,0.5,25.0,0.015,240.0,0.77,0.03,0.0019,0.015,5.4e-05,0.0365,2
fish,"carp, raw",Fish,127.0,17.83,5.6,0.0,0.0,0.0,0.19,1.6,0.63,1.64,0.055,0.115,41.0,1.24,29.0,0.042,415.0,1.48,0.009,0.00153,0.015,5.7e-05,0.0126,2
fish,"carp, cooked, dry heat",Fish,162.0,22.86,7.17,0.0,0.0,0.0,0.219,1.6,0.0,2.1,0.07,0.14,52.0,1.59,38.0,0.05,531.0,1.9,0.01,0.00147,0.017,7.3e-05,0.0162,2
fish,"catfish, channel, wild, raw",Fish,95.0,16.38,2.82,0.0,0.0,0.0,0.116,0.7,0.0,1.907,0.072,0.21,14.0,0.3,23.0,0.025,209.0,0.51,0.015,0.0022299999999999,0.01,3.4e-05,0.0126,2
fish,"catfish, channel, cooked, breaded and fried",Fish,229.0,18.09,13.33,8.04,0.0,0.7,0.19,0.0,0.0,2.282,0.133,0.073,44.0,1.43,27.0,0.04,216.0,0.86,0.008,0.0019,0.039,0.000101,0.0139,2
fish,"caviar, black and red, granular",Fish,264.0,24.6,17.9,4.0,0.0,0.0,0.32,0.0,1.89,0.12,0.62,0.19,275.0,11.88,300.0,0.05,356.0,0.95,0.271,0.02,0.05,0.00011,0.0655,2
fish,"cisco, raw",Fish,98.0,18.99,1.91,0.0,0.0,0.0,0.3,0.0,0.0,2.51,0.1,0.088,12.0,0.4,17.0,0.067,152.0,0.37,0.03,0.001,0.015,7.199999999999999e-05,0.0126,2
fish,"cisco, smoked",Fish,177.0,16.36,11.9,0.0,0.0,0.0,0.268,0.0,0.22,2.31,0.159,0.046,26.0,0.49,17.0,0.021,150.0,0.3,0.283,0.00426,0.002,0.000215,0.0181,2
fish,"cod, Atlantic, raw",Fish,82.0,17.81,0.67,0.0,0.0,0.0,0.245,1.0,0.64,2.063,0.065,0.076,16.0,0.38,32.0,0.015,203.0,0.45,0.012,0.00091,0.007,2.8e-05,0.0331,2
fish,"cod, Atlantic, cooked, dry heat",Fish,105.0,22.83,0.86,0.0,0.0,0.0,0.283,1.0,0.81,2.513,0.079,0.088,14.0,0.49,42.0,0.02,138.0,0.58,0.014,0.00105,0.008,3.5999999999999994e-05,0.0376,2
fish,"cod, Atlantic, canned, solids and liquid",Fish,105.0,22.76,0.86,0.0,0.0,0.0,0.282,1.0,0.82,2.505,0.079,0.087,21.0,0.49,41.0,0.02,260.0,0.58,0.014,0.00105,0.008,3.7e-05,0.0381,2
fish,"cod, Atlantic, dried and salted",Fish,290.0,62.82,2.37,0.0,0.0,0.0,0.864,3.5,2.84,7.5,0.24,0.268,160.0,2.5,133.0,0.05,950.0,1.59,0.042,0.01,0.025,0.000176,0.1478,2
fish,"cod, Pacific, raw",Fish,69.0,15.27,0.41,0.0,0.0,0.0,0.117,0.0,0.54,1.095,0.045,0.033,8.0,0.16,20.0,0.012,281.0,0.31,0.002,0.00198,0.007,1.9e-05,0.0229,2
fish,"croaker, Atlantic, raw",Fish,104.0,17.78,3.17,0.0,0.0,0.0,0.3,0.0,1.29,4.2,0.095,0.075,15.0,0.37,40.0,0.025,210.0,0.42,0.012,0.0025,0.015,4.2e-05,0.0365,2
fish,"croaker, Atlantic, cooked, breaded and fried",Fish,221.0,18.2,12.67,7.54,0.0,0.4,0.26,0.0,0.0,4.3,0.13,0.09,32.0,0.86,42.0,0.08,217.0,0.52,0.023,0.0021,0.045,6.500000000000001e-05,0.0387999999999999,2
fish,"cusk, raw",Fish,87.0,18.99,0.69,0.0,0.0,0.0,0.387,0.0,0.0,2.686,0.133,0.042,10.0,0.83,31.0,0.015,204.0,0.38,0.018,0.00104,0.002,1.7999999999999997e-05,0.0365,2
fish,"dolphinfish, raw",Fish,85.0,18.5,0.7,0.0,0.0,0.0,0.4,0.0,0.0,6.1,0.07,0.02,15.0,1.13,30.0,0.015,143.0,0.46,0.054,0.0006,0.005,4.1e-05,0.0365,2
fish,"drum, freshwater, raw",Fish,119.0,17.54,4.93,0.0,0.0,0.0,0.3,1.0,0.0,2.35,0.17,0.07,60.0,0.9,30.0,0.7,180.0,0.66,0.051,0.002,0.015,0.000232,0.0126,2
fish,"eel, mixed species, raw",Fish,184.0,18.44,11.66,0.0,0.0,0.0,0.067,1.8,4.0,3.5,0.04,0.15,20.0,0.5,20.0,0.035,216.0,1.62,1.043,0.003,0.015,2.3e-05,0.0065,2
fish,"eel, mixed species, cooked, dry heat",Fish,236.0,23.65,14.95,0.0,0.0,0.0,0.077,1.8,0.0,4.487,0.051,0.183,26.0,0.64,26.0,0.04,277.0,2.08,1.137,0.00289,0.017,2.9e-05,0.0083,2
fish,"fish sticks, frozen, prepared",Fish,277.0,11.01,16.23,21.66,1.65,1.5,0.078,0.0,6.88,1.536,0.116,0.122,16.0,0.84,25.0,0.182,191.0,0.42,0.004,0.0009599999999999,0.024,5.9e-05,0.0157,2
fish,"flatfish (flounder and sole species), raw",Fish,70.0,12.41,1.93,0.0,0.0,0.0,0.098,0.0,0.63,1.04,0.02,0.022,21.0,0.18,18.0,0.014,252.0,0.32,0.01,0.00113,0.005,1.9e-05,0.0266,0
fish,"flatfish (flounder and sole species), cooked, dry heat",Fish,86.0,15.24,2.37,0.0,0.0,0.0,0.115,0.0,0.77,1.278,0.025,0.026,25.0,0.23,22.0,0.017,309.0,0.39,0.012,0.00131,0.006,2.3e-05,0.0326,2
fish,"gefiltefish, commercial, sweet recipe",Fish,84.0,9.07,1.73,7.41,0.0,0.0,0.08,0.8,0.0,1.0,0.059,0.065,23.0,2.48,9.0,0.073,73.0,0.82,0.027,0.0008399999999999,0.003,0.000195,0.0105,0
fish,"grouper, mixed species, raw",Fish,92.0,19.38,1.02,0.0,0.0,0.0,0.3,0.0,0.0,0.313,0.005,0.07,27.0,0.89,31.0,0.014,162.0,0.48,0.043,0.0006,0.009,2e-05,0.0365,2
fish,"grouper, mixed species, cooked, dry heat",Fish,118.0,24.84,1.3,0.0,0.0,0.0,0.35,0.0,0.0,0.381,0.006,0.081,21.0,1.14,37.0,0.012,143.0,0.51,0.05,0.00069,0.01,4.5e-05,0.0467999999999999,2
fish,"haddock, raw",Fish,74.0,16.32,0.45,0.0,0.0,0.0,0.281,0.0,0.45,3.363,0.057,0.02,11.0,0.17,21.0,0.011,227.0,0.32,0.017,0.00183,0.012,2.1e-05,0.0259,2
fish,"haddock, cooked, dry heat",Fish,90.0,19.99,0.55,0.0,0.0,0.0,0.327,0.0,0.55,4.119,0.069,0.023,14.0,0.21,26.0,0.013,278.0,0.4,0.021,0.00213,0.013,2.6e-05,0.0317,2
fish,"haddock, smoked",Fish,116.0,25.23,0.96,0.0,0.0,0.0,0.4,0.0,0.55,5.073,0.049,0.047,49.0,1.4,54.0,0.03,251.0,0.5,0.024,0.0016,0.015,4.2e-05,0.0429,2
fish,"halibut, Atlantic and Pacific, raw",Fish,91.0,18.56,1.33,0.0,0.0,0.0,0.548,0.0,0.61,6.513,0.03,0.05,7.0,0.16,23.0,0.011,236.0,0.36,0.02,0.0011,0.012,2.3e-05,0.0456,2
fish,"halibut, Atlantic and Pacific, cooked, dry heat",Fish,111.0,22.54,1.61,0.0,0.0,0.0,0.632,0.0,0.74,7.911,0.036,0.058,9.0,0.2,28.0,0.013,287.0,0.43,0.024,0.00127,0.014,2.8e-05,0.0554,2
fish,"halibut, Greenland, raw",Fish,186.0,14.37,13.84,0.0,0.0,0.0,0.42,0.0,0.73,1.5,0.08,0.06,3.0,0.66,26.0,0.012,164.0,0.4,0.014,0.001,0.001,3e-05,0.0365,2
fish,"herring, Atlantic, raw",Fish,158.0,17.96,9.04,0.0,0.0,0.0,0.302,0.7,1.07,3.217,0.233,0.092,57.0,1.1,32.0,0.035,236.0,0.99,0.028,0.01367,0.01,9.2e-05,0.0365,2
fish,"herring, Atlantic, cooked, dry heat",Fish,203.0,23.03,11.59,0.0,0.0,0.0,0.348,0.7,1.37,4.124,0.299,0.112,74.0,1.41,41.0,0.04,303.0,1.27,0.036,0.01314,0.012,0.000118,0.0467999999999999,2
fish,"herring, Atlantic, pickled",Fish,262.0,14.19,18.0,9.64,7.71,0.0,0.17,0.0,1.71,3.3,0.139,0.036,77.0,1.22,8.0,0.04,89.0,0.53,0.258,0.0042699999999999,0.002,0.0001049999999999,0.0585,2
fish,"herring, Atlantic, kippered",Fish,217.0,24.58,12.37,0.0,0.0,0.0,0.413,1.0,1.54,4.402,0.319,0.126,84.0,1.51,46.0,0.05,325.0,1.36,0.04,0.0186999999999999,0.014,0.000135,0.0526,2
fish,"herring, Pacific, raw",Fish,195.0,16.39,13.88,0.0,0.0,0.0,0.45,0.0,0.0,2.2,0.2,0.06,83.0,1.12,32.0,0.045,228.0,0.53,0.032,0.01,0.005,7.8e-05,0.0365,2
fish,"ling, raw",Fish,87.0,18.99,0.64,0.0,0.0,0.0,0.304,0.0,0.0,2.3,0.19,0.11,34.0,0.65,63.0,0.03,198.0,0.78,0.03,0.00056,0.007,0.00011,0.0365,2
fish,"lingcod, raw",Fish,85.0,17.66,1.06,0.0,0.0,0.0,0.3,0.0,0.0,1.9,0.114,0.03,14.0,0.32,26.0,0.02,201.0,0.45,0.015,0.0036,0.009,2.7e-05,0.0365,2
fish,"mackerel, Atlantic, raw",Fish,205.0,18.6,13.89,0.0,0.0,0.0,0.399,0.4,1.52,9.08,0.312,0.176,12.0,1.63,76.0,0.015,217.0,0.63,0.05,0.00871,0.001,7.3e-05,0.0441,2
fish,"mackerel, Atlantic, cooked, dry heat",Fish,262.0,23.85,17.81,0.0,0.0,0.0,0.46,0.4,0.0,6.85,0.412,0.159,15.0,1.57,97.0,0.02,278.0,0.94,0.054,0.019,0.002,9.4e-05,0.0516,2
fish,"mackerel, jack, canned, drained solids",Fish,156.0,23.19,6.3,0.0,0.0,0.0,0.21,0.9,1.03,6.18,0.212,0.04,241.0,2.04,37.0,0.04,301.0,1.02,0.13,0.00694,0.005,0.000147,0.0377,2
fish,"mackerel, king, raw",Fish,105.0,20.28,2.0,0.0,0.0,0.0,0.442,1.6,0.0,8.59,0.476,0.1,31.0,1.78,32.0,0.005,248.0,0.56,0.218,0.0156,0.008,2.6e-05,0.0365,2
fish,"mackerel, Pacific and jack, mixed species, raw",Fish,158.0,20.07,7.89,0.0,0.0,0.0,0.33,2.0,1.0,8.32,0.421,0.111,23.0,1.16,28.0,0.015,125.0,0.67,0.019,0.0044,0.002,9.3e-05,0.0365,2
fish,"mackerel, spanish, raw",Fish,139.0,19.29,6.3,0.0,0.0,0.0,0.4,1.6,0.69,2.3,0.17,0.13,11.0,0.44,33.0,0.014,205.0,0.49,0.039,0.0024,0.001,5.5e-05,0.0365,2
fish,"mackerel, spanish, cooked, dry heat",Fish,158.0,23.59,6.32,0.0,0.0,0.0,0.46,1.6,0.0,5.0,0.21,0.13,13.0,0.74,38.0,0.012,271.0,0.62,0.033,0.007,0.001,6.500000000000001e-05,0.0406,2
fish,"milkfish, raw",Fish,148.0,20.53,6.73,0.0,0.0,0.0,0.423,0.0,0.0,6.44,0.054,0.013,51.0,0.32,30.0,0.02,162.0,0.82,0.03,0.0034,0.016,3.4e-05,0.0126,2
fish,"monkfish, raw",Fish,76.0,14.48,1.52,0.0,0.0,0.0,0.24,1.0,0.0,2.1,0.06,0.025,8.0,0.32,21.0,0.024,200.0,0.41,0.012,0.0009,0.007,2.8e-05,0.0365,0
fish,"mullet, striped, raw",Fish,117.0,19.35,3.79,0.0,0.0,0.0,0.425,1.2,1.0,5.2,0.08,0.09,41.0,1.02,29.0,0.016,221.0,0.52,0.037,0.00022,0.009,5.1e-05,0.0365,2
fish,"mullet, striped, cooked, dry heat",Fish,150.0,24.81,4.86,0.0,0.0,0.0,0.49,1.2,0.0,6.3,0.1,0.1,31.0,1.41,33.0,0.022,244.0,0.88,0.042,0.00025,0.01,0.0001409999999999,0.0467999999999999,2
fish,"ocean perch, Atlantic, raw",Fish,79.0,15.31,1.54,0.0,0.0,0.0,0.073,0.0,0.76,1.005,0.048,0.04,28.0,0.22,23.0,0.011,248.0,0.29,0.012,0.0015,0.009,2.1e-05,0.0286,2
fish,"ocean perch, Atlantic, cooked, dry heat",Fish,96.0,18.51,1.87,0.0,0.0,0.0,0.084,0.0,0.91,1.215,0.057,0.046,34.0,0.27,27.0,0.013,300.0,0.35,0.015,0.00172,0.01,2.6e-05,0.0346,2
fish,"pout, ocean, raw",Fish,79.0,16.64,0.91,0.0,0.0,0.0,0.24,0.0,0.0,2.1,0.06,0.08,10.0,0.28,13.0,0.015,200.0,1.03,0.012,0.0009,0.007,3.2e-05,0.0365,2
fish,"perch, mixed species, raw",Fish,91.0,19.39,0.92,0.0,0.0,0.0,0.12,1.7,0.2,1.52,0.1,0.07,80.0,0.9,30.0,0.7,200.0,1.11,0.009,0.0019,0.005,0.00015,0.0126,2
fish,"perch, mixed species, cooked, dry heat",Fish,117.0,24.86,1.18,0.0,0.0,0.0,0.14,1.7,0.0,1.9,0.12,0.08,102.0,1.16,38.0,0.9,257.0,1.43,0.01,0.0022,0.006,0.000192,0.0161,2
fish,"pike, northern, raw",Fish,88.0,19.26,0.69,0.0,0.0,0.0,0.117,3.8,0.2,2.3,0.063,0.058,57.0,0.55,31.0,0.24,220.0,0.67,0.021,0.002,0.015,5.1e-05,0.0126,2
fish,"pike, northern, cooked, dry heat",Fish,113.0,24.69,0.88,0.0,0.0,0.0,0.135,3.8,0.0,2.8,0.077,0.067,73.0,0.71,40.0,0.31,282.0,0.86,0.024,0.0023,0.017,6.500000000000001e-05,0.0162,2
fish,"pike, walleye, raw",Fish,93.0,19.14,1.22,0.0,0.0,0.0,0.12,0.0,0.0,2.3,0.16,0.27,110.0,1.3,30.0,0.8,210.0,0.62,0.021,0.002,0.015,0.000178,0.0126,2
fish,"pollock, Atlantic, raw",Fish,92.0,19.44,0.98,0.0,0.0,0.0,0.287,0.0,0.23,3.27,0.185,0.047,60.0,0.46,67.0,0.015,221.0,0.47,0.014,0.00319,0.003,5e-05,0.0365,2
fish,"pollock, Alaska, raw",Fish,56.0,12.19,0.41,0.0,0.0,0.0,0.069,0.0,0.49,0.653,0.08,0.03,15.0,0.22,16.0,0.011,284.0,0.31,0.003,0.00163,0.003,3.1e-05,0.0159,0
fish,"pollock, Alaska, cooked, dry heat",Fish,111.0,23.48,1.18,0.0,0.0,0.0,0.329,0.0,0.28,3.949,0.223,0.054,72.0,0.56,81.0,0.018,267.0,0.57,0.017,0.00366,0.003,6e-05,0.0441,2
fish,"pompano, florida, raw",Fish,164.0,18.48,9.47,0.0,0.0,0.0,0.2,0.0,0.18,3.0,0.12,0.56,22.0,0.6,27.0,0.013,195.0,0.72,0.04,0.0013,0.015,3.8e-05,0.0365,2
fish,"pompano, florida, cooked, dry heat",Fish,211.0,23.69,12.14,0.0,0.0,0.0,0.23,0.0,0.0,3.8,0.15,0.68,43.0,0.67,31.0,0.025,341.0,0.69,0.036,0.0012,0.017,7.8e-05,0.0467999999999999,2
fish,"rockfish, Pacific, mixed species, raw",Fish,90.0,18.36,1.34,0.0,0.0,0.0,0.21,0.0,0.36,2.393,0.187,0.023,14.0,0.3,27.0,0.011,205.0,0.36,0.004,0.00139,0.009,3.4e-05,0.063,2
fish,"rockfish, Pacific, mixed species, cooked, dry heat",Fish,109.0,22.23,1.62,0.0,0.0,0.0,0.241,0.0,0.44,2.897,0.226,0.027,17.0,0.36,33.0,0.013,248.0,0.43,0.005,0.00159,0.01,4.1e-05,0.0762,2
fish,"roe, mixed species, raw",Fish,143.0,22.32,6.42,1.5,0.0,0.0,0.16,16.0,7.0,1.8,0.74,0.24,22.0,0.6,20.0,0.01,402.0,1.0,0.09,0.01,0.08,0.0001,0.0402999999999999,2
fish,"roughy, orange, raw",Fish,76.0,16.41,0.7,0.0,0.0,0.0,0.052,0.0,1.2,1.53,0.045,0.031,9.0,1.01,17.0,0.05,107.0,0.23,0.021,0.00038,0.026,7.5e-05,0.0667,2
fish,"sablefish, raw",Fish,195.0,13.41,15.3,0.0,0.0,0.0,0.3,0.0,0.0,4.0,0.09,0.1,35.0,1.28,55.0,0.015,168.0,0.32,0.093,0.0015,0.015,2.2e-05,0.0365,2
fish,"sablefish, smoked",Fish,257.0,17.65,20.14,0.0,0.0,0.0,0.39,0.0,0.0,5.3,0.12,0.13,50.0,1.69,74.0,0.02,222.0,0.43,0.122,0.002,0.02,3.5999999999999994e-05,0.0502,2
fish,"salmon, Atlantic, wild, raw",Fish,142.0,19.84,6.34,0.0,0.0,0.0,0.818,0.0,0.0,7.86,0.38,0.226,12.0,0.8,29.0,0.016,200.0,0.64,0.012,0.00318,0.025,0.00025,0.0365,2
fish,"salmon, chinook, smoked",Fish,117.0,18.28,4.32,0.0,0.0,0.0,0.278,0.0,1.35,4.72,0.101,0.023,11.0,0.85,18.0,0.017,164.0,0.31,0.026,0.00326,0.002,0.00023,0.0324,2
fish,"salmon, chinook, raw",Fish,179.0,19.93,10.43,0.0,0.0,0.0,0.4,4.0,1.22,8.42,0.113,0.054,26.0,0.25,95.0,0.015,289.0,0.44,0.136,0.0013,0.03,4.1e-05,0.0365,2
fish,"salmon, chum, raw",Fish,120.0,20.14,3.77,0.0,0.0,0.0,0.4,0.0,1.09,7.0,0.18,0.08,11.0,0.55,22.0,0.015,283.0,0.47,0.03,0.003,0.004,5.5e-05,0.0365,2
fish,"salmon, chum, canned, drained solids with bone",Fish,141.0,21.43,5.5,0.0,0.0,0.0,0.38,0.0,1.6,7.0,0.16,0.02,249.0,0.7,30.0,0.02,354.0,1.0,0.018,0.0044,0.02,0.0001,0.0433,2
fish,"salmon, coho, wild, raw",Fish,146.0,21.62,5.93,0.0,0.0,0.0,0.549,1.0,0.73,7.23,0.14,0.113,36.0,0.56,31.0,0.014,262.0,0.41,0.04,0.00417,0.009,5.1e-05,0.0365,2
fish,"salmon, coho, wild, cooked, moist heat",Fish,184.0,27.36,7.5,0.0,0.0,0.0,0.556,1.0,0.0,7.779,0.159,0.115,46.0,0.71,35.0,0.018,298.0,0.52,0.032,0.00448,0.009,6.500000000000001e-05,0.0462,2
fish,"salmon, pink, raw",Fish,127.0,20.5,4.4,0.0,0.0,0.0,0.611,0.0,0.4,7.995,0.105,0.08,7.0,0.38,27.0,0.011,261.0,0.39,0.035,0.00415,0.004,6.3e-05,0.0314,2
fish,"salmon, pink, canned, total can contents",Fish,129.0,19.68,4.97,0.0,0.0,0.0,0.3,0.0,0.64,6.536,0.186,0.023,215.0,0.64,30.0,0.024,337.0,0.76,0.017,0.0044,0.015,6.900000000000001e-05,0.0332,2
fish,"salmon, sockeye, raw",Fish,142.0,21.31,5.61,0.0,0.0,0.0,0.612,0.0,0.95,8.138,0.118,0.18,10.0,0.42,30.0,0.011,266.0,0.42,0.058,0.00595,0.008,6.1e-05,0.0306,2
fish,"salmon, sockeye, cooked, dry heat",Fish,169.0,25.4,6.69,0.0,0.0,0.0,0.693,0.0,1.14,9.698,0.14,0.215,12.0,0.5,36.0,0.013,317.0,0.5,0.069,0.00567,0.009,7.199999999999999e-05,0.0365,2
fish,"salmon, sockeye, canned, drained solids",Fish,167.0,23.59,7.39,0.0,0.0,0.0,0.119,0.0,2.07,7.621,0.212,0.032,232.0,0.65,31.0,0.029,338.0,0.84,0.055,0.0055,0.004,7.199999999999999e-05,0.0343,2
fish,"sardine, Atlantic, canned in oil, drained solids with bone",Fish,208.0,24.62,11.45,0.0,0.0,0.0,0.167,0.0,2.04,5.245,0.227,0.08,382.0,2.92,39.0,0.108,490.0,1.31,0.032,0.00894,0.01,0.000186,0.0527,2
fish,"sardine, Pacific, canned in tomato sauce, drained solids with bone",Fish,185.0,20.86,10.45,0.54,0.43,0.1,0.123,1.0,1.38,4.2,0.233,0.044,240.0,2.3,34.0,0.206,366.0,1.4,0.034,0.009,0.024,0.000272,0.0406,2
fish,"scup, raw",Fish,105.0,18.88,2.73,0.0,0.0,0.0,0.3,0.0,0.5,4.1,0.1,0.11,40.0,0.53,23.0,0.035,185.0,0.48,0.027,0.0014,0.015,5.1e-05,0.0365,2
fish,"sea bass, mixed species, raw",Fish,97.0,18.43,2.0,0.0,0.0,0.0,0.4,0.0,0.84,1.6,0.12,0.11,10.0,0.29,41.0,0.015,194.0,0.4,0.046,0.0003,0.005,1.9e-05,0.0365,2
fish,"sea bass, mixed species, cooked, dry heat",Fish,124.0,23.63,2.56,0.0,0.0,0.0,0.46,0.0,0.0,1.9,0.15,0.13,13.0,0.37,53.0,0.02,248.0,0.52,0.064,0.0003,0.006,2.4e-05,0.0467999999999999,2
fish,"seatrout, mixed species, raw",Fish,104.0,16.74,3.61,0.0,0.0,0.0,0.4,0.0,0.0,2.4,0.17,0.06,17.0,0.27,31.0,0.015,250.0,0.45,0.03,0.003,0.005,3e-05,0.0365,2
fish,"shad, american, raw",Fish,197.0,16.93,13.77,0.0,0.0,0.0,0.4,0.0,1.22,8.4,0.24,0.15,47.0,0.97,30.0,0.042,272.0,0.37,0.032,0.00015,0.015,6.4e-05,0.0365,2
fish,"shark, mixed species, raw",Fish,130.0,20.98,4.51,0.0,0.0,0.0,0.4,0.0,1.0,2.938,0.062,0.042,34.0,0.84,49.0,0.015,210.0,0.43,0.07,0.00149,0.003,3.3e-05,0.0365,2
fish,"shark, mixed species, cooked, batter-dipped and fried",Fish,228.0,18.62,13.82,6.39,0.0,0.0,0.3,0.0,0.0,2.783,0.097,0.072,50.0,1.11,43.0,0.05,194.0,0.48,0.054,0.00121,0.022,4.2e-05,0.034,2
fish,"sheepshead, raw",Fish,108.0,20.21,2.41,0.0,0.0,0.0,0.3,0.0,0.0,1.5,0.04,0.01,21.0,0.46,32.0,0.013,313.0,0.39,0.03,0.002,0.015,3.1e-05,0.0365,2
fish,"sheepshead, cooked, dry heat",Fish,126.0,26.02,1.63,0.0,0.0,0.0,0.35,0.0,0.0,1.8,0.05,0.01,37.0,0.67,35.0,0.021,350.0,0.63,0.035,0.0023,0.017,0.000122,0.0513,2
fish,"smelt, rainbow, raw",Fish,97.0,17.63,2.42,0.0,0.0,0.0,0.15,0.0,0.5,1.45,0.12,0.01,60.0,0.9,30.0,0.7,230.0,1.65,0.015,0.00344,0.004,0.000139,0.0365,2
fish,"smelt, rainbow, cooked, dry heat",Fish,124.0,22.6,3.1,0.0,0.0,0.0,0.17,0.0,0.0,1.766,0.146,0.01,77.0,1.15,38.0,0.9,295.0,2.12,0.017,0.00397,0.005,0.000178,0.0467999999999999,2
fish,"snapper, mixed species, raw",Fish,100.0,20.51,1.34,0.0,0.0,0.0,0.4,1.6,0.96,0.284,0.003,0.046,32.0,0.18,32.0,0.013,198.0,0.36,0.032,0.003,0.005,2.8e-05,0.0382,2
fish,"snapper, mixed species, cooked, dry heat",Fish,128.0,26.3,1.72,0.0,0.0,0.0,0.46,1.6,0.0,0.346,0.004,0.053,40.0,0.24,37.0,0.017,201.0,0.44,0.035,0.0035,0.006,4.6e-05,0.049,2
fish,"spot, raw",Fish,123.0,18.51,4.9,0.0,0.0,0.0,0.4,0.0,0.0,7.0,0.22,0.16,14.0,0.32,42.0,0.035,186.0,0.51,0.03,0.003,0.005,4.6e-05,0.0365,2
fish,"sturgeon, mixed species, raw",Fish,105.0,16.14,4.04,0.0,0.0,0.0,0.2,0.0,0.5,8.3,0.07,0.07,13.0,0.7,35.0,0.025,211.0,0.42,0.21,0.0022,0.015,4.1e-05,0.0126,2
fish,"sturgeon, mixed species, cooked, dry heat",Fish,135.0,20.7,5.18,0.0,0.0,0.0,0.23,0.0,0.63,10.1,0.09,0.08,17.0,0.9,45.0,0.03,271.0,0.54,0.263,0.0025,0.017,5.3e-05,0.0162,2
fish,"sturgeon, mixed species, smoked",Fish,173.0,31.2,4.4,0.0,0.0,0.0,0.27,0.0,0.5,11.1,0.09,0.09,17.0,0.93,47.0,0.03,281.0,0.56,0.28,0.0029,0.02,5e-05,0.0201,2
fish,"sucker, white, raw",Fish,92.0,16.76,2.32,0.0,0.0,0.0,0.2,0.0,0.0,1.2,0.07,0.01,70.0,1.3,30.0,0.6,210.0,0.75,0.051,0.002,0.015,0.000195,0.0126,2
fish,"sunfish, pumpkin seed, raw",Fish,89.0,19.4,0.7,0.0,0.0,0.0,0.12,1.0,0.0,1.2,0.07,0.08,80.0,1.2,30.0,0.7,180.0,1.55,0.015,0.002,0.015,0.0003,0.0126,2
fish,surimi,Fish,99.0,15.18,0.9,6.85,0.0,0.0,0.03,0.0,0.63,0.22,0.021,0.02,9.0,0.26,43.0,0.011,282.0,0.33,0.02,0.0016,0.002,3.2e-05,0.0281,2
fish,"swordfish, raw",Fish,144.0,19.66,6.65,0.0,0.0,0.0,0.543,0.0,2.02,7.76,0.053,0.075,5.0,0.38,29.0,0.011,255.0,0.66,0.036,0.0017,0.002,3.9e-05,0.0574,2
fish,"swordfish, cooked, dry heat",Fish,172.0,23.45,7.93,0.0,0.0,0.0,0.615,0.0,2.41,9.254,0.063,0.089,6.0,0.45,35.0,0.013,304.0,0.78,0.043,0.00162,0.002,4.6e-05,0.0685,2
fish,"tilefish, raw",Fish,96.0,17.5,2.31,0.0,0.0,0.0,0.26,0.0,0.0,2.9,0.16,0.12,26.0,0.25,28.0,0.01,187.0,0.37,0.018,0.0022,0.015,4.1e-05,0.0365,2
fish,"tilefish, cooked, dry heat",Fish,147.0,24.49,4.69,0.0,0.0,0.0,0.3,0.0,0.0,3.5,0.19,0.14,26.0,0.31,33.0,0.015,236.0,0.53,0.021,0.0025,0.017,5.2e-05,0.0515,2
fish,"trout, mixed species, raw",Fish,148.0,20.77,6.61,0.0,0.0,0.0,0.2,0.5,0.2,4.5,0.33,0.35,43.0,1.5,22.0,0.851,245.0,0.66,0.017,0.00779,0.013,0.000188,0.0126,2
fish,"trout, rainbow, wild, raw",Fish,119.0,20.48,3.46,0.0,0.0,0.0,0.406,2.4,0.0,5.384,0.105,0.123,67.0,0.7,31.0,0.158,271.0,1.08,0.019,0.00445,0.012,0.0001089999999999,0.0126,2
fish,"trout, rainbow, wild, cooked, dry heat",Fish,150.0,22.92,5.82,0.0,0.0,0.0,0.346,2.0,0.0,5.77,0.097,0.152,86.0,0.38,31.0,0.021,269.0,0.51,0.015,0.0063,0.019,5.8e-05,0.0132,2
fish,"tuna, fresh, bluefin, raw",Fish,144.0,23.33,4.9,0.0,0.0,0.0,0.455,0.0,1.0,8.654,0.251,0.241,8.0,1.02,50.0,0.015,254.0,0.6,0.655,0.00943,0.002,8.599999999999999e-05,0.0365,2
fish,"tuna, fresh, bluefin, cooked, dry heat",Fish,184.0,29.91,6.28,0.0,0.0,0.0,0.525,0.0,0.0,10.54,0.306,0.278,10.0,1.31,64.0,0.02,326.0,0.77,0.757,0.01088,0.002,0.00011,0.0467999999999999,2
fish,"tuna, light, canned in oil, drained solids",Fish,198.0,29.13,8.21,0.0,0.0,0.0,0.11,0.0,0.87,12.4,0.12,0.038,13.0,1.39,31.0,0.015,311.0,0.9,0.023,0.0022,0.005,7.099999999999999e-05,0.076,2
fish,"tuna, light, canned in water, drained solids",Fish,86.0,19.44,0.96,0.0,0.0,0.0,0.319,0.0,0.33,10.136,0.084,0.03,17.0,1.63,23.0,0.019,139.0,0.69,0.017,0.0025499999999999,0.004,5e-05,0.0706,2
fish,"tuna, fresh, skipjack, raw",Fish,103.0,22.0,1.01,0.0,0.0,0.0,0.85,1.0,0.0,15.4,0.1,0.033,29.0,1.25,34.0,0.015,222.0,0.82,0.016,0.0019,0.009,8.599999999999999e-05,0.0365,2
fish,"tuna, white, canned in oil, drained solids",Fish,186.0,26.53,8.08,0.0,0.0,0.0,0.43,0.0,2.3,11.698,0.079,0.017,4.0,0.65,34.0,0.016,267.0,0.47,0.005,0.0022,0.005,0.00013,0.0601,2
fish,"tuna, white, canned in water, drained solids",Fish,128.0,23.62,2.97,0.0,0.0,0.0,0.217,0.0,0.85,5.799,0.044,0.008,14.0,0.97,33.0,0.019,217.0,0.48,0.006,0.00117,0.002,3.9e-05,0.0657,2
fish,"tuna, fresh, yellowfin, raw",Fish,109.0,24.4,0.49,0.0,0.0,0.0,0.933,0.0,0.24,18.475,0.115,0.118,4.0,0.77,35.0,0.011,278.0,0.37,0.018,0.00208,0.002,3.5999999999999994e-05,0.0906,2
fish,tuna salad,Fish,187.0,16.04,9.26,9.41,0.0,0.0,0.081,2.2,0.0,6.7,0.07,0.031,17.0,1.0,19.0,0.04,178.0,0.56,0.024,0.0012,0.008,0.000145,0.0412,2
fish,"turbot, european, raw",Fish,95.0,16.05,2.95,0.0,0.0,0.0,0.21,1.7,0.0,2.2,0.08,0.066,18.0,0.36,51.0,0.017,129.0,0.22,0.011,0.0022,0.008,3.7e-05,0.0365,2
fish,"whitefish, mixed species, raw",Fish,134.0,19.09,5.86,0.0,0.0,0.0,0.3,0.0,0.2,3.0,0.12,0.14,26.0,0.37,33.0,0.067,270.0,0.99,0.036,0.001,0.015,7.199999999999999e-05,0.0126,2
fish,"whitefish, mixed species, smoked",Fish,108.0,23.4,0.93,0.0,0.0,0.0,0.389,0.0,0.21,2.4,0.101,0.032,18.0,0.5,23.0,0.034,132.0,0.49,0.057,0.00326,0.007,0.000315,0.0135,2
fish,"whiting, mixed species, raw",Fish,90.0,18.31,1.31,0.0,0.0,0.0,0.156,0.0,0.3,1.3,0.046,0.056,48.0,0.34,21.0,0.104,222.0,0.88,0.03,0.0023,0.013,3.1e-05,0.0321,2
fish,"whiting, mixed species, cooked, dry heat",Fish,116.0,23.48,1.69,0.0,0.0,0.0,0.18,0.0,0.38,1.67,0.06,0.068,62.0,0.42,27.0,0.13,285.0,0.53,0.038,0.0026,0.015,4e-05,0.0411,2
fish,"wolffish, Atlantic, raw",Fish,96.0,17.5,2.39,0.0,0.0,0.0,0.4,0.0,0.0,2.133,0.08,0.18,6.0,0.09,30.0,0.015,200.0,0.78,0.113,0.0020299999999999,0.005,2.9e-05,0.0365,2
fish,"yellowtail, mixed species, raw",Fish,146.0,23.14,5.24,0.0,0.0,0.0,0.16,2.8,0.0,6.8,0.04,0.144,23.0,0.49,30.0,0.015,157.0,0.52,0.029,0.0013,0.004,4.5e-05,0.0365,2
crustaceans,"crab, alaska king, raw",Fish,84.0,18.29,0.6,0.0,0.0,0.0,0.15,7.0,0.0,1.1,0.043,0.043,46.0,0.59,49.0,0.035,219.0,5.95,0.007,0.009,0.044,0.000922,0.0364,2
crustaceans,"crab, alaska king, cooked, moist heat",Fish,97.0,19.35,1.54,0.0,0.0,0.0,0.18,7.6,0.0,1.34,0.055,0.053,59.0,0.76,63.0,0.04,280.0,7.62,0.009,0.0115,0.051,0.0011819999999999,0.04,2
crustaceans,"crab, alaska king, imitation, made from surimi",Fish,95.0,7.62,0.46,15.0,6.25,0.5,0.13,0.0,0.17,0.62,0.08,0.03,13.0,0.39,43.0,0.011,282.0,0.33,0.0,0.00057,0.0,3.2e-05,0.0223,0
crustaceans,"crab, blue, raw",Fish,87.0,18.06,1.08,0.04,0.0,0.0,0.15,3.0,0.0,2.7,0.04,0.08,89.0,0.74,34.0,0.15,229.0,3.54,0.002,0.009,0.044,0.000669,0.0373999999999999,2
crustaceans,"crab, blue, cooked, moist heat",Fish,83.0,17.88,0.74,0.0,0.0,0.0,0.156,3.3,1.84,2.747,0.093,0.023,91.0,0.5,36.0,0.074,234.0,3.81,0.001,0.00333,0.051,0.0008139999999999,0.0429,2
crustaceans,"crab, blue, canned",Fish,83.0,17.88,0.74,0.0,0.0,0.0,0.156,3.3,1.84,2.747,0.093,0.023,91.0,0.5,36.0,0.074,234.0,3.81,0.001,0.00333,0.051,0.0008139999999999,0.0429,2
crustaceans,"crab, blue, crab cakes, home recipe",Fish,155.0,20.21,7.52,0.48,0.0,0.0,0.17,2.8,0.0,2.9,0.08,0.09,105.0,1.08,33.0,0.19,213.0,4.09,0.057,0.00594,0.061,0.00061,0.0407,2
crustaceans,"crab, dungeness, raw",Fish,86.0,17.41,0.97,0.74,0.0,0.0,0.15,3.5,0.0,3.14,0.167,0.047,46.0,0.37,45.0,0.08,182.0,4.27,0.027,0.009,0.044,0.000674,0.0371,2
crustaceans,"crab, queen, raw",Fish,90.0,18.5,1.18,0.0,0.0,0.0,0.15,7.0,0.0,2.5,0.2,0.08,26.0,2.5,49.0,0.03,133.0,2.8,0.045,0.009,0.044,0.00057,0.0346,2
crustaceans,"crayfish, mixed species, wild, raw",Fish,77.0,15.97,0.95,0.0,0.0,0.0,0.108,1.2,2.85,2.208,0.032,0.07,27.0,0.84,27.0,0.226,256.0,1.3,0.016,0.002,0.037,0.000419,0.0316,2
crustaceans,"crayfish, mixed species, wild, cooked, moist heat",Fish,82.0,16.77,1.2,0.0,0.0,0.0,0.076,0.9,1.5,2.28,0.085,0.05,60.0,0.83,33.0,0.522,270.0,1.76,0.015,0.00215,0.044,0.000685,0.0367,2
crustaceans,"lobster, northern, raw",Fish,77.0,16.52,0.75,0.0,0.0,0.0,0.104,0.0,0.87,1.591,0.014,0.02,84.0,0.26,38.0,0.056,161.0,3.53,0.001,0.00125,0.01,0.001349,0.0636,2
crustaceans,"lobster, northern, cooked, moist heat",Fish,89.0,19.0,0.86,0.0,0.0,0.0,0.119,0.0,1.0,1.83,0.017,0.023,96.0,0.29,43.0,0.065,185.0,4.05,0.001,0.0014299999999999,0.011,0.00155,0.0731,2
crustaceans,"shrimp, mixed species, raw",Fish,71.0,13.61,1.01,0.91,0.0,0.0,0.161,0.0,1.32,1.778,0.015,0.02,54.0,0.21,22.0,0.029,244.0,0.97,0.054,0.00111,0.019,0.000182,0.0296,0
crustaceans,"shrimp, mixed species, cooked, breaded and fried",Fish,242.0,21.39,12.28,11.47,0.8,0.4,0.098,1.5,1.3,3.07,0.136,0.129,67.0,1.26,40.0,0.1,218.0,1.38,0.056,0.00187,0.039,0.000274,0.0417,2
crustaceans,"shrimp, mixed species, cooked, moist heat",Fish,119.0,22.78,1.7,1.52,0.0,0.0,0.242,0.0,2.2,2.678,0.024,0.032,91.0,0.32,37.0,0.049,306.0,1.63,0.09,0.00166,0.024,0.000258,0.0495,2
crustaceans,"shrimp, mixed species, canned",Fish,100.0,20.42,1.36,0.0,0.0,0.0,0.01,4.1,1.1,0.558,0.015,0.007,145.0,2.13,33.0,0.396,195.0,1.96,0.0,0.00074,0.009,0.000262,0.0475,2
crustaceans,"shrimp, mixed species, imitation, made from surimi",Fish,101.0,12.39,1.47,9.13,0.0,0.0,0.03,0.0,0.0,0.17,0.034,0.024,19.0,0.6,43.0,0.011,282.0,0.33,0.02,0.0016,0.002,3.2e-05,0.0229,0
crustaceans,"spiny lobster, mixed species, raw",Fish,112.0,20.6,1.51,2.43,0.0,0.0,0.15,2.0,0.0,4.245,0.046,0.007,49.0,1.22,40.0,0.015,238.0,5.67,0.005,0.0035,0.001,0.000381,0.0462,2
mollusks,"abalone, mixed species, raw",Fish,105.0,17.1,0.76,6.01,0.0,0.0,0.15,2.0,4.0,1.5,0.1,0.19,31.0,3.19,48.0,0.04,190.0,0.82,0.002,0.00073,0.005,0.000196,0.0448,2
mollusks,"abalone, mixed species, cooked, fried",Fish,189.0,19.63,6.78,11.05,0.0,0.0,0.15,1.8,0.0,1.9,0.13,0.22,37.0,3.8,56.0,0.07,217.0,0.95,0.002,0.00069,0.02,0.000228,0.0518,2
mollusks,"clam, mixed species, raw",Fish,86.0,14.67,0.96,3.57,0.0,0.0,0.01,0.0,0.68,0.35,0.04,0.015,39.0,1.62,19.0,0.085,198.0,0.51,0.09,0.01128,0.005,5.3e-05,0.0306,0
mollusks,"clam, mixed species, cooked, breaded and fried",Fish,202.0,14.24,11.15,10.33,0.0,0.0,0.06,10.0,0.0,2.064,0.244,0.1,63.0,13.91,14.0,0.54,188.0,1.46,0.091,0.04027,0.048,0.000356,0.0289,2
mollusks,"clam, mixed species, cooked, moist heat",Fish,148.0,25.55,1.95,5.13,0.0,0.0,0.11,22.1,0.0,3.354,0.426,0.15,92.0,2.81,18.0,1.0,338.0,2.73,0.171,0.09889,0.029,0.0006879999999999,0.064,2
mollusks,"clam, mixed species, canned, drained solids",Fish,142.0,24.25,1.59,5.9,0.0,0.0,0.016,0.0,1.12,0.578,0.066,0.024,65.0,2.68,32.0,0.14,327.0,0.84,0.149,0.01863,0.007,8.7e-05,0.0505,2
mollusks,"clam, mixed species, canned, liquid",Fish,2.0,0.4,0.02,0.1,0.0,0.0,0.01,1.0,0.31,0.18,0.02,0.01,13.0,0.3,11.0,0.074,114.0,0.1,0.009,0.005,0.002,0.000389,0.0040999999999999,0
mollusks,"cuttlefish, mixed species, raw",Fish,79.0,16.24,0.7,0.82,0.0,0.0,0.15,5.3,0.0,1.216,0.91,0.009,90.0,6.02,30.0,0.11,387.0,1.73,0.113,0.003,0.016,0.000587,0.0448,2
mollusks,"mussel, blue, raw",Fish,86.0,11.9,2.24,3.69,0.0,0.0,0.05,8.0,0.55,1.6,0.21,0.16,26.0,3.95,34.0,3.4,197.0,1.6,0.048,0.012,0.042,9.4e-05,0.0448,0
mollusks,"mussel, blue, cooked, moist heat",Fish,172.0,23.8,4.48,7.39,0.0,0.0,0.1,13.6,0.0,3.0,0.42,0.3,33.0,6.72,37.0,6.8,285.0,2.67,0.091,0.024,0.076,0.000149,0.0896,2
mollusks,"octopus, common, raw",Fish,82.0,14.91,1.04,2.2,0.0,0.0,0.36,5.0,1.2,2.1,0.04,0.03,53.0,5.3,30.0,0.025,186.0,1.68,0.045,0.02,0.016,0.000435,0.0448,2
mollusks,"oyster, eastern, wild, raw",Fish,51.0,5.71,1.71,2.72,0.62,0.0,0.031,0.0,0.85,0.925,0.09,0.018,59.0,4.61,18.0,0.296,97.0,39.3,0.013,0.00875,0.007,0.002858,0.0197,0
mollusks,"oyster, eastern, cooked, breaded and fried",Fish,199.0,8.77,12.58,11.62,0.0,0.0,0.064,3.8,0.0,1.65,0.202,0.15,62.0,6.95,58.0,0.49,159.0,87.13,0.09,0.01563,0.043,0.0042939999999999,0.0665,0
mollusks,"oyster, eastern, wild, cooked, moist heat",Fish,102.0,11.42,3.42,5.45,1.23,0.0,0.061,0.0,1.7,1.85,0.18,0.036,116.0,9.21,35.0,0.591,194.0,78.6,0.026,0.0175,0.014,0.005707,0.0395,0
mollusks,"oyster, eastern, canned",Fish,68.0,7.06,2.47,3.91,0.0,0.0,0.095,5.0,0.85,1.244,0.166,0.15,45.0,6.7,54.0,0.45,139.0,90.95,0.09,0.0191299999999999,0.009,0.004461,0.0358,0
mollusks,"oyster, Pacific, raw",Fish,81.0,9.45,2.3,4.95,0.0,0.0,0.05,8.0,0.0,2.01,0.233,0.067,8.0,5.11,22.0,0.643,162.0,16.62,0.081,0.016,0.01,0.001576,0.077,0
mollusks,"scallop, mixed species, raw",Fish,69.0,12.06,0.49,3.18,0.0,0.0,0.073,0.0,0.0,0.703,0.015,0.007,6.0,0.38,22.0,0.017,334.0,0.91,0.001,0.00141,0.016,2.3e-05,0.0128,0
mollusks,"scallop, mixed species, cooked, breaded and fried",Fish,216.0,18.07,10.94,10.13,0.0,0.0,0.14,2.3,0.0,1.505,0.11,0.042,42.0,0.82,59.0,0.14,236.0,1.06,0.022,0.00132,0.05,7.8e-05,0.0269,2
mollusks,"scallop, mixed species, imitation, made from surimi",Fish,99.0,12.77,0.41,10.62,0.0,0.0,0.03,0.0,0.0,0.31,0.016,0.01,8.0,0.31,43.0,0.011,282.0,0.33,0.02,0.0016,0.002,3.2e-05,0.0236,0
mollusks,"squid, mixed species, raw",Fish,92.0,15.58,1.38,3.08,0.0,0.0,0.056,4.7,1.2,2.175,0.412,0.02,32.0,0.68,33.0,0.035,221.0,1.53,0.01,0.0013,0.005,0.001891,0.0448,2
mollusks,"squid, mixed species, cooked, fried",Fish,175.0,17.94,7.48,7.79,0.0,0.0,0.058,4.2,0.0,2.602,0.458,0.056,39.0,1.01,38.0,0.07,251.0,1.74,0.011,0.00123,0.02,0.002114,0.0518,2
mollusks,"whelk, unspecified, raw",Fish,137.0,23.84,0.4,7.76,0.0,0.0,0.342,4.0,0.13,1.05,0.107,0.026,57.0,5.03,86.0,0.447,141.0,1.63,0.026,0.00907,0.006,0.00103,0.0448,2
mollusks,"whelk, unspecified, cooked, moist heat",Fish,275.0,47.68,0.8,15.52,0.0,0.0,0.65,6.8,0.0,1.995,0.214,0.049,113.0,10.06,172.0,0.89,282.0,3.26,0.049,0.01814,0.011,0.00206,0.0896,2
fish,"salmon, chinook, smoked, (lox), regular",Fish,117.0,18.28,4.32,0.0,0.0,0.0,0.278,0.0,0.0,4.72,0.101,0.023,11.0,0.85,18.0,0.017,164.0,0.31,0.026,0.00326,0.002,0.00023,0.0381,2
fish,"salmon, chum, canned, without salt, drained solids with bone",Fish,141.0,21.43,5.5,0.0,0.0,0.0,0.38,0.0,0.0,7.0,0.16,0.02,249.0,0.7,30.0,0.02,354.0,1.0,0.018,0.0044,0.02,0.0001,0.0433,2
fish,"salmon, pink, canned, without salt, solids with bone and liquid",Fish,139.0,19.78,6.05,0.0,0.0,0.0,0.3,0.0,0.0,6.536,0.186,0.023,213.0,0.84,34.0,0.02,329.0,0.92,0.017,0.0044,0.015,0.000102,0.0332,2
fish,"salmon, sockeye, canned, without salt, drained solids with bone",Fish,153.0,20.47,7.31,0.0,0.0,0.0,0.3,0.0,0.0,5.48,0.193,0.016,239.0,1.06,29.0,0.03,326.0,1.02,0.053,0.0003,0.01,8.400000000000001e-05,0.0354,2
fish,"tuna, light, canned in oil, without salt, drained solids",Fish,198.0,29.13,8.21,0.0,0.0,0.0,0.11,0.0,0.0,12.4,0.12,0.038,13.0,1.39,31.0,0.015,311.0,0.9,0.0,0.0022,0.005,7.099999999999999e-05,0.076,2
fish,"tuna, light, canned in water, without salt, drained solids",Fish,116.0,25.51,0.82,0.0,0.0,0.0,0.35,0.0,0.0,13.28,0.074,0.032,11.0,1.53,27.0,0.011,163.0,0.77,0.0,0.00299,0.004,5.1e-05,0.0804,2
fish,"tuna, white, canned in oil, without salt, drained solids",Fish,186.0,26.53,8.08,0.0,0.0,0.0,0.43,0.0,0.0,11.698,0.079,0.017,4.0,0.65,34.0,0.016,267.0,0.47,0.0,0.0022,0.005,0.00013,0.0601,2
fish,"tuna, white, canned in water, without salt, drained solids",Fish,128.0,23.62,2.97,0.0,0.0,0.0,0.217,0.0,0.0,5.799,0.044,0.008,14.0,0.97,33.0,0.019,217.0,0.48,0.006,0.00117,0.002,3.9e-05,0.0657,2
fish,"bass, freshwater, mixed species, cooked, dry heat",Fish,146.0,24.18,4.73,0.0,0.0,0.0,0.138,2.1,0.0,1.522,0.09,0.087,103.0,1.91,38.0,1.14,256.0,0.83,0.035,0.00231,0.017,0.0001189999999999,0.0162,2
fish,"bass, striped, cooked, dry heat",Fish,124.0,22.73,2.99,0.0,0.0,0.0,0.346,0.0,0.0,2.558,0.037,0.115,19.0,1.08,51.0,0.019,254.0,0.51,0.031,0.00441,0.01,4e-05,0.0467999999999999,2
fish,"bluefish, cooked, dry heat",Fish,159.0,25.69,5.44,0.0,0.0,0.0,0.464,0.0,0.0,7.247,0.097,0.067,9.0,0.62,42.0,0.027,291.0,1.04,0.138,0.00622,0.002,6.8e-05,0.0467999999999999,2
fish,"burbot, cooked, dry heat",Fish,115.0,24.76,1.04,0.0,0.0,0.0,0.346,0.0,0.0,1.973,0.172,0.429,64.0,1.15,41.0,0.897,256.0,0.97,0.005,0.00092,0.001,0.000256,0.0162,2
fish,"butterfish, cooked, dry heat",Fish,187.0,22.15,10.28,0.0,0.0,0.0,0.346,0.0,0.0,5.769,0.192,0.146,28.0,0.64,32.0,0.019,308.0,0.99,0.033,0.00183,0.017,6.900000000000001e-05,0.0467999999999999,2
fish,"cod, Pacific, cooked, dry heat",Fish,85.0,18.73,0.5,0.0,0.0,0.0,0.136,0.0,0.67,1.343,0.055,0.038,10.0,0.2,24.0,0.015,345.0,0.39,0.002,0.00231,0.008,2.4e-05,0.028,2
fish,"cusk, cooked, dry heat",Fish,112.0,24.35,0.88,0.0,0.0,0.0,0.447,0.0,0.0,3.271,0.162,0.048,13.0,1.06,40.0,0.019,262.0,0.49,0.021,0.0012,0.002,2.3e-05,0.0467999999999999,2
fish,"dolphinfish, cooked, dry heat",Fish,109.0,23.72,0.9,0.0,0.0,0.0,0.462,0.0,0.0,7.429,0.085,0.023,19.0,1.45,38.0,0.019,183.0,0.59,0.062,0.00069,0.006,5.3e-05,0.0467999999999999,2
fish,"drum, freshwater, cooked, dry heat",Fish,153.0,22.49,6.32,0.0,0.0,0.0,0.346,1.0,0.0,2.862,0.207,0.081,77.0,1.15,38.0,0.897,231.0,0.85,0.059,0.00231,0.017,0.000297,0.0162,2
fish,"halibut, greenland, cooked, dry heat",Fish,239.0,18.42,17.74,0.0,0.0,0.0,0.485,0.0,0.0,1.923,0.103,0.073,4.0,0.85,33.0,0.015,210.0,0.51,0.018,0.0009599999999999,0.001,3.8e-05,0.0467999999999999,2
fish,"herring, Pacific, cooked, dry heat",Fish,250.0,21.01,17.79,0.0,0.0,0.0,0.519,0.0,0.0,2.821,0.256,0.073,106.0,1.44,41.0,0.058,292.0,0.68,0.035,0.00962,0.006,0.0001,0.0467999999999999,2
fish,"ling, cooked, dry heat",Fish,111.0,24.35,0.82,0.0,0.0,0.0,0.351,0.0,0.0,2.801,0.231,0.127,44.0,0.83,81.0,0.038,254.0,1.0,0.035,0.00065,0.008,0.0001409999999999,0.0467999999999999,2
fish,"lingcod, cooked, dry heat",Fish,109.0,22.64,1.36,0.0,0.0,0.0,0.346,0.0,0.0,2.314,0.139,0.035,18.0,0.41,33.0,0.026,258.0,0.58,0.017,0.00415,0.01,3.5000000000000004e-05,0.0467999999999999,2
fish,"mackerel, king, cooked, dry heat",Fish,134.0,26.0,2.56,0.0,0.0,0.0,0.51,1.6,0.0,10.462,0.58,0.115,40.0,2.28,41.0,0.006,318.0,0.72,0.252,0.018,0.009,3.3e-05,0.0467999999999999,2
fish,"mackerel, Pacific and jack, mixed species, cooked, dry heat",Fish,201.0,25.73,10.12,0.0,0.0,0.0,0.381,2.1,1.25,10.667,0.54,0.135,29.0,1.49,36.0,0.019,160.0,0.86,0.023,0.00423,0.002,0.0001189999999999,0.0467999999999999,2
fish,"milkfish, cooked, dry heat",Fish,190.0,26.32,8.63,0.0,0.0,0.0,0.488,0.0,0.0,8.256,0.069,0.016,65.0,0.41,38.0,0.026,208.0,1.05,0.033,0.00327,0.018,4.4e-05,0.0162,2
fish,"monkfish, cooked, dry heat",Fish,97.0,18.56,1.95,0.0,0.0,0.0,0.277,1.0,0.0,2.558,0.073,0.029,10.0,0.41,27.0,0.031,256.0,0.53,0.014,0.00104,0.008,3.5999999999999994e-05,0.0467999999999999,2
fish,"pike, walleye, cooked, dry heat",Fish,119.0,24.54,1.56,0.0,0.0,0.0,0.138,0.0,0.0,2.801,0.195,0.312,141.0,1.67,38.0,1.026,269.0,0.79,0.024,0.00231,0.017,0.000228,0.0162,2
fish,"pollock, Atlantic, cooked, dry heat",Fish,118.0,24.92,1.26,0.0,0.0,0.0,0.331,0.0,0.0,3.983,0.225,0.054,77.0,0.59,86.0,0.019,283.0,0.6,0.012,0.00368,0.003,6.4e-05,0.0467999999999999,2
fish,"pout, ocean, cooked, dry heat",Fish,102.0,21.33,1.17,0.0,0.0,0.0,0.277,0.0,0.0,2.558,0.073,0.092,13.0,0.36,17.0,0.019,256.0,1.32,0.014,0.00104,0.008,4.1e-05,0.0467999999999999,2
fish,"roe, mixed species, cooked, dry heat",Fish,204.0,28.62,8.23,1.92,0.0,0.0,0.185,16.4,0.0,2.192,0.949,0.277,28.0,0.77,26.0,0.013,515.0,1.28,0.091,0.01154,0.092,0.000128,0.0517,2
fish,"sablefish, cooked, dry heat",Fish,250.0,17.19,19.62,0.0,0.0,0.0,0.346,0.0,0.0,5.128,0.115,0.122,45.0,1.64,71.0,0.019,215.0,0.41,0.102,0.0014399999999999,0.017,2.8e-05,0.0467999999999999,2
fish,"salmon, Atlantic, wild, cooked, dry heat",Fish,182.0,25.44,8.13,0.0,0.0,0.0,0.944,0.0,0.0,10.077,0.487,0.275,15.0,1.03,37.0,0.021,256.0,0.82,0.013,0.0030499999999999,0.029,0.000321,0.0467999999999999,2
fish,"salmon, chinook, cooked, dry heat",Fish,231.0,25.72,13.38,0.0,0.0,0.0,0.462,4.1,0.0,10.045,0.154,0.044,28.0,0.91,122.0,0.019,371.0,0.56,0.149,0.00287,0.035,5.3e-05,0.0467999999999999,2
fish,"salmon, chum, cooked, dry heat",Fish,154.0,25.82,4.83,0.0,0.0,0.0,0.462,0.0,0.0,8.526,0.219,0.092,14.0,0.71,28.0,0.019,363.0,0.6,0.034,0.00346,0.005,7.099999999999999e-05,0.0467999999999999,2
fish,"salmon, pink, cooked, dry heat",Fish,153.0,24.58,5.28,0.0,0.0,0.0,0.696,0.0,0.48,9.588,0.126,0.091,8.0,0.45,32.0,0.013,313.0,0.46,0.042,0.00473,0.005,7.5e-05,0.0376,2
fish,"scup, cooked, dry heat",Fish,135.0,24.21,3.5,0.0,0.0,0.0,0.346,0.0,0.0,4.994,0.122,0.127,51.0,0.68,29.0,0.045,237.0,0.62,0.031,0.00162,0.017,6.500000000000001e-05,0.0467999999999999,2
fish,"seatrout, mixed species, cooked, dry heat",Fish,133.0,21.46,4.63,0.0,0.0,0.0,0.462,0.0,0.0,2.923,0.207,0.069,22.0,0.35,40.0,0.019,321.0,0.58,0.035,0.00346,0.006,3.8e-05,0.0467999999999999,2
fish,"shad, american, cooked, dry heat",Fish,252.0,21.71,17.65,0.0,0.0,0.0,0.462,0.0,0.0,10.769,0.308,0.183,60.0,1.24,38.0,0.054,349.0,0.47,0.036,0.00014,0.017,8.2e-05,0.0467999999999999,2
fish,"spot, cooked, dry heat",Fish,158.0,23.73,6.28,0.0,0.0,0.0,0.462,0.0,0.0,8.526,0.268,0.185,18.0,0.41,54.0,0.045,238.0,0.65,0.035,0.00346,0.006,5.9e-05,0.0467999999999999,2
fish,"sucker, white, cooked, dry heat",Fish,119.0,21.49,2.97,0.0,0.0,0.0,0.231,0.0,0.0,1.462,0.085,0.012,90.0,1.67,38.0,0.769,269.0,0.96,0.059,0.00231,0.017,0.00025,0.0162,2
fish,"sunfish, pumpkin seed, cooked, dry heat",Fish,114.0,24.87,0.9,0.0,0.0,0.0,0.138,1.0,0.0,1.462,0.085,0.092,103.0,1.54,38.0,0.897,231.0,1.99,0.017,0.00231,0.017,0.000385,0.0162,2
fish,"trout, mixed species, cooked, dry heat",Fish,190.0,26.63,8.47,0.0,0.0,0.0,0.231,0.5,0.0,5.769,0.423,0.426,55.0,1.92,28.0,1.091,314.0,0.85,0.019,0.00749,0.015,0.000241,0.0162,2
fish,"tuna, skipjack, fresh, cooked, dry heat",Fish,132.0,28.21,1.29,0.0,0.0,0.0,0.981,1.0,0.0,18.756,0.122,0.038,37.0,1.6,44.0,0.019,285.0,1.05,0.018,0.00219,0.01,0.00011,0.0467999999999999,2
fish,"tuna, yellowfin, fresh, cooked, dry heat",Fish,130.0,29.15,0.59,0.0,0.0,0.0,1.038,0.0,0.29,22.07,0.137,0.134,4.0,0.92,42.0,0.013,333.0,0.45,0.022,0.00235,0.002,4.3e-05,0.1082,2
fish,"turbot, european, cooked, dry heat",Fish,122.0,20.58,3.78,0.0,0.0,0.0,0.242,1.7,0.0,2.679,0.097,0.076,23.0,0.46,65.0,0.022,165.0,0.28,0.012,0.00254,0.009,4.7e-05,0.0467999999999999,2
fish,"whitefish, mixed species, cooked, dry heat",Fish,172.0,24.47,7.51,0.0,0.0,0.0,0.346,0.0,0.0,3.846,0.154,0.171,33.0,0.47,42.0,0.086,346.0,1.27,0.039,0.0009599999999999,0.017,9.2e-05,0.0162,2
fish,"wolffish, Atlantic, cooked, dry heat",Fish,123.0,22.44,3.06,0.0,0.0,0.0,0.462,0.0,0.0,2.598,0.097,0.208,8.0,0.12,38.0,0.019,256.0,1.0,0.13,0.00235,0.006,3.7e-05,0.0467999999999999,2
fish,"yellowtail, mixed species, cooked, dry heat",Fish,187.0,29.67,6.72,0.0,0.0,0.0,0.185,2.9,0.0,8.718,0.051,0.175,29.0,0.63,38.0,0.019,201.0,0.67,0.031,0.00125,0.004,5.8e-05,0.0467999999999999,2
crustaceans,"crab, dungeness, cooked, moist heat",Fish,110.0,22.32,1.24,0.95,0.0,0.0,0.173,3.6,0.0,3.623,0.203,0.057,59.0,0.43,58.0,0.097,175.0,5.47,0.031,0.01038,0.042,0.000734,0.0476,2
crustaceans,"crab, queen, cooked, moist heat",Fish,115.0,23.72,1.51,0.0,0.0,0.0,0.173,7.2,0.0,2.885,0.244,0.097,33.0,2.88,63.0,0.037,128.0,3.59,0.052,0.01038,0.042,0.000621,0.0444,2
crustaceans,"spiny lobster, mixed species, cooked, moist heat",Fish,143.0,26.41,1.94,3.12,0.0,0.0,0.173,2.1,0.0,4.898,0.056,0.009,63.0,1.41,51.0,0.018,229.0,7.27,0.006,0.00404,0.001,0.000415,0.0592,2
mollusks,"cuttlefish, mixed species, cooked, moist heat",Fish,158.0,32.48,1.4,1.64,0.0,0.0,0.27,8.5,0.0,2.189,1.729,0.017,180.0,10.84,60.0,0.209,580.0,3.46,0.203,0.0054,0.024,0.000998,0.0896,2
mollusks,"octopus, common, cooked, moist heat",Fish,164.0,29.82,2.08,4.4,0.0,0.0,0.648,8.0,1.2,3.78,0.076,0.057,106.0,9.54,60.0,0.047,279.0,3.36,0.09,0.036,0.024,0.000739,0.0896,2
mollusks,"oyster, Pacific, cooked, moist heat",Fish,163.0,18.9,4.6,9.9,0.0,0.0,0.09,12.8,0.85,3.618,0.443,0.127,16.0,9.2,44.0,1.222,243.0,33.24,0.146,0.0288,0.015,0.002679,0.154,2
fish,"roughy, orange, cooked, dry heat",Fish,105.0,22.64,0.9,0.0,0.0,0.0,0.067,0.0,1.87,1.82,0.063,0.045,11.0,1.13,18.0,0.037,102.0,0.32,0.024,0.00047,0.005,7.5e-05,0.0883,2
fish,"catfish, channel, wild, cooked, dry heat",Fish,105.0,18.47,2.85,0.0,0.0,0.0,0.106,0.8,0.0,2.385,0.067,0.227,11.0,0.35,28.0,0.027,304.0,0.61,0.015,0.0029,0.01,3.9e-05,0.0143,2
fish,"catfish, channel, farmed, raw",Fish,119.0,15.23,5.94,0.0,0.0,0.0,0.154,0.0,0.81,2.105,0.083,0.02,8.0,0.23,19.0,0.015,204.0,0.48,0.0,0.0028799999999999,0.01,3.2e-05,0.0081999999999999,2
fish,"catfish, channel, farmed, cooked, dry heat",Fish,144.0,18.44,7.19,0.0,0.0,0.0,0.177,0.0,0.97,2.548,0.1,0.024,9.0,0.28,23.0,0.018,247.0,0.58,0.001,0.00278,0.012,3.9e-05,0.0099,2
fish,"salmon, Atlantic, farmed, raw",Fish,208.0,20.42,13.42,0.0,0.0,0.0,0.636,3.9,3.55,8.672,0.155,0.207,9.0,0.34,27.0,0.011,240.0,0.36,0.0,0.00323,0.026,4.5e-05,0.024,2
fish,"salmon, Atlantic, farmed, cooked, dry heat",Fish,206.0,22.1,12.35,0.0,0.0,0.0,0.647,3.7,0.0,8.045,0.135,0.34,15.0,0.34,30.0,0.016,252.0,0.43,0.0,0.0028,0.034,4.9000000000000005e-05,0.0414,2
fish,"salmon, coho, farmed, raw",Fish,160.0,21.27,7.67,0.0,0.0,0.0,0.66,1.1,0.0,6.813,0.11,0.09,12.0,0.34,31.0,0.012,292.0,0.43,0.056,0.00267,0.013,4.8e-05,0.0126,2
fish,"salmon, coho, farmed, cooked, dry heat",Fish,178.0,24.3,8.23,0.0,0.0,0.0,0.568,1.5,0.0,7.393,0.113,0.1,12.0,0.39,34.0,0.021,332.0,0.47,0.059,0.00317,0.014,8.9e-05,0.0141,2
fish,"trout, rainbow, farmed, raw",Fish,141.0,19.94,6.18,0.0,0.0,0.0,0.34,2.9,2.34,5.567,0.09,0.12,25.0,0.31,25.0,0.011,226.0,0.45,0.084,0.0043,0.011,4.6e-05,0.0236,2
fish,"trout, rainbow, farmed, cooked, dry heat",Fish,168.0,23.8,7.38,0.0,0.0,0.0,0.386,2.9,2.79,6.646,0.107,0.143,30.0,0.36,30.0,0.013,270.0,0.54,0.1,0.00411,0.012,5.5e-05,0.0281,2
crustaceans,"crayfish, mixed species, farmed, raw",Fish,72.0,14.85,0.97,0.0,0.0,0.0,0.076,0.5,0.0,1.867,0.032,0.045,25.0,0.55,30.0,0.146,218.0,1.01,0.015,0.0021,0.03,0.000237,0.0283999999999999,2
crustaceans,"crayfish, mixed species, farmed, cooked, moist heat",Fish,87.0,17.52,1.3,0.0,0.0,0.0,0.134,0.5,0.0,1.667,0.08,0.047,51.0,1.11,33.0,0.217,241.0,1.48,0.015,0.0031,0.011,0.00058,0.0342,2
mollusks,"oyster, eastern, wild, cooked, dry heat",Fish,79.0,8.87,2.65,4.23,0.96,0.0,0.045,0.0,1.32,1.365,0.112,0.025,92.0,7.16,28.0,0.459,150.0,61.04,0.02,0.01291,0.01,0.004439,0.0306999999999999,0
mollusks,"oyster, eastern, farmed, raw",Fish,59.0,5.22,1.55,5.53,0.0,0.0,0.06,4.7,0.0,1.267,0.065,0.105,44.0,5.78,33.0,0.394,93.0,37.92,0.008,0.0162,0.018,0.0007379999999999,0.0637,0
mollusks,"oyster, eastern, farmed, cooked, dry heat",Fish,79.0,7.0,2.12,7.28,0.0,0.0,0.076,6.0,0.0,1.792,0.055,0.13,56.0,7.77,33.0,0.425,115.0,45.15,0.019,0.0243,0.024,0.001434,0.0775,0
fish,"salmon, coho, wild, cooked, dry heat",Fish,139.0,23.45,4.3,0.0,0.0,0.0,0.568,1.4,0.92,7.95,0.14,0.075,45.0,0.61,33.0,0.019,322.0,0.56,0.051,0.005,0.013,7.099999999999999e-05,0.038,2
mollusks,"conch, baked or broiled",Fish,130.0,26.3,1.2,1.7,0.0,0.0,0.06,0.0,6.33,1.04,0.08,0.06,98.0,1.41,238.0,0.0,217.0,1.71,0.007,0.00525,0.179,0.000435,0.0402999999999999,2
usda commodity,"salmon nuggets, breaded, frozen, heated",Fish,212.0,12.69,11.72,13.96,0.0,0.0,0.222,0.0,0.0,4.527,0.156,0.207,8.0,1.24,20.0,0.118,176.0,0.52,0.0,0.00207,0.011,7.7e-05,0.0,2
usda commodity,"salmon nuggets, cooked as purchased, unheated",Fish,189.0,11.97,10.43,11.85,0.0,0.0,0.22,0.0,0.0,5.948,0.14,0.195,9.0,1.46,20.0,0.106,173.0,0.46,0.0,0.00218,0.011,6.900000000000001e-05,0.0,2
salmon,"sockeye, canned, total can contents",Fish,153.0,20.63,7.17,0.0,0.0,0.0,0.33,0.0,1.88,6.0,0.2,0.02,198.0,0.57,30.0,0.024,321.0,0.67,0.039,0.0004,0.003,6.1e-05,0.0301,2
fish,"salmon, pink, canned, drained solids",Fish,138.0,23.1,5.02,0.0,0.0,0.0,0.105,0.0,1.28,7.409,0.202,0.027,283.0,0.77,32.0,0.031,379.0,0.96,0.02,0.00495,0.004,8.2e-05,0.0395,2
fish,"tilapia, raw",Fish,96.0,20.08,1.7,0.0,0.0,0.0,0.162,0.0,0.4,3.903,0.063,0.041,10.0,0.56,27.0,0.037,170.0,0.33,0.0,0.00158,0.024,7.5e-05,0.0418,2
fish,"tilapia, cooked, dry heat",Fish,128.0,26.15,2.65,0.0,0.0,0.0,0.123,0.0,0.79,4.745,0.073,0.093,14.0,0.69,34.0,0.037,204.0,0.41,0.0,0.00186,0.006,7.5e-05,0.0544,2
salmon,"sockeye, canned, drained solids, without skin and bones",Fish,158.0,26.33,5.87,0.0,0.0,0.0,0.12,0.0,2.09,7.689,0.214,0.033,37.0,0.48,24.0,0.011,236.0,0.58,0.056,0.00554,0.004,7.000000000000001e-05,0.0346,2
fish,"Salmon, pink, canned, drained solids, without skin and bones",Fish,136.0,24.62,4.21,0.0,0.0,0.0,0.105,0.0,1.28,7.43,0.203,0.027,60.0,0.57,24.0,0.011,253.0,0.65,0.02,0.00496,0.004,7.7e-05,0.0396,2
fish,"pollock, Alaska, untreated, raw",Fish,70.0,17.17,0.19,0.0,0.0,0.0,0.0,0.0,0.0,0.0,0.0,0.0,12.0,0.27,34.0,0.011,190.0,0.4,0.0,0.0,0.0,4.1e-05,0.0,2
fish,"pollock, Alaska, untreated, cooked",Fish,80.0,19.42,0.26,0.0,0.0,0.0,0.0,0.0,0.0,0.0,0.0,0.0,13.0,0.29,37.0,0.011,206.0,0.44,0.0,0.0,0.0,4.3e-05,0.0,2
fish,"cod, Pacific, untreated, raw",Fish,72.0,17.54,0.2,0.0,0.0,0.0,0.0,0.0,0.0,0.0,0.0,0.0,23.0,0.17,28.0,0.015,180.0,0.35,0.0,0.0,0.0,2.2e-05,0.0,2
fish,"cod, Pacific, untreated, cooked",Fish,84.0,20.42,0.25,0.0,0.0,0.0,0.0,0.0,0.0,0.0,0.0,0.0,17.0,0.16,35.0,0.012,205.0,0.43,0.0,0.0,0.0,1.9e-05,0.0,2
crustaceans,"shrimp, untreated, raw",Fish,85.0,20.1,0.51,0.0,0.0,0.0,0.0,0.0,0.0,0.0,0.0,0.0,64.0,0.52,35.0,0.033,214.0,1.34,0.0,0.0,0.0,0.000391,0.0,2
crustaceans,"shrimp, untreated, cooked",Fish,99.0,23.98,0.28,0.2,0.0,0.0,0.0,0.0,0.0,0.0,0.0,0.0,70.0,0.51,39.0,0.033,237.0,1.64,0.0,0.0,0.0,0.000379,0.0,2
fish,"salmon, sockeye, untreated, raw",Fish,131.0,22.56,4.53,0.0,0.0,0.0,0.0,0.0,0.0,0.0,0.0,0.0,9.0,0.42,30.0,0.011,256.0,0.49,0.0,0.0,0.0,6e-05,0.0,2
fish,"salmon, sockeye, untreated, cooked",Fish,143.0,25.23,4.65,0.0,0.0,0.0,0.0,0.0,0.0,0.0,0.0,0.0,8.0,0.46,33.0,0.015,282.0,0.48,0.0,0.0,0.0,6.1e-05,0.0,2
fish,"trout, brook, raw, New York State",Fish,110.0,21.23,2.73,0.0,0.0,0.0,0.273,0.0,0.0,5.293,0.101,0.137,25.0,0.38,28.0,0.018,246.0,0.55,0.0,0.00277,0.0,4.5e-05,0.0,2
beans,"adzuki, mature seeds, raw",Legumes,329.0,19.87,0.53,62.9,0.0,12.7,0.351,0.0,0.0,2.63,0.22,0.455,66.0,4.98,127.0,1.73,381.0,5.04,0.001,0.0,0.622,0.001094,0.0031,3
beans,"adzuki, mature seeds, cooked, boiled, without salt",Legumes,128.0,7.52,0.1,24.77,0.0,7.3,0.096,0.0,0.0,0.717,0.064,0.115,28.0,2.0,52.0,0.573,168.0,1.77,0.0,0.0,0.121,0.000298,0.0012,0
beans,"adzuki, mature seeds, canned, sweetened",Legumes,237.0,3.8,0.03,55.01,0.0,0.0,0.084,0.0,0.0,0.631,0.056,0.101,22.0,1.13,31.0,0.504,74.0,1.56,0.0,0.0,0.107,0.000265,0.0032,0
beans,"adzuki, yokan, mature seeds",Legumes,260.0,3.29,0.12,60.72,0.0,0.0,0.008,0.0,0.0,0.057,0.004,0.005,27.0,1.16,18.0,0.14,40.0,0.07,0.0,0.0,0.008,2.9e-05,0.0023,0
beans,"baked, home prepared",Legumes,155.0,5.54,5.15,21.63,0.0,5.5,0.09,1.1,0.0,0.408,0.049,0.136,61.0,1.99,43.0,0.255,109.0,0.73,0.0,0.0,0.048,0.000159,0.0057,0
beans,"baked, canned, plain or vegetarian",Legumes,94.0,4.75,0.37,21.14,7.96,4.1,0.084,0.0,0.15,0.428,0.039,0.096,34.0,1.19,27.0,0.109,74.0,2.28,0.005,0.0,0.012,0.000145,0.005,0
beans,"baked, canned, with beef",Legumes,121.0,6.38,3.45,16.91,0.0,0.0,0.09,1.8,0.0,0.94,0.045,0.052,45.0,1.6,25.0,0.6,81.0,1.2,0.011,0.0,0.043,0.0003,0.0096,0
beans,"baked, canned, with franks",Legumes,142.0,6.75,6.57,15.39,6.53,6.9,0.046,2.3,0.16,0.901,0.056,0.058,48.0,1.73,28.0,0.42,104.0,1.87,0.004,0.00034,0.03,0.000213,0.0065,0
beans,"baked, canned, with pork",Legumes,106.0,5.19,1.55,19.99,0.0,5.5,0.064,2.0,0.0,0.447,0.038,0.053,53.0,1.7,34.0,0.361,108.0,1.46,0.0,0.0,0.036,0.000215,0.0047,0
beans,"baked, canned, with pork and sweet sauce",Legumes,105.0,4.52,0.89,21.57,8.23,4.4,0.05,0.0,0.04,0.304,0.015,0.033,39.0,1.4,30.0,0.362,88.0,0.51,0.001,0.0,0.008,0.000171,0.0048,0
beans,"baked, canned, with pork and tomato sauce",Legumes,94.0,5.15,0.93,18.69,5.67,4.0,0.063,3.0,0.1,0.494,0.046,0.052,56.0,3.24,34.0,0.302,116.0,5.48,0.004,0.0,0.015,0.000213,0.0047,0
beans,"black, mature seeds, raw",Legumes,341.0,21.6,1.42,62.36,2.12,15.5,0.286,0.0,0.21,1.955,0.193,0.9,123.0,5.02,171.0,1.06,352.0,3.65,0.0,0.0,0.444,0.000841,0.0032,3
beans,"black, mature seeds, cooked, boiled, without salt",Legumes,132.0,8.86,0.54,23.71,0.0,8.7,0.069,0.0,0.0,0.505,0.059,0.244,27.0,2.1,70.0,0.444,140.0,1.12,0.0,0.0,0.149,0.0002089999999999,0.0012,0
beans,"black turtle, mature seeds, raw",Legumes,339.0,21.25,0.9,63.25,2.12,15.5,0.286,0.0,0.21,1.955,0.193,0.9,160.0,8.7,160.0,1.0,440.0,2.2,0.0,0.0,0.444,0.001,0.0032,3
beans,"black turtle, mature seeds, cooked, boiled, without salt",Legumes,130.0,8.18,0.35,24.35,0.32,8.3,0.077,0.0,0.87,0.527,0.056,0.225,55.0,2.85,49.0,0.327,152.0,0.76,0.0,0.0,0.086,0.000269,0.0012,0
beans,"black turtle, mature seeds, canned",Legumes,91.0,6.03,0.29,16.55,0.23,6.9,0.055,2.7,0.62,0.62,0.12,0.14,35.0,1.9,35.0,0.233,108.0,0.54,0.0,0.0,0.061,0.000192,0.0013,0
beans,"cranberry (roman), mature seeds, raw",Legumes,335.0,23.03,1.23,60.05,0.0,24.7,0.309,0.0,0.0,1.455,0.213,0.747,127.0,5.0,156.0,0.92,372.0,3.63,0.0,0.0,0.604,0.000794,0.0127,3
beans,"cranberry (roman), mature seeds, cooked, boiled, without salt",Legumes,136.0,9.34,0.46,24.46,0.0,10.0,0.081,0.0,0.0,0.515,0.069,0.21,50.0,2.09,50.0,0.37,135.0,1.14,0.0,0.0,0.207,0.000231,0.0013,0
beans,"cranberry (roman), mature seeds, canned",Legumes,83.0,5.54,0.28,15.12,0.0,6.3,0.055,0.8,0.0,0.504,0.039,0.039,34.0,1.55,32.0,0.2,86.0,0.84,0.0,0.0,0.077,0.0001419999999999,0.0031,0
beans,"french, mature seeds, raw",Legumes,343.0,18.81,2.02,64.11,0.0,25.2,0.401,4.6,0.0,2.083,0.221,0.535,186.0,3.4,188.0,1.2,304.0,1.9,0.0,0.0,0.399,0.00044,0.0129,3
beans,"french, mature seeds, cooked, boiled, without salt",Legumes,129.0,7.05,0.76,24.02,0.0,9.4,0.105,1.2,0.0,0.546,0.062,0.13,63.0,1.08,56.0,0.382,102.0,0.64,0.0,0.0,0.075,0.000115,0.0012,0
beans,"great northern, mature seeds, raw",Legumes,339.0,21.86,1.14,62.37,2.26,20.2,0.447,5.3,0.22,1.955,0.237,0.653,175.0,5.47,189.0,1.423,447.0,2.31,0.0,0.0,0.482,0.000837,0.0129,3
beans,"great northern, mature seeds, cooked, boiled, without salt",Legumes,118.0,8.33,0.45,21.09,0.0,7.0,0.117,1.3,0.0,0.681,0.059,0.158,68.0,2.13,50.0,0.518,165.0,0.88,0.0,0.0,0.102,0.000247,0.0040999999999999,0
beans,"great northern, mature seeds, canned",Legumes,114.0,7.37,0.39,21.02,1.41,4.9,0.106,1.3,0.79,0.461,0.06,0.143,53.0,1.57,51.0,0.408,136.0,0.65,0.0,0.0,0.081,0.00016,0.0040999999999999,0
beans,"kidney, all types, mature seeds, raw",Legumes,333.0,23.58,0.83,60.01,2.23,24.9,0.397,4.5,0.22,2.06,0.219,0.529,143.0,8.2,140.0,1.021,407.0,2.79,0.0,0.0,0.394,0.000958,0.0032,3
beans,"kidney, all types, mature seeds, cooked, boiled, without salt",Legumes,127.0,8.67,0.5,22.8,0.32,6.4,0.12,1.2,0.03,0.578,0.058,0.16,35.0,2.22,42.0,0.43,138.0,1.0,0.0,0.0,0.13,0.000216,0.0011,0
beans,"kidney, all types, mature seeds, canned",Legumes,84.0,5.22,0.6,14.5,1.85,4.3,0.074,1.2,0.02,0.411,0.051,0.116,34.0,1.17,27.0,0.168,90.0,0.46,0.0,0.0,0.036,0.000135,0.0009,0
beans,"kidney, california red, mature seeds, raw",Legumes,330.0,24.37,0.25,59.8,0.0,24.9,0.397,4.5,0.0,2.06,0.219,0.529,195.0,9.35,160.0,1.0,405.0,2.55,0.0,0.0,0.394,0.0011,0.0032,3
beans,"kidney, california red, mature seeds, cooked, boiled, without salt",Legumes,124.0,9.13,0.09,22.41,0.0,9.3,0.104,1.2,0.0,0.54,0.062,0.129,66.0,2.98,48.0,0.318,137.0,0.86,0.0,0.0,0.074,0.000289,0.0012,0
beans,"kidney, red, mature seeds, raw",Legumes,337.0,22.53,1.06,61.29,2.1,15.2,0.397,4.5,0.21,2.11,0.215,0.608,83.0,6.69,138.0,1.111,406.0,2.79,0.0,0.0,0.394,0.000699,0.0032,3
beans,"kidney, red, mature seeds, cooked, boiled, without salt",Legumes,127.0,8.67,0.5,22.8,0.32,7.4,0.12,1.2,0.03,0.578,0.058,0.16,28.0,2.94,45.0,0.477,142.0,1.07,0.0,0.0,0.13,0.000242,0.0012,0
beans,"kidney, red, mature seeds, canned, solids and liquids",Legumes,81.0,5.22,0.36,14.83,1.85,4.3,0.08,0.8,0.02,0.494,0.067,0.106,29.0,1.25,30.0,0.291,106.0,0.62,0.0,0.0,0.023,0.000147,0.0011,0
beans,"kidney, royal red, mature seeds, raw",Legumes,329.0,25.33,0.45,58.33,0.0,24.9,0.396,4.5,0.0,2.106,0.24,0.39,131.0,8.7,138.0,1.109,406.0,2.66,0.0,0.0,0.393,0.001,0.0032,3
beans,"kidney, royal red, mature seeds, cooked, boiled, without salt",Legumes,123.0,9.49,0.17,21.85,0.0,9.3,0.104,1.2,0.0,0.552,0.067,0.095,44.0,2.77,42.0,0.255,142.0,0.9,0.0,0.0,0.074,0.000262,0.0012,0
beans,"navy, mature seeds, raw",Legumes,337.0,22.33,1.5,60.75,3.88,15.3,0.428,0.0,0.02,2.188,0.164,0.775,147.0,5.49,175.0,1.418,407.0,3.65,0.0,0.0,0.364,0.000834,0.011,3
beans,"navy, mature seeds, cooked, boiled, without salt",Legumes,140.0,8.23,0.62,26.05,0.37,10.5,0.138,0.9,0.01,0.649,0.066,0.237,69.0,2.36,53.0,0.527,144.0,1.03,0.0,0.0,0.14,0.0002099999999999,0.0029,3
beans,"navy, mature seeds, canned",Legumes,113.0,7.53,0.43,20.45,0.28,5.1,0.103,0.7,0.78,0.487,0.055,0.141,47.0,1.85,47.0,0.375,134.0,0.77,0.0,0.0,0.062,0.000208,0.0058,0
beans,"pink, mature seeds, raw",Legumes,343.0,20.96,1.13,64.19,2.14,12.7,0.527,0.0,0.21,1.892,0.192,0.772,130.0,6.77,182.0,1.376,415.0,2.55,0.0,0.0,0.463,0.00081,0.013,3
beans,"pink, mature seeds, cooked, boiled, without salt",Legumes,149.0,9.06,0.49,27.91,0.36,5.3,0.175,0.0,0.98,0.57,0.063,0.257,52.0,2.3,65.0,0.548,165.0,0.96,0.0,0.0,0.168,0.000271,0.0014,0
beans,"pinto, mature seeds, raw",Legumes,347.0,21.42,1.23,62.55,2.11,15.5,0.474,6.3,0.21,1.174,0.212,0.713,113.0,5.07,176.0,1.148,411.0,2.28,0.0,0.0,0.525,0.000893,0.0278999999999999,3
beans,"pinto, mature seeds, cooked, boiled, without salt",Legumes,143.0,9.01,0.65,26.22,0.34,9.0,0.229,0.8,0.94,0.318,0.062,0.193,46.0,2.09,50.0,0.453,147.0,0.98,0.0,0.0,0.172,0.000219,0.0062,0
beans,"pinto, mature seeds, canned, solids and liquids",Legumes,82.0,4.6,0.56,15.18,1.02,4.6,0.074,0.7,0.55,0.268,0.016,0.052,47.0,1.47,33.0,0.318,92.0,0.56,0.0,0.0,0.024,0.000162,0.0,0
beans,"small white, mature seeds, raw",Legumes,336.0,21.11,1.18,62.25,0.0,24.9,0.439,0.0,0.0,1.342,0.207,0.743,173.0,7.73,183.0,1.278,445.0,2.81,0.0,0.0,0.386,0.000635,0.0128,3
beans,"small white, mature seeds, cooked, boiled, without salt",Legumes,142.0,8.97,0.64,25.81,0.0,10.4,0.127,0.0,0.0,0.272,0.059,0.236,73.0,2.84,68.0,0.51,169.0,1.09,0.0,0.0,0.137,0.000149,0.0013,3
beans,"yellow, mature seeds, raw",Legumes,345.0,22.0,2.6,60.7,0.0,25.1,0.442,0.0,0.0,2.43,0.33,0.69,166.0,7.01,222.0,1.286,488.0,2.83,0.0,0.0,0.389,0.000639,0.0128,3
beans,"yellow, mature seeds, cooked, boiled, without salt",Legumes,144.0,9.16,1.08,25.27,0.0,10.4,0.129,1.8,0.0,0.708,0.103,0.187,62.0,2.48,74.0,0.455,183.0,1.06,0.0,0.0,0.081,0.000186,0.0013,3
beans,"white, mature seeds, raw",Legumes,333.0,23.36,0.85,60.27,2.11,15.2,0.318,0.0,0.21,0.479,0.146,0.437,240.0,10.44,190.0,1.796,301.0,3.67,0.0,0.0,0.388,0.000984,0.0128,3
beans,"white, mature seeds, cooked, boiled, without salt",Legumes,139.0,9.73,0.35,25.09,0.34,6.3,0.093,0.0,0.94,0.14,0.046,0.118,90.0,3.7,63.0,0.636,113.0,1.38,0.0,0.0,0.081,0.000287,0.0013,0
beans,"white, mature seeds, canned",Legumes,114.0,7.26,0.29,21.2,0.29,4.8,0.075,0.0,0.79,0.113,0.037,0.096,73.0,2.99,51.0,0.515,91.0,1.12,0.0,0.0,0.065,0.000232,0.0016,0
broadbeans (fava beans),"mature seeds, raw",Legumes,341.0,26.12,1.53,58.29,5.7,25.0,0.366,1.4,0.05,2.832,0.333,0.555,103.0,6.7,192.0,1.626,421.0,3.14,0.003,0.0,0.423,0.000824,0.0081999999999999,3
broadbeans (fava beans),"mature seeds, cooked, boiled, without salt",Legumes,110.0,7.6,0.4,19.65,1.82,5.4,0.072,0.3,0.02,0.711,0.089,0.097,36.0,1.5,43.0,0.421,125.0,1.01,0.001,0.0,0.104,0.000259,0.0026,0
broadbeans (fava beans),"mature seeds, canned",Legumes,71.0,5.47,0.22,12.41,0.0,3.7,0.045,1.8,0.0,0.96,0.05,0.02,26.0,1.0,32.0,0.288,79.0,0.62,0.001,0.0,0.033,0.0001089999999999,0.0018,0
carob flour,No_descr,Legumes,222.0,4.62,0.65,88.88,49.08,39.8,0.366,0.2,0.63,1.897,0.461,0.053,348.0,2.94,54.0,0.508,79.0,0.92,0.001,0.0,0.029,0.000571,0.0053,3
chickpeas (garbanzo beans,"bengal gram), mature seeds, raw",Legumes,378.0,20.47,6.04,62.95,10.7,12.2,0.535,4.0,0.82,1.541,0.212,0.477,57.0,4.31,79.0,21.306,252.0,2.76,0.003,0.0,0.557,0.000656,0.0,3
chickpeas (garbanzo beans,"bengal gram), mature seeds, cooked, boiled, without salt",Legumes,164.0,8.86,2.59,27.42,4.8,7.6,0.139,1.3,0.35,0.526,0.063,0.116,49.0,2.89,48.0,1.03,168.0,1.53,0.001,0.0,0.172,0.000352,0.0037,0
chickpeas (garbanzo beans,"bengal gram), mature seeds, canned, solids and liquids",Legumes,88.0,4.92,1.95,13.49,0.0,4.4,0.473,0.1,0.0,0.13,0.015,0.032,35.0,1.23,27.0,0.818,80.0,0.69,0.001,0.0,0.025,0.000153,0.002,0
chili with beans,canned,Legumes,112.0,5.71,5.49,11.91,1.19,4.4,0.132,1.7,0.52,0.358,0.105,0.048,47.0,3.43,45.0,0.134,154.0,2.0,0.017,0.0,0.023,0.000117,0.0013,0
cowpeas,"catjang, mature seeds, raw",Legumes,343.0,23.85,2.07,59.64,0.0,10.7,0.361,1.5,0.0,2.795,0.17,0.68,85.0,9.95,333.0,1.544,438.0,6.11,0.002,0.0,0.639,0.001059,0.0091,3
cowpeas,"catjang, mature seeds, cooked, boiled, without salt",Legumes,117.0,8.13,0.71,20.32,0.0,3.6,0.092,0.4,0.0,0.714,0.046,0.162,26.0,3.05,96.0,0.473,142.0,1.87,0.001,0.0,0.142,0.000271,0.0025,0
cowpeas,"common (blackeyes, crowder, southern), mature seeds, raw",Legumes,336.0,23.52,1.26,60.03,6.9,10.6,0.357,1.5,0.39,2.075,0.226,0.853,110.0,8.27,184.0,1.528,424.0,3.37,0.003,0.0,0.633,0.0008449999999999,0.009,3
cowpeas,"common (blackeyes, crowder, southern), mature seeds, cooked, boiled, without salt",Legumes,116.0,7.73,0.53,20.76,3.3,6.5,0.1,0.4,0.28,0.495,0.055,0.202,24.0,2.51,53.0,0.475,156.0,1.29,0.001,0.0,0.208,0.000268,0.0025,0
cowpeas,"common (blackeyes, crowder, southern), mature seeds, canned, plain",Legumes,77.0,4.74,0.55,13.63,0.0,3.3,0.045,2.7,0.0,0.354,0.074,0.076,20.0,0.97,28.0,0.283,70.0,0.7,0.0,0.0,0.051,0.000117,0.0023,0
cowpeas,"common (blackeyes, crowder, southern), mature seeds, canned with pork",Legumes,83.0,2.74,1.6,16.53,0.0,3.3,0.045,0.2,0.0,0.431,0.05,0.063,17.0,1.42,43.0,0.392,96.0,1.04,0.0,0.0,0.051,0.00017,0.0023,0
hyacinth beans,"mature seeds, raw",Legumes,344.0,23.9,1.69,60.74,0.0,25.6,0.155,0.0,0.0,1.61,0.136,1.13,130.0,5.1,283.0,1.573,372.0,9.3,0.0,0.0,0.023,0.001335,0.0081999999999999,3
hyacinth beans,"mature seeds, cooked, boiled, without salt",Legumes,117.0,8.14,0.58,20.69,0.0,0.0,0.037,0.0,0.0,0.411,0.037,0.27,40.0,4.58,82.0,0.482,120.0,2.85,0.0,0.0,0.004,0.000341,0.0028,0
lentils,raw,Legumes,352.0,24.63,1.06,63.35,2.03,10.7,0.54,4.5,0.49,2.605,0.211,0.873,35.0,6.51,47.0,1.393,281.0,3.27,0.002,0.0,0.479,0.000754,0.0001,3
lentils,"mature seeds, cooked, boiled, without salt",Legumes,116.0,9.02,0.38,20.13,1.8,7.9,0.178,1.5,0.11,1.06,0.073,0.169,19.0,3.33,36.0,0.494,180.0,1.27,0.0,0.0,0.181,0.000251,0.0028,0
lima beans,"large, mature seeds, raw",Legumes,338.0,21.46,0.69,63.38,8.5,19.0,0.512,0.0,0.72,1.537,0.202,0.507,81.0,7.51,224.0,1.672,385.0,2.83,0.0,0.0,0.395,0.00074,0.0072,3
lima beans,"large, mature seeds, cooked, boiled, without salt",Legumes,115.0,7.8,0.38,20.88,2.9,7.0,0.161,0.0,0.18,0.421,0.055,0.161,17.0,2.39,43.0,0.516,111.0,0.95,0.0,0.0,0.083,0.000235,0.0045,0
lima beans,"large, mature seeds, canned",Legumes,79.0,4.93,0.17,14.91,0.0,4.8,0.091,0.0,0.0,0.261,0.034,0.055,21.0,1.81,39.0,0.363,74.0,0.65,0.0,0.0,0.05,0.0001799999999999,0.0045,0
lima beans,"thin seeded (baby), mature seeds, raw",Legumes,335.0,20.62,0.93,62.83,8.32,20.6,0.327,0.0,0.7,1.712,0.218,0.574,81.0,6.19,188.0,1.686,370.0,2.6,0.0,0.0,0.4,0.000665,0.007,3
lima beans,"thin seeded (baby), mature seeds, cooked, boiled, without salt",Legumes,126.0,8.04,0.38,23.31,0.0,7.7,0.078,0.0,0.0,0.66,0.055,0.161,29.0,2.4,53.0,0.585,127.0,1.03,0.0,0.0,0.15,0.000215,0.0049,0
lupins,"mature seeds, raw",Legumes,371.0,36.17,9.74,40.37,0.0,18.9,0.357,4.8,0.0,2.19,0.22,0.64,176.0,4.36,198.0,2.382,440.0,4.75,0.0,0.0,0.355,0.001022,0.0081999999999999,3
lupins,"mature seeds, cooked, boiled, without salt",Legumes,119.0,15.57,2.92,9.88,0.0,2.8,0.009,1.1,0.0,0.495,0.053,0.134,51.0,1.2,54.0,0.676,128.0,1.38,0.0,0.0,0.059,0.000231,0.0026,2
mothbeans,"mature seeds, raw",Legumes,343.0,22.94,1.61,61.52,0.0,0.0,0.366,4.0,0.0,2.8,0.091,0.562,150.0,10.85,381.0,1.82,489.0,1.92,0.002,0.0,0.649,0.0006879999999999,0.0081999999999999,3
mothbeans,"mature seeds, cooked, boiled, without salt",Legumes,117.0,7.81,0.55,20.96,0.0,0.0,0.093,1.0,0.0,0.668,0.023,0.124,3.0,3.14,104.0,0.527,150.0,0.59,0.001,0.0,0.143,0.000164,0.0028,0
mung beans,"mature seeds, raw",Legumes,347.0,23.86,1.15,62.62,6.6,16.3,0.382,4.8,0.51,2.251,0.233,0.621,132.0,6.74,189.0,1.035,367.0,2.68,0.006,0.0,0.625,0.000941,0.0081999999999999,3
mung beans,"mature seeds, cooked, boiled, without salt",Legumes,105.0,7.02,0.38,19.15,2.0,7.6,0.067,1.0,0.15,0.577,0.061,0.164,27.0,1.4,48.0,0.298,99.0,0.84,0.001,0.0,0.159,0.000156,0.0025,0
noodles,"chinese, cellophane or long rice (mung beans), dehydrated",Legumes,351.0,0.16,0.06,86.09,0.0,0.5,0.05,0.0,0.13,0.2,0.0,0.15,25.0,2.17,3.0,0.1,32.0,0.41,0.0,0.0,0.002,8.1e-05,0.0079,3
mungo beans,"mature seeds, raw",Legumes,341.0,25.21,1.64,58.99,0.0,18.3,0.281,0.0,0.0,1.447,0.254,0.273,138.0,7.57,267.0,1.527,379.0,3.35,0.001,0.0,0.216,0.0009809999999999,0.0081999999999999,3
mungo beans,"mature seeds, cooked, boiled, without salt",Legumes,105.0,7.54,0.55,18.34,2.01,6.4,0.058,1.0,0.15,1.5,0.075,0.15,53.0,1.75,63.0,0.412,156.0,0.83,0.002,0.0,0.094,0.000139,0.0025,0
peas,"green, split, mature seeds, raw",Legumes,352.0,23.82,1.16,63.74,8.0,25.5,0.174,1.8,0.09,2.889,0.215,0.726,37.0,4.82,49.0,1.22,321.0,3.55,0.007,0.0,0.274,0.000815,0.0040999999999999,3
peas,"split, mature seeds, cooked, boiled, without salt",Legumes,118.0,8.34,0.39,21.1,2.9,8.3,0.048,0.4,0.03,0.89,0.056,0.19,14.0,1.29,36.0,0.396,99.0,1.0,0.0,0.0,0.065,0.0001809999999999,0.0006,0
peanuts,"all types, raw",Legumes,567.0,25.8,49.24,16.13,4.72,8.5,0.348,0.0,8.33,12.066,0.135,0.64,92.0,4.58,168.0,1.934,376.0,3.27,0.0,0.0,0.24,0.0011439999999999,0.0072,4
peanuts,"all types, cooked, boiled, with salt",Legumes,318.0,13.5,22.01,21.26,2.47,8.8,0.152,0.0,4.1,5.259,0.063,0.259,55.0,1.01,102.0,1.023,198.0,1.83,0.0,0.0,0.075,0.000499,0.0044,3
peanuts,"all types, oil-roasted, with salt",Legumes,599.0,28.03,52.5,15.26,4.18,9.4,0.461,0.8,6.94,13.825,0.089,0.085,61.0,1.52,176.0,1.845,397.0,3.28,0.0,0.0,0.12,0.000533,0.0033,4
peanuts,"all types, dry-roasted, with salt",Legumes,587.0,24.35,49.66,21.26,4.9,8.4,0.466,0.0,4.93,14.355,0.197,0.152,58.0,1.58,178.0,1.786,363.0,2.77,0.0,0.0,0.097,0.000428,0.0093,4
peanuts,"spanish, raw",Legumes,570.0,26.15,49.6,15.83,0.0,9.5,0.348,0.0,0.0,15.925,0.135,0.675,106.0,3.91,188.0,2.64,388.0,2.12,0.0,0.0,0.24,0.0009,0.0072,4
peanuts,"spanish, oil-roasted, with salt",Legumes,579.0,28.01,49.04,17.45,0.0,8.9,0.256,0.0,0.0,14.933,0.085,0.317,100.0,2.28,168.0,2.355,387.0,2.0,0.0,0.0,0.126,0.000661,0.0075,4
peanuts,"valencia, raw",Legumes,570.0,25.09,47.58,20.91,0.0,8.7,0.34,0.0,0.0,12.875,0.3,0.639,62.0,2.09,184.0,1.98,336.0,3.34,0.0,0.0,0.246,0.001171,0.0073,4
peanuts,"valencia, oil-roasted, with salt",Legumes,589.0,27.04,51.24,16.3,0.0,8.9,0.243,0.0,0.0,14.338,0.153,0.09,54.0,1.65,160.0,1.721,319.0,3.08,0.0,0.0,0.126,0.000838,0.0075,4
peanuts,"virginia, raw",Legumes,563.0,25.19,48.75,16.54,3.95,8.5,0.346,0.0,6.56,12.375,0.131,0.653,89.0,2.55,171.0,1.696,380.0,4.43,0.0,0.0,0.239,0.001112,0.0070999999999999,4
peanuts,"virginia, oil-roasted, with salt",Legumes,578.0,25.87,48.62,19.86,0.0,8.9,0.254,0.0,0.0,14.7,0.112,0.276,86.0,1.67,188.0,2.008,506.0,6.62,0.0,0.0,0.125,0.0012729999999999,0.0075,4
peanut butter,"chunk style, with salt",Legumes,589.0,24.06,49.94,21.57,8.41,8.0,0.418,0.0,6.3,13.696,0.111,0.106,45.0,1.9,160.0,1.8,319.0,2.79,0.0,0.0,0.092,0.000578,0.0081999999999999,4
peanut butter,"smooth style, with salt",Legumes,598.0,22.21,51.36,22.31,10.49,5.0,0.441,0.0,9.1,13.112,0.192,0.15,49.0,1.74,168.0,1.665,335.0,2.51,0.0,0.0,0.087,0.000422,0.0040999999999999,4
peanut flour,defatted,Legumes,327.0,52.2,0.55,34.7,8.22,15.8,0.504,0.0,0.05,27.0,0.48,0.7,140.0,2.1,370.0,4.9,760.0,5.1,0.0,0.0,0.248,0.0018,0.0070999999999999,3
peanut flour,low fat,Legumes,428.0,33.8,21.9,31.27,0.0,15.8,0.304,0.0,0.0,11.499,0.172,0.457,130.0,4.74,48.0,4.231,508.0,5.99,0.0,0.0,0.133,0.002039,0.0070999999999999,3
pigeon peas (red gram),"mature seeds, raw",Legumes,343.0,21.7,1.49,62.78,0.0,15.0,0.283,0.0,0.0,2.965,0.187,0.643,130.0,5.23,183.0,1.791,367.0,2.76,0.001,0.0,0.456,0.001057,0.0081999999999999,3
pigeon peas (red gram),"mature seeds, cooked, boiled, without salt",Legumes,121.0,6.76,0.38,23.25,0.0,6.7,0.05,0.0,0.0,0.781,0.059,0.146,43.0,1.11,46.0,0.501,119.0,0.9,0.0,0.0,0.111,0.000269,0.0029,0
refried beans,"canned, traditional style (includes USDA commodity)",Legumes,90.0,4.98,2.01,13.55,0.54,3.7,0.103,6.0,0.09,0.367,0.079,0.076,29.0,1.44,35.0,0.289,92.0,0.58,0.0,0.0,0.011,0.000129,0.0058,0
bacon,meatless,Legumes,310.0,10.68,29.52,6.32,0.0,2.6,0.479,0.0,6.9,7.56,0.481,4.4,23.0,2.41,19.0,0.205,70.0,0.42,0.004,0.0,0.042,0.0001049999999999,0.0074,2
meat extender,No_descr,Legumes,313.0,38.11,2.97,38.32,0.0,17.5,1.336,0.0,0.0,22.021,0.891,0.702,204.0,11.99,216.0,0.271,639.0,2.21,0.002,0.006,0.198,0.000304,0.0074,3
sausage,meatless,Legumes,257.0,18.53,18.16,9.84,0.0,2.8,0.828,0.0,2.1,11.195,0.402,2.343,63.0,3.72,36.0,0.725,225.0,1.46,0.0,0.0,0.026,0.00025,0.0074,2
soybeans,"mature seeds, raw",Legumes,446.0,36.49,19.94,30.16,7.33,9.3,0.377,6.0,0.85,1.623,0.87,0.874,277.0,15.7,280.0,2.517,704.0,4.89,0.001,0.0,0.375,0.001658,0.0178,3
soybeans,"mature cooked, boiled, without salt",Legumes,173.0,16.64,8.97,9.93,3.0,6.0,0.234,1.7,0.35,0.399,0.285,0.155,102.0,5.14,86.0,0.824,245.0,1.15,0.0,0.0,0.054,0.0004069999999999,0.0073,2
soybeans,"mature seeds, roasted, salted",Legumes,471.0,35.22,25.4,33.55,4.2,17.7,0.208,2.2,0.91,1.41,0.145,0.1,138.0,3.9,145.0,2.158,363.0,3.14,0.01,0.0,0.211,0.000828,0.0191,3
soybeans,"mature seeds, dry roasted",Legumes,451.0,39.58,21.62,32.72,0.0,8.1,0.225,4.6,0.0,1.056,0.755,0.427,140.0,3.95,228.0,2.184,649.0,4.77,0.0,0.0,0.205,0.0010789999999999,0.0193,2
miso,No_descr,Legumes,199.0,11.69,6.01,26.47,6.2,5.4,0.199,0.0,0.01,0.906,0.233,0.098,57.0,2.49,48.0,0.859,159.0,2.56,0.004,8e-05,0.019,0.0004199999999999,0.007,0
natto,No_descr,Legumes,212.0,17.72,11.0,14.36,4.89,5.4,0.13,13.0,0.01,0.0,0.19,0.16,217.0,8.6,115.0,1.528,174.0,3.03,0.0,0.0,0.008,0.000667,0.0088,2
tempeh,No_descr,Legumes,193.0,18.54,10.8,9.39,0.0,0.0,0.215,0.0,0.0,2.64,0.358,0.078,111.0,2.7,81.0,1.3,266.0,1.14,0.0,8e-05,0.024,0.00056,0.0,2
soy flour,"full-fat, raw",Legumes,436.0,34.54,20.65,35.19,7.5,9.6,0.461,0.0,1.95,4.32,1.16,0.581,206.0,6.37,429.0,2.275,494.0,3.92,0.006,0.0,0.345,0.00292,0.0075,3
soy flour,"full-fat, roasted",Legumes,441.0,34.8,21.86,33.67,7.61,9.7,0.351,0.0,1.98,3.286,0.941,0.412,188.0,5.82,369.0,2.077,476.0,3.58,0.006,0.0,0.227,0.002221,0.0075,3
soy flour,defatted,Legumes,330.0,47.01,1.22,38.37,18.88,17.5,0.574,0.0,0.12,2.612,0.253,0.698,241.0,9.24,290.0,3.018,674.0,2.46,0.002,0.0,0.305,0.004065,0.0017,3
soy flour,low-fat,Legumes,375.0,45.51,8.9,34.93,10.53,16.0,1.05,0.0,0.55,2.95,0.28,1.088,285.0,8.2,285.0,3.15,675.0,4.1,0.002,0.0,0.289,0.0016,0.0589,3
soy meal,"defatted, raw",Legumes,339.0,44.95,2.39,40.14,0.0,0.0,0.569,0.0,0.0,2.587,0.251,0.691,244.0,13.7,306.0,3.8,701.0,5.06,0.002,0.0,0.303,0.002,0.0033,2
soymilk,"original and vanilla, unfortified",Legumes,54.0,3.27,1.75,6.28,3.99,0.6,0.077,0.0,0.11,0.513,0.069,0.06,25.0,0.64,25.0,0.223,52.0,0.12,0.0,0.0,0.018,0.000128,0.0048,0
soy protein concentrate,produced by alcohol extraction,Legumes,331.0,58.13,0.46,30.91,20.0,5.5,0.134,0.0,0.0,0.716,0.142,0.316,363.0,10.78,315.0,4.19,839.0,4.4,0.0,0.0,0.34,0.000976,0.0008,2
soy protein isolate,No_descr,Legumes,338.0,80.69,3.39,7.36,0.0,5.6,0.1,0.0,0.0,1.438,0.1,0.176,178.0,14.5,39.0,1.493,776.0,4.03,0.0,0.0,0.176,0.001599,0.0008,2
soy sauce made from soy and wheat (shoyu),No_descr,Legumes,53.0,8.14,0.57,4.93,0.4,0.8,0.148,0.0,0.0,2.196,0.165,0.033,33.0,1.45,74.0,1.018,166.0,0.87,0.0,0.0,0.014,4.3e-05,0.0005,0
soy sauce made from soy (tamari),No_descr,Legumes,60.0,10.51,0.1,5.57,1.7,0.8,0.2,0.0,0.0,3.951,0.152,0.059,20.0,2.38,40.0,0.499,130.0,0.43,0.0,0.0,0.018,0.000135,0.0008,0
soy sauce made from hydrolyzed vegetable protein,No_descr,Legumes,60.0,7.0,0.51,7.84,1.3,0.5,0.143,0.0,0.0,2.828,0.109,0.042,17.0,0.33,29.0,0.1,94.0,0.23,0.0,0.0,0.013,4.1e-05,0.0008,0
tofu,"firm, prepared with calcium sulfate and magnesium chloride (nigari)",Legumes,70.0,8.19,4.17,1.69,0.6,0.9,0.071,0.2,0.01,0.101,0.063,0.06,201.0,1.61,37.0,0.625,121.0,0.83,0.0,0.0,0.019,0.000213,0.0099,0
tofu,"soft, prepared with calcium sulfate and magnesium chloride (nigari)",Legumes,61.0,6.55,3.69,1.8,0.7,0.2,0.052,0.2,0.01,0.535,0.037,0.047,111.0,1.11,27.0,0.389,92.0,0.64,0.0,0.0,0.044,0.000157,0.0089,0
tofu,dried-frozen (koyadofu),Legumes,480.0,47.94,30.34,14.56,0.0,7.2,0.286,0.7,0.0,1.189,0.317,0.494,364.0,9.73,59.0,3.689,483.0,4.9,0.026,0.0,0.092,0.001179,0.0542999999999999,2
tofu,fried,Legumes,271.0,17.19,20.18,10.49,2.72,3.9,0.099,0.0,0.04,0.1,0.05,0.17,372.0,4.87,60.0,1.495,287.0,1.99,0.001,0.0,0.027,0.000398,0.0285,2
okara,No_descr,Legumes,77.0,3.22,1.73,12.54,0.0,0.0,0.115,0.0,0.0,0.1,0.02,0.02,80.0,1.3,26.0,0.404,60.0,0.56,0.0,0.0,0.026,0.0002,0.0106,0
tofu,salted and fermented (fuyu),Legumes,116.0,8.15,8.0,5.15,0.0,0.0,0.091,0.2,0.0,0.379,0.101,0.157,46.0,1.98,52.0,1.174,73.0,1.56,0.0,0.0,0.029,0.000376,0.0173,0
yardlong beans,"mature seeds, raw",Legumes,347.0,24.33,1.31,61.91,0.0,11.0,0.371,1.6,0.0,2.158,0.235,0.887,138.0,8.61,338.0,1.59,559.0,3.5,0.003,0.0,0.658,0.000879,0.0081999999999999,3
yardlong beans,"mature seeds, cooked, boiled, without salt",Legumes,118.0,8.29,0.45,21.09,0.0,3.8,0.095,0.4,0.0,0.551,0.064,0.212,42.0,2.64,98.0,0.487,181.0,1.08,0.0,0.0,0.146,0.000225,0.0028,0
winged beans,"mature seeds, raw",Legumes,409.0,29.65,16.32,41.71,0.0,25.9,0.175,0.0,0.0,3.09,0.45,1.03,440.0,13.44,179.0,3.721,451.0,4.48,0.0,0.0,0.045,0.0028799999999999,0.0081999999999999,3
winged beans,"mature seeds, cooked, boiled, without salt",Legumes,147.0,10.62,5.84,14.94,0.0,0.0,0.047,0.0,0.0,0.83,0.129,0.295,142.0,4.33,54.0,1.199,153.0,1.44,0.0,0.0,0.01,0.000773,0.0029,0
hummus,home prepared,Legumes,177.0,4.86,8.59,20.12,0.27,4.0,0.399,7.9,0.75,0.399,0.052,0.089,49.0,1.56,29.0,0.567,110.0,1.09,0.0,0.0,0.059,0.000224,0.0024,0
falafel,home-prepared,Legumes,333.0,13.31,17.8,31.84,0.0,0.0,0.125,1.6,0.0,1.044,0.166,0.146,54.0,3.42,82.0,0.691,192.0,1.5,0.001,0.0,0.104,0.000258,0.001,2
soymilk,"original and vanilla, with added calcium, vitamins A and D",Legumes,43.0,2.6,1.47,4.92,3.65,0.2,0.031,0.0,0.11,0.425,0.184,0.029,123.0,0.42,15.0,0.062,43.0,0.26,0.055,0.00085,0.009,0.000165,0.0023,0
lentils,"pink or red, raw",Legumes,358.0,23.91,2.17,63.1,0.0,10.8,0.403,1.7,0.0,1.495,0.106,0.51,48.0,7.39,59.0,1.716,294.0,3.6,0.003,0.0,0.204,0.001303,0.0,3
beans,"red, kidney, mature seeds, canned, drained solids",Legumes,124.0,7.98,1.05,21.49,3.8,5.5,0.0,0.2,0.0,0.46,0.016,0.067,57.0,1.5,30.0,0.384,121.0,0.75,0.0,0.0,0.028,0.000272,0.0016,0
beans,"pinto, canned, drained solids",Legumes,114.0,6.99,0.9,20.22,0.54,5.5,0.0,0.1,0.0,0.272,0.019,0.052,63.0,1.33,32.0,0.383,101.0,0.61,0.0,0.0,0.024,0.000259,0.0,0
veggie burgers or soyburgers,unprepared,Legumes,177.0,15.7,6.3,14.27,1.07,4.9,0.303,4.5,0.23,3.753,0.244,2.651,136.0,2.41,56.0,0.951,206.0,1.26,0.001,0.0020099999999999,0.124,0.0002,0.0226,2
peanut spread,reduced sugar,Legumes,650.0,24.8,54.89,14.23,3.34,7.8,0.471,0.0,8.06,16.385,0.122,0.116,72.0,2.84,164.0,1.979,350.0,3.51,0.0,0.0,0.144,0.00076,0.0091,4
peanut butter,"smooth, reduced fat",Legumes,520.0,25.9,34.0,35.65,9.28,5.2,0.31,0.0,9.04,14.6,0.06,0.27,35.0,1.9,170.0,1.475,369.0,2.8,0.0,0.0,0.06,0.00058,0.0075,3
peanut butter,"smooth, vitamin and mineral fortified",Legumes,591.0,25.72,50.81,18.75,10.47,5.6,2.23,0.0,43.2,13.369,0.105,0.083,43.0,16.6,355.0,0.0,368.0,14.4,1.172,0.0,0.54,0.00164,0.0075,4
peanut butter,"chunky, vitamin and mineral fortified",Legumes,593.0,26.06,51.47,17.69,10.94,5.7,2.52,0.0,43.2,13.64,0.112,0.125,45.0,17.5,370.0,0.0,316.0,15.1,1.172,0.0,0.467,0.00177,0.0075,4
chickpea flour (besan),No_descr,Legumes,387.0,22.39,6.69,57.82,10.85,10.8,0.492,0.0,0.83,1.762,0.106,0.486,45.0,4.86,166.0,1.6,318.0,2.81,0.002,0.0,0.437,0.000912,0.0083,3
hummus,commercial,Legumes,166.0,7.9,9.6,14.29,0.0,6.0,0.2,0.0,0.0,0.582,0.064,0.18,38.0,2.44,71.0,0.773,176.0,1.83,0.0,0.0,0.083,0.000527,0.0026,0
tofu,"extra firm, prepared with nigari",Legumes,91.0,9.89,5.83,2.0,0.5,0.4,0.063,0.5,0.0,0.288,0.045,0.048,175.0,1.84,53.0,0.759,136.0,1.1,0.0,0.0,0.017,0.000191,0.013,0
tofu,"hard, prepared with nigari",Legumes,146.0,12.68,9.99,4.39,0.0,0.6,0.039,0.3,0.0,0.639,0.077,0.042,345.0,2.75,53.0,1.052,231.0,1.66,0.0,0.0,0.022,0.000328,0.0168,2
mori-nu,"Tofu, silken, soft",Legumes,55.0,4.8,2.7,2.9,1.31,0.1,0.011,0.0,0.0,0.3,0.04,0.1,31.0,0.82,29.0,0.0,62.0,0.52,0.0,0.0,0.0,0.000207,0.0,0
mori-nu,"Tofu, silken, firm",Legumes,62.0,6.9,2.7,2.4,1.27,0.1,0.011,0.0,0.0,0.247,0.041,0.101,32.0,1.03,27.0,0.0,90.0,0.61,0.0,0.0,0.0,0.000203,0.0,0
mori-nu,"Tofu, silken, extra firm",Legumes,55.0,7.4,1.9,2.0,0.99,0.1,0.011,0.0,0.0,0.235,0.034,0.079,31.0,1.19,27.0,0.0,100.0,0.6,0.0,0.0,0.0,0.0002,0.0,0
mori-nu,"Tofu, silken, lite firm",Legumes,37.0,6.3,0.8,1.1,0.45,0.0,0.0,0.0,0.0,0.11,0.02,0.04,36.0,0.75,10.0,0.0,81.0,0.33,0.0,0.0,0.0,0.000121,0.0,0
mori-nu,"Tofu, silken, lite extra firm",Legumes,38.0,7.0,0.7,1.0,0.42,0.0,0.0,0.0,0.0,0.11,0.02,0.03,43.0,0.79,10.0,0.0,83.0,0.26,0.0,0.0,0.0,0.000129,0.0,0
soymilk,"chocolate, unfortified",Legumes,63.0,2.26,1.53,9.95,7.86,0.4,0.077,1.7,0.01,0.513,0.262,0.022,25.0,0.48,15.0,0.0,51.0,0.34,0.0,0.0007,0.011,0.000206,0.0048,0
usda commodity,"Peanut Butter, smooth",Legumes,588.0,21.93,49.54,23.98,6.5,5.7,0.551,0.0,5.94,13.16,0.105,0.107,54.0,2.16,179.0,1.361,335.0,2.67,0.0,0.0,0.035,0.000571,0.0404,4
soymilk,"chocolate, with added calcium, vitamins A and D",Legumes,63.0,2.26,1.53,9.95,7.86,0.4,0.077,1.7,0.11,0.513,0.262,0.022,126.0,0.48,15.0,0.0,51.0,0.34,0.07,0.0007,0.011,0.000206,0.0048,0
refried beans,"canned, vegetarian",Legumes,83.0,5.28,0.87,13.5,0.59,4.7,0.107,0.0,0.09,0.37,0.015,0.04,35.0,1.7,38.0,0.332,114.0,0.74,0.0,0.0,0.0,0.000171,0.0056,0
refried beans,"canned, fat-free",Legumes,79.0,5.34,0.45,13.5,0.61,4.7,0.113,0.9,0.04,0.362,0.015,0.03,34.0,1.62,38.0,0.326,111.0,0.65,0.0,0.0,0.057,0.000163,0.0057,0
frijoles rojos volteados (refried beans,"red, canned)",Legumes,144.0,5.0,6.93,15.47,0.0,4.7,0.085,0.0,1.04,0.64,0.017,0.027,33.0,1.95,36.0,0.295,91.0,0.7,0.0,0.0,0.0,0.00022,0.0035,0
tempeh,cooked,Legumes,196.0,18.19,11.38,9.35,0.0,0.0,0.199,0.0,0.0,2.135,0.357,0.054,96.0,2.13,77.0,1.285,253.0,1.57,0.0,0.00014,0.021,0.00054,0.0,2
campbell's brown sugar and bacon flavored baked beans,No_descr,Legumes,123.0,3.85,1.92,23.08,10.0,6.2,0.0,0.0,0.0,0.0,0.0,0.0,31.0,1.11,0.0,0.0,0.0,0.0,0.0,0.0,0.0,0.0,0.0,0
campbell's pork and beans,No_descr,Legumes,108.0,4.62,1.15,19.23,6.15,5.4,0.0,0.0,0.0,0.0,0.0,0.0,31.0,1.11,0.0,0.0,0.0,0.0,0.0,0.0,0.0,0.0,0.0,0
pace,Traditional Refried Beans,Legumes,67.0,4.17,0.0,10.83,2.5,4.2,0.0,0.0,0.0,0.0,0.0,0.0,33.0,0.9,0.0,0.0,0.0,0.0,0.0,0.0,0.0,0.0,0.0,0
pace,Salsa Refried Beans,Legumes,60.0,3.33,0.0,11.67,3.33,3.3,0.0,0.0,0.0,0.0,0.0,0.0,33.0,0.9,0.0,0.0,0.0,0.0,0.0,0.0,0.0,0.0,0.0,0
pace,Spicy Jalapeno Refried Beans,Legumes,63.0,4.17,0.0,11.67,3.33,4.2,0.0,0.0,0.0,0.0,0.0,0.0,33.0,0.9,0.0,0.0,0.0,0.0,0.0,0.0,0.0,0.0,0.0,0
vitasoy usa,Nasoya Lite Firm Tofu,Legumes,54.0,8.3,1.7,1.3,0.2,0.6,0.0,0.0,5.22,0.0,0.0,0.0,184.0,1.6,0.0,0.0,181.0,0.0,0.095,0.0023599999999999,0.0,0.0,0.0,0
vitasoy usa,Organic Nasoya Super Firm Cubed Tofu,Legumes,118.0,12.4,6.3,2.8,0.6,2.0,0.0,0.0,0.0,0.0,0.0,0.0,188.0,2.0,0.0,0.0,0.0,0.0,0.0,0.0,0.0,0.0,0.0,0
vitasoy usa,Organic Nasoya Extra Firm Tofu,Legumes,98.0,10.1,5.2,2.6,0.4,1.3,0.0,0.0,0.0,0.0,0.0,0.0,77.0,1.6,0.0,0.0,0.0,0.0,0.002,0.0,0.0,0.0,0.0,0
vitasoy usa,Organic Nasoya Firm Tofu,Legumes,84.0,8.9,4.4,2.3,0.3,0.8,0.0,0.0,0.0,0.0,0.0,0.0,125.0,1.2,0.0,0.0,0.0,0.0,0.0,0.0,0.0,0.0,0.0,0
vitasoy usa,Organic Nasoya Silken Tofu,Legumes,47.0,4.8,2.5,1.4,0.2,0.3,0.0,0.0,0.0,0.0,0.0,0.0,75.0,0.9,0.0,0.0,0.0,0.0,0.0,0.0,0.0,0.0,0.0,0
vitasoy usa,Vitasoy Organic Creamy Original Soymilk,Legumes,44.0,2.9,1.6,4.5,2.0,0.4,0.0,0.0,0.0,0.0,0.15,0.06,127.0,0.4,16.0,0.0,0.0,0.37,0.0,0.00039,0.0,0.0,0.0,0
vitasoy usa,Vitasoy Organic Classic Original Soymilk,Legumes,47.0,3.2,1.8,4.5,2.0,0.4,0.0,0.0,0.0,0.0,0.0,0.0,17.0,0.44,0.0,0.0,0.0,0.0,0.0,0.0,0.0,0.0,0.0,0
vitasoy usa,Vitasoy Light Vanilla Soymilk,Legumes,30.0,1.6,0.82,4.1,2.9,0.1,0.0,0.0,0.0,0.0,0.14,0.02,123.0,0.3,10.0,0.0,0.0,0.37,0.0,0.00037,0.0,0.0,0.0,0
soymilk (all flavors),"unsweetened, with added calcium, vitamins A and D",Legumes,33.0,2.86,1.61,1.74,0.41,0.5,0.049,0.0,0.0,0.165,0.207,0.154,124.0,0.46,16.0,0.0,32.0,0.0,0.0,0.00111,0.0,8.2e-05,0.0,0
soymilk (all flavors),enhanced,Legumes,45.0,2.94,1.99,3.45,2.53,0.4,0.233,7.2,2.52,3.292,0.199,0.062,140.0,0.49,0.0,0.0,0.0,0.24,0.0,0.00108,0.0,0.000123,0.0023,0
soymilk,"original and vanilla, light, with added calcium, vitamins A and D",Legumes,30.0,2.38,0.77,3.51,2.61,0.3,0.016,0.0,0.06,0.222,0.201,0.037,123.0,0.43,15.0,0.0,87.0,0.23,0.061,0.001,0.009,8.599999999999999e-05,0.0023,0
soymilk,"chocolate and other flavors, light, with added calcium, vitamins A and D",Legumes,47.0,2.1,0.64,8.24,7.13,0.7,0.037,0.0,0.13,0.512,0.201,0.037,123.0,0.59,15.0,0.074,87.0,0.23,0.061,0.001,0.009,0.000199,0.0017,0
soymilk,"original and vanilla, light, unsweetened, with added calcium, vitamins A and D",Legumes,34.0,2.62,0.85,3.85,0.41,0.6,0.0,0.0,0.0,0.0,0.174,0.0,123.0,0.46,13.0,0.0,103.0,0.1,0.0,0.00023,0.0,0.0,0.0,0
soymilk (all flavors),"lowfat, with added calcium, vitamins A and D",Legumes,43.0,1.65,0.62,7.2,3.5,0.8,0.0,0.0,0.0,0.0,0.0,0.0,82.0,0.44,0.0,0.0,62.0,0.0,0.062,0.0,0.0,0.0,0.0,0
soymilk (all flavors),"nonfat, with added calcium, vitamins A and D",Legumes,28.0,2.47,0.04,4.14,3.65,0.2,0.024,0.0,0.08,0.323,0.174,0.022,116.0,0.35,10.0,0.0,87.0,0.1,0.061,0.00023,0.007,0.000125,0.0018,0
soymilk,"chocolate, nonfat, with added calcium, vitamins A and D",Legumes,44.0,2.47,0.04,8.51,3.65,0.2,0.037,0.0,0.13,0.512,0.174,0.037,116.0,0.35,10.0,0.0,87.0,0.1,0.061,0.00023,0.007,0.000199,0.0017,0
silk plain,soymilk,Legumes,41.0,2.88,1.65,3.29,2.47,0.4,0.0,0.0,0.0,0.0,0.21,0.0,123.0,0.44,16.0,0.0,0.0,0.25,0.0,0.00123,0.0,0.0,0.0023,0
silk vanilla,soymilk,Legumes,41.0,2.47,1.44,4.12,2.88,0.4,0.0,0.0,0.0,0.0,0.21,0.0,123.0,0.44,16.0,0.0,0.0,0.25,0.0,0.00123,0.0,0.0,0.0023,0
silk chocolate,soymilk,Legumes,58.0,2.06,1.44,9.47,7.82,0.8,0.0,0.0,0.0,0.0,0.21,0.0,123.0,0.59,16.0,0.0,0.0,0.25,0.0,0.00123,0.0,0.0,0.0017,0
silk light plain,soymilk,Legumes,29.0,2.47,0.82,3.29,2.47,0.4,0.0,0.0,0.0,0.0,0.21,0.0,123.0,0.44,16.0,0.0,0.0,0.25,0.0,0.00123,0.0,0.0,0.0023,0
silk light vanilla,soymilk,Legumes,33.0,2.47,0.82,4.12,2.88,0.4,0.0,0.0,0.0,0.0,0.21,0.0,123.0,0.44,16.0,0.0,0.0,0.25,0.0,0.00123,0.0,0.0,0.0023,0
silk light chocolate,soymilk,Legumes,49.0,2.06,0.62,9.05,7.82,0.8,0.0,0.0,0.0,0.0,0.21,0.0,123.0,0.59,16.0,0.0,0.0,0.25,0.0,0.00123,0.0,0.0,0.0017,0
silk plus omega-3 dha,soymilk,Legumes,45.0,2.88,2.06,3.29,2.47,0.4,0.0,0.0,0.0,0.0,0.21,0.0,144.0,0.44,16.0,0.0,0.0,0.25,0.0,0.00123,0.0,0.0,0.0023,0
silk plus for bone health,soymilk,Legumes,41.0,2.47,1.44,4.53,2.88,0.8,0.0,0.0,0.0,0.0,0.21,0.0,165.0,0.44,16.0,0.0,0.0,0.25,0.0,0.00123,0.0,0.0,0.0023,0
silk plus fiber,soymilk,Legumes,41.0,2.47,1.44,5.76,2.88,2.1,0.0,0.0,0.0,0.0,0.21,0.0,123.0,0.44,16.0,0.0,0.0,0.25,0.0,0.00123,0.0,0.0,0.0023,0
silk unsweetened,soymilk,Legumes,33.0,2.88,1.65,1.65,0.41,0.4,0.0,0.0,0.0,0.0,0.21,0.0,123.0,0.44,16.0,0.0,0.0,0.25,0.0,0.00123,0.0,0.0,0.0023,0
silk very vanilla,soymilk,Legumes,53.0,2.47,1.65,7.82,6.58,0.4,0.0,8.6,0.0,0.0,0.21,0.0,144.0,0.44,16.0,0.0,0.0,0.62,0.0,0.00123,0.0,0.0,0.0023,0
silk nog,soymilk,Legumes,74.0,2.46,1.64,12.3,9.84,0.0,0.0,0.0,0.0,0.0,0.0,0.0,16.0,0.3,0.0,0.0,0.0,0.0,0.0,0.0,0.0,0.0,0.0,0
silk chai,soymilk,Legumes,53.0,2.47,1.44,7.82,5.76,0.0,0.0,0.0,0.0,0.0,0.14,0.0,123.0,0.44,0.0,0.0,0.0,0.37,0.0,0.00037,0.0,0.0,0.0,0
silk mocha,soymilk,Legumes,58.0,2.06,1.44,9.05,7.41,0.0,0.0,0.0,0.0,0.0,0.14,0.0,123.0,0.44,0.0,0.0,0.0,0.37,0.0,0.00037,0.0,0.0,0.0,0
silk coffee,soymilk,Legumes,62.0,2.06,1.44,10.29,9.47,0.0,0.0,0.0,0.0,0.0,0.21,0.0,123.0,0.0,0.0,0.0,0.0,0.37,0.0,0.00037,0.0,0.0,0.0,0
silk vanilla soy yogurt (family size),No_descr,Legumes,79.0,2.64,1.76,13.66,10.57,0.4,0.0,0.0,0.0,0.0,0.0,0.0,132.0,0.48,0.0,0.0,0.0,0.0,0.0,0.0,0.0,0.0,0.0,0
silk vanilla soy yogurt (single serving size),No_descr,Legumes,88.0,2.94,1.76,14.71,10.59,0.6,0.0,17.6,0.0,0.0,0.0,0.0,176.0,0.85,0.0,0.0,0.0,0.0,0.0,0.0,0.0,0.0,0.0,0
silk plain soy yogurt,No_descr,Legumes,66.0,2.64,1.76,9.69,5.29,0.4,0.0,13.2,0.0,0.0,0.0,0.0,132.0,0.0,0.0,0.0,0.0,0.0,0.0,0.0,0.0,0.0,0.0,0
silk strawberry soy yogurt,No_descr,Legumes,94.0,2.35,1.18,18.24,12.94,0.6,0.0,17.6,0.0,0.0,0.0,0.0,176.0,0.64,0.0,0.0,0.0,0.0,0.0,0.0,0.0,0.0,0.0,0
silk raspberry soy yogurt,No_descr,Legumes,88.0,2.35,1.18,17.65,12.94,0.6,0.0,17.6,0.0,0.0,0.0,0.0,176.0,0.64,0.0,0.0,0.0,0.0,0.0,0.0,0.0,0.0,0.0,0
silk peach soy yogurt,No_descr,Legumes,94.0,2.35,1.18,18.82,14.71,0.6,0.0,17.6,0.0,0.0,0.0,0.0,176.0,0.64,0.0,0.0,0.0,0.0,0.0,0.0,0.0,0.0,0.0,0
silk black cherry soy yogurt,No_descr,Legumes,88.0,2.35,1.18,17.06,11.76,0.6,0.0,17.6,0.0,0.0,0.0,0.0,176.0,0.64,0.0,0.0,0.0,0.0,0.0,0.0,0.0,0.0,0.0,0
silk blueberry soy yogurt,No_descr,Legumes,88.0,2.35,1.18,17.06,12.35,0.6,0.0,17.6,0.0,0.0,0.0,0.0,176.0,0.64,0.0,0.0,0.0,0.0,0.0,0.0,0.0,0.0,0.0,0
silk key lime soy yogurt,No_descr,Legumes,88.0,2.35,1.18,17.65,12.35,0.6,0.0,17.6,0.0,0.0,0.0,0.0,176.0,0.64,0.0,0.0,0.0,0.0,0.0,0.0,0.0,0.0,0.0,0
silk banana-strawberry soy yogurt,No_descr,Legumes,88.0,2.35,1.18,17.06,10.59,0.6,0.0,17.6,0.0,0.0,0.0,0.0,176.0,0.64,0.0,0.0,0.0,0.0,0.0,0.0,0.0,0.0,0.0,0
silk original creamer,No_descr,Legumes,100.0,0.0,6.67,6.67,0.0,0.0,0.0,0.0,0.0,0.0,0.0,0.0,0.0,0.0,0.0,0.0,0.0,0.0,0.0,0.0,0.0,0.0,0.0,0
silk french vanilla creamer,No_descr,Legumes,133.0,0.0,6.67,20.0,20.0,0.0,0.0,0.0,0.0,0.0,0.0,0.0,0.0,0.0,0.0,0.0,0.0,0.0,0.0,0.0,0.0,0.0,0.0,0
silk hazelnut creamer,No_descr,Legumes,133.0,0.0,6.67,20.0,20.0,0.0,0.0,200.0,0.0,0.0,0.0,0.0,0.0,0.0,0.0,0.0,0.0,0.0,0.0,0.0,0.0,0.0,0.0,0
vitasoy usa organic nasoya,Soft Tofu,Legumes,70.0,8.0,3.5,1.5,0.3,0.6,0.0,0.0,0.0,0.0,0.0,0.0,130.0,1.1,0.0,0.0,0.0,0.0,0.0,0.0,0.0,0.0,0.0,0
vitasoy usa nasoya,Lite Silken Tofu,Legumes,41.0,7.5,1.1,0.3,0.0,0.0,0.0,0.0,5.26,0.0,0.0,0.0,394.0,0.87,0.0,0.0,203.0,0.0,0.096,0.00242,0.0,0.0,0.0,0
vitasoy usa organic nasoya,Tofu Plus Extra Firm,Legumes,92.0,9.3,4.9,2.7,0.4,1.0,0.5,0.0,0.0,0.0,0.44,0.0,246.0,1.6,0.0,0.0,129.0,0.0,0.0,0.00145,0.0,0.0,0.0,0
vitasoy usa organic nasoya,Tofu Plus Firm,Legumes,74.0,8.4,3.4,2.5,0.3,0.8,0.5,0.0,0.0,0.0,0.4,0.0,237.0,1.3,0.0,0.0,121.0,0.0,0.0,0.0014299999999999,0.0,0.0,0.0,0
vitasoy usa organic nasoya sprouted,Tofu Plus Super Firm,Legumes,115.0,12.1,5.9,3.3,1.1,1.2,0.0,0.0,0.0,0.0,0.0,0.0,239.0,1.7,0.0,0.0,0.0,0.0,0.0,0.0,0.0,0.0,0.0,0
vitasoy usa azumaya,Extra Firm Tofu,Legumes,88.0,9.2,4.6,2.4,0.5,0.9,0.0,0.0,0.0,0.0,0.0,0.0,176.0,1.7,0.0,0.0,0.0,0.0,0.0,0.0,0.0,0.0,0.0,0
vitasoy usa azumaya,Firm Tofu,Legumes,80.0,8.3,4.2,2.3,0.4,0.6,0.0,0.0,0.0,0.0,0.0,0.0,180.0,1.3,0.0,0.0,0.0,0.0,0.0,0.0,0.0,0.0,0.0,0
vitasoy usa azumaya,Silken Tofu,Legumes,43.0,4.4,2.4,1.0,0.2,0.2,0.0,0.0,0.0,0.0,0.0,0.0,66.0,0.8,0.0,0.0,0.0,0.0,0.0,0.0,0.0,0.0,0.0,0
house foods premium soft tofu,No_descr,Legumes,59.0,5.83,2.71,2.74,0.53,0.8,0.0,0.9,0.0,0.0,0.0,0.0,78.0,1.53,0.0,0.0,0.0,0.0,0.0,0.0,0.0,0.0,0.0,0
house foods premium firm tofu,No_descr,Legumes,85.0,9.98,4.19,1.91,0.4,0.9,0.0,1.1,0.0,0.0,0.0,0.0,149.0,1.69,0.0,0.0,0.0,0.0,0.0,0.0,0.0,0.0,0.0,0
beans,"adzuki, mature seed, cooked, boiled, with salt",Legumes,128.0,7.52,0.1,24.77,0.0,7.3,0.096,0.0,0.0,0.717,0.064,0.115,28.0,2.0,52.0,0.573,168.0,1.77,0.0,0.0,0.121,0.000298,0.0012,0
beans,"black, mature seeds, cooked, boiled, with salt",Legumes,132.0,8.86,0.54,23.71,0.0,8.7,0.069,0.0,0.0,0.505,0.059,0.244,27.0,2.1,70.0,0.444,140.0,1.12,0.0,0.0,0.149,0.0002089999999999,0.0012,0
beans,"black, mature seeds, canned, low sodium",Legumes,91.0,6.03,0.29,16.55,0.23,6.9,0.055,2.7,0.62,0.62,0.12,0.14,35.0,1.9,35.0,0.233,108.0,0.54,0.0,0.0,0.061,0.000192,0.0013,0
beans,"black turtle, mature seeds, cooked, boiled, with salt",Legumes,130.0,8.18,0.35,24.35,0.32,8.3,0.077,0.0,0.87,0.527,0.056,0.225,55.0,2.85,49.0,0.327,152.0,0.76,0.0,0.0,0.086,0.000269,0.0012,0
beans,"cranberry (roman), mature seeds, cooked, boiled, with salt",Legumes,136.0,9.34,0.46,24.46,0.0,10.0,0.081,0.0,0.0,0.515,0.069,0.21,50.0,2.09,50.0,0.37,135.0,1.14,0.0,0.0,0.207,0.000231,0.0013,0
beans,"french, mature seeds, cooked, boiled, with salt",Legumes,129.0,7.05,0.76,24.02,0.0,9.4,0.105,1.2,0.0,0.546,0.062,0.13,63.0,1.08,56.0,0.382,102.0,0.64,0.0,0.0,0.075,0.000115,0.0012,0
beans,"great northern, mature seeds, cooked, boiled, with salt",Legumes,118.0,8.33,0.45,21.09,0.0,7.0,0.117,1.3,0.0,0.681,0.059,0.158,68.0,2.13,50.0,0.518,165.0,0.88,0.0,0.0,0.102,0.000247,0.0040999999999999,0
beans,"great northern, mature seeds, canned, low sodium",Legumes,114.0,7.37,0.39,21.02,1.41,4.9,0.106,1.3,0.79,0.461,0.06,0.143,53.0,1.57,51.0,0.408,136.0,0.65,0.0,0.0,0.081,0.00016,0.0040999999999999,0
beans,"kidney, all types, mature seeds, cooked, boiled, with salt",Legumes,127.0,8.67,0.5,22.8,0.32,6.4,0.12,1.2,0.87,0.578,0.058,0.16,28.0,2.94,45.0,0.477,142.0,1.07,0.0,0.0,0.13,0.000242,0.0012,0
beans,"kidney, california red, mature seeds, cooked, boiled, with salt",Legumes,124.0,9.13,0.09,22.41,0.0,9.3,0.104,1.2,0.0,0.54,0.062,0.129,66.0,2.98,48.0,0.318,137.0,0.86,0.0,0.0,0.074,0.000289,0.0012,0
beans,"kidney, red, mature seeds, cooked, boiled, with salt",Legumes,127.0,8.67,0.5,22.8,0.32,7.4,0.12,1.2,0.03,0.578,0.058,0.16,28.0,2.94,45.0,0.477,142.0,1.07,0.0,0.0,0.13,0.000242,0.0012,0
beans,"kidney, red, mature seeds, canned, drained solids, rinsed in tap water",Legumes,121.0,8.12,0.93,20.8,0.0,7.5,0.0,0.2,0.0,0.417,0.015,0.06,58.0,1.5,29.0,0.382,118.0,0.74,0.0,0.0,0.023,0.000283,0.0016,0
beans,"kidney, royal red, mature seeds, cooked, boiled with salt",Legumes,123.0,9.49,0.17,21.85,0.0,9.3,0.104,1.2,0.0,0.552,0.067,0.095,44.0,2.77,42.0,0.255,142.0,0.9,0.0,0.0,0.074,0.000262,0.0012,0
beans,"mature, red kidney, canned, solids and liquid, low sodium",Legumes,81.0,5.22,0.36,14.83,1.85,5.3,0.08,0.8,0.02,0.494,0.067,0.106,29.0,1.25,30.0,0.291,106.0,0.62,0.0,0.0,0.026,0.000147,0.0011,0
beans,"navy, mature seeds, cooked, boiled, with salt",Legumes,140.0,8.23,0.62,26.05,0.37,6.3,0.138,0.9,0.01,0.649,0.066,0.237,69.0,2.36,53.0,0.527,144.0,1.03,0.0,0.0,0.14,0.0002099999999999,0.0029,0
beans,"pink, mature seeds, cooked, boiled, with salt",Legumes,149.0,9.06,0.49,27.91,0.36,5.3,0.175,0.0,0.98,0.57,0.063,0.257,52.0,2.3,65.0,0.548,165.0,0.96,0.0,0.0,0.168,0.000271,0.0014,0
beans,"pinto, mature seeds, cooked, boiled, with salt",Legumes,143.0,9.01,0.65,26.22,0.34,9.0,0.229,0.8,0.94,0.318,0.062,0.193,46.0,2.09,50.0,0.453,147.0,0.98,0.0,0.0,0.172,0.000219,0.0062,0
beans,"pinto, mature seeds, canned, drained solids, rinsed in tap water",Legumes,117.0,7.04,0.97,20.77,0.0,0.0,0.0,0.1,0.0,0.262,0.019,0.05,64.0,1.27,30.0,0.37,96.0,0.59,0.0,0.0,0.021,0.00026,0.0,0
beans,"small white, mature seeds, cooked, boiled, with salt",Legumes,142.0,8.97,0.64,25.81,0.0,10.4,0.127,0.0,0.0,0.272,0.059,0.236,73.0,2.84,68.0,0.51,169.0,1.09,0.0,0.0,0.137,0.000149,0.0013,3
beans,"pinto, mature seeds, canned, solids and liquids, low sodium",Legumes,82.0,4.6,0.56,15.18,1.02,4.6,0.135,0.7,0.55,0.268,0.016,0.052,47.0,1.47,33.0,0.318,92.0,0.56,0.0,0.0,0.024,0.000162,0.0037,0
beans,"yellow, mature seeds, cooked, boiled, with salt",Legumes,144.0,9.16,1.08,25.27,0.0,10.4,0.129,1.8,0.0,0.708,0.103,0.187,62.0,2.48,74.0,0.455,183.0,1.06,0.0,0.0,0.081,0.000186,0.0013,3
beans,"white, mature seeds, cooked, boiled, with salt",Legumes,139.0,9.73,0.35,25.09,0.34,6.3,0.093,0.0,0.94,0.14,0.046,0.118,90.0,3.7,63.0,0.636,113.0,1.38,0.0,0.0,0.081,0.000287,0.0013,0
broadbeans (fava beans),"mature seeds, cooked, boiled, with salt",Legumes,110.0,7.6,0.4,19.65,1.82,5.4,0.072,0.3,0.02,0.711,0.089,0.097,36.0,1.5,43.0,0.421,125.0,1.01,0.001,0.0,0.104,0.000259,0.0026,0
chickpeas (garbanzo beans,"bengal gram), mature seeds, cooked, boiled, with salt",Legumes,164.0,8.86,2.59,27.42,4.8,7.6,0.139,1.3,0.35,0.526,0.063,0.116,49.0,2.89,48.0,1.03,168.0,1.53,0.001,0.0,0.172,0.000352,0.0037,0
chickpeas (garbanzo beans,"bengal gram), mature seeds, canned, drained solids",Legumes,139.0,7.05,2.77,22.53,4.01,6.4,0.116,0.1,0.29,0.14,0.015,0.027,45.0,1.07,26.0,0.846,85.0,0.63,0.001,0.0,0.048,0.000253,0.0031,0
chickpeas (garbanzo beans,"bengal gram), mature seeds, canned, drained, rinsed in tap water",Legumes,138.0,7.04,2.47,22.87,4.0,6.3,0.116,0.1,0.29,0.125,0.015,0.025,43.0,0.98,24.0,0.8,80.0,0.59,0.001,0.0,0.041,0.00025,0.0031,0
chickpeas (garbanzo beans,"bengal gram), mature seeds, canned, solids and liquids, low sodium",Legumes,88.0,4.92,1.95,13.49,2.59,4.4,0.473,0.1,0.19,0.13,0.015,0.032,35.0,1.23,27.0,0.818,80.0,0.69,0.001,0.0,0.025,0.000153,0.002,0
cowpeas,"catjang, mature seeds, cooked, boiled, with salt",Legumes,117.0,8.13,0.71,20.32,0.0,3.6,0.092,0.4,0.0,0.714,0.046,0.162,26.0,3.05,96.0,0.473,142.0,1.87,0.001,0.0,0.142,0.000271,0.0025,0
cowpeas,"common (blackeyes, crowder, southern), mature seeds, cooked, boiled, with salt",Legumes,116.0,7.73,0.53,20.76,3.3,6.5,0.1,0.4,0.28,0.495,0.055,0.202,24.0,2.51,53.0,0.475,156.0,1.29,0.001,0.0,0.208,0.000268,0.0025,0
hyacinth beans,"mature seeds, cooked, boiled, with salt",Legumes,117.0,8.14,0.58,20.7,0.0,0.0,0.037,0.0,0.0,0.411,0.037,0.27,40.0,4.58,82.0,0.482,120.0,2.85,0.0,0.0,0.004,0.000341,0.0028,0
lentils,"mature seeds, cooked, boiled, with salt",Legumes,114.0,9.02,0.38,19.54,1.8,7.9,0.178,1.5,0.11,1.06,0.073,0.169,19.0,3.33,36.0,0.494,180.0,1.27,0.0,0.0,0.181,0.000251,0.0028,0
lima beans,"large, mature seeds, cooked, boiled, with salt",Legumes,115.0,7.8,0.38,20.88,2.9,7.0,0.161,0.0,0.18,0.421,0.055,0.161,17.0,2.39,43.0,0.516,111.0,0.95,0.0,0.0,0.083,0.000235,0.0045,0
lima beans,"thin seeded (baby), mature seeds, cooked, boiled, with salt",Legumes,126.0,8.04,0.38,23.31,0.0,7.7,0.078,0.0,0.0,0.66,0.055,0.161,29.0,2.4,53.0,0.585,127.0,1.03,0.0,0.0,0.15,0.000215,0.0049,0
lupins,"mature seeds, cooked, boiled, with salt",Legumes,116.0,15.57,2.92,9.29,0.0,2.8,0.009,1.1,0.0,0.495,0.053,0.134,51.0,1.2,54.0,0.676,128.0,1.38,0.0,0.0,0.059,0.000231,0.0026,2
mothbeans,"mature seeds, cooked, boiled, with salt",Legumes,117.0,7.81,0.55,20.96,0.0,0.0,0.093,1.0,0.0,0.668,0.023,0.124,3.0,3.14,104.0,0.527,150.0,0.59,0.001,0.0,0.143,0.000164,0.0028,0
mung beans,"mature seeds, cooked, boiled, with salt",Legumes,105.0,7.02,0.38,19.15,2.0,7.6,0.067,1.0,0.15,0.577,0.061,0.164,27.0,1.4,48.0,0.298,99.0,0.84,0.001,0.0,0.159,0.000156,0.0025,0
mungo beans,"mature seeds, cooked, boiled, with salt",Legumes,105.0,7.54,0.55,18.34,2.01,6.4,0.058,1.0,0.15,1.5,0.075,0.15,53.0,1.75,63.0,0.412,156.0,0.83,0.002,0.0,0.094,0.000139,0.0025,0
peas,"split, mature seeds, cooked, boiled, with salt",Legumes,116.0,8.34,0.39,20.51,2.9,8.3,0.048,0.4,0.03,0.89,0.056,0.19,14.0,1.29,36.0,0.396,99.0,1.0,0.0,0.0,0.065,0.0001809999999999,0.0006,0
peanuts,"all types, oil-roasted, without salt",Legumes,599.0,28.03,52.5,15.26,4.18,9.4,0.461,0.8,6.91,13.825,0.089,0.085,61.0,1.52,176.0,1.845,397.0,3.28,0.0,0.0,0.12,0.000533,0.0033,4
peanuts,"all types, dry-roasted, without salt",Legumes,587.0,24.35,49.66,21.26,4.9,8.4,0.466,0.0,4.93,14.355,0.197,0.152,58.0,1.58,178.0,1.786,363.0,2.77,0.0,0.0,0.097,0.000428,0.0093,4
peanuts,"spanish, oil-roasted, without salt",Legumes,579.0,28.01,49.04,17.45,0.0,8.9,0.256,0.0,0.0,14.933,0.085,0.317,100.0,2.28,168.0,2.355,387.0,2.0,0.0,0.0,0.126,0.000661,0.0075,4
peanuts,"valencia, oil-roasted, without salt",Legumes,589.0,27.04,51.24,16.3,0.0,8.9,0.243,0.0,0.0,14.338,0.153,0.09,54.0,1.65,160.0,1.721,319.0,3.08,0.0,0.0,0.126,0.000838,0.0075,4
peanuts,"virginia, oil-roasted, without salt",Legumes,578.0,25.87,48.62,19.86,0.0,8.9,0.254,0.0,0.0,14.7,0.112,0.276,86.0,1.67,188.0,2.008,506.0,6.62,0.0,0.0,0.125,0.0012729999999999,0.0075,4
peanut butter,"chunk style, without salt",Legumes,589.0,24.06,49.94,21.57,8.41,8.0,0.418,0.0,6.3,13.696,0.111,0.106,45.0,1.9,160.0,1.8,319.0,2.79,0.0,0.0,0.092,0.000578,0.0081999999999999,4
peanut butter,"smooth style, without salt",Legumes,598.0,22.21,51.36,22.31,10.49,5.0,0.441,0.0,9.1,13.112,0.192,0.15,49.0,1.74,168.0,1.665,335.0,2.51,0.0,0.0,0.087,0.000422,0.0040999999999999,4
peanut butter with omega-3,creamy,Legumes,608.0,24.47,54.17,17.0,3.11,6.1,0.292,0.0,10.34,12.875,0.087,0.055,45.0,1.67,191.0,1.85,426.0,3.08,0.0,0.0,0.0,0.0004759999999999,0.0,4
pigeon peas (red gram),"mature seeds, cooked, boiled, with salt",Legumes,121.0,6.76,0.38,23.25,0.0,6.7,0.05,0.0,0.0,0.781,0.059,0.146,43.0,1.11,46.0,0.501,119.0,0.9,0.0,0.0,0.111,0.000269,0.0029,0
refried beans,"canned, traditional, reduced sodium",Legumes,89.0,4.98,2.01,13.55,0.54,3.7,0.103,0.8,0.09,0.367,0.079,0.076,29.0,1.44,35.0,0.289,92.0,0.58,0.0,0.0,0.026,0.000129,0.0058,0
soybeans,"mature seeds, cooked, boiled, with salt",Legumes,173.0,16.64,8.97,9.93,3.0,6.0,0.234,1.7,0.35,0.399,0.285,0.155,102.0,5.14,86.0,0.824,245.0,1.15,0.0,0.0,0.054,0.0004069999999999,0.0073,2
soybeans,"mature seeds, roasted, no salt added",Legumes,471.0,35.22,25.4,33.55,0.0,17.7,0.208,2.2,0.0,1.41,0.145,0.1,138.0,3.9,145.0,2.158,363.0,3.14,0.0,0.0,0.211,0.000828,0.0191,3
soy flour,"full-fat, raw, crude protein basis (N x 6.25)",Legumes,434.0,37.8,20.65,31.93,0.0,9.6,0.461,0.0,0.0,4.32,1.16,0.581,206.0,6.37,429.0,2.275,494.0,3.92,0.006,0.0,0.345,0.00292,0.0075,3
soy flour,"full-fat, roasted, crude protein basis (N x 6.25)",Legumes,439.0,38.09,21.86,30.38,0.0,0.0,0.351,0.0,0.0,3.286,0.941,0.412,188.0,5.82,369.0,2.077,476.0,3.58,0.006,0.0,0.227,0.002221,0.0075,2
soy flour,"defatted, crude protein basis (N x 6.25)",Legumes,372.0,49.81,8.9,30.63,14.58,16.0,1.05,0.0,0.55,2.95,0.28,1.088,285.0,8.2,285.0,3.15,675.0,4.1,0.002,0.0,0.305,0.0016,0.0589,3
soy flour,"low-fat, crude protein basis (N x 6.25)",Legumes,369.0,50.93,6.7,33.58,19.8,10.2,0.522,0.0,0.19,2.16,0.285,0.38,188.0,5.99,229.0,3.08,593.0,1.18,0.002,0.0,0.41,0.00508,0.0093,2
soy meal,"defatted, raw, crude protein basis (N x 6.25)",Legumes,337.0,49.2,2.39,35.89,0.0,0.0,0.569,0.0,0.0,2.587,0.251,0.691,244.0,13.7,306.0,3.8,701.0,5.06,0.002,0.0,0.303,0.002,0.0033,2
soy protein concentrate,produced by acid wash,Legumes,331.0,58.13,0.46,30.91,20.0,5.5,0.134,0.0,0.0,0.716,0.142,0.316,363.0,10.78,140.0,4.19,839.0,4.4,0.0,0.0,0.34,0.000976,0.0008,2
soy protein concentrate,"crude protein basis (N x 6.25), produced by acid wash",Legumes,328.0,63.63,0.46,25.41,0.0,5.5,0.134,0.0,0.0,0.716,0.142,0.316,363.0,10.78,140.0,4.19,839.0,4.4,0.0,0.0,0.34,0.000976,0.0008,2
soy protein isolate,potassium type,Legumes,326.0,80.69,0.53,10.22,0.0,5.6,0.1,0.0,0.0,1.438,0.1,0.176,178.0,14.5,39.0,1.493,776.0,4.03,0.0,0.0,0.176,0.001599,0.0008,2
soy protein isolate,"potassium type, crude protein basis",Legumes,321.0,88.32,0.53,2.59,0.0,2.0,0.1,0.0,0.0,1.438,0.1,0.176,178.0,14.5,39.0,1.493,776.0,4.03,0.0,0.0,0.176,0.001599,0.0008,2
soy sauce made from soy and wheat (shoyu),low sodium,Legumes,57.0,9.05,0.3,5.59,0.5,0.7,0.16,0.0,0.41,1.14,0.24,0.04,30.0,1.35,69.0,1.008,166.0,0.79,0.0,0.0,0.044,4.9000000000000005e-05,0.0005,0
soy sauce,"reduced sodium, made from hydrolyzed vegetable protein",Legumes,90.0,8.19,0.31,14.44,5.63,0.3,0.037,0.0,0.0,0.453,0.043,0.03,11.0,0.43,34.0,0.151,89.0,0.25,0.0,0.0,0.0,4.9000000000000005e-05,0.0,0
tofu,"raw, firm, prepared with calcium sulfate",Legumes,145.0,15.78,8.72,4.27,0.0,2.3,0.092,0.2,0.0,0.381,0.102,0.158,683.0,2.66,58.0,1.181,190.0,1.57,0.0,0.0,0.029,0.000378,0.0174,2
tofu,"raw, regular, prepared with calcium sulfate",Legumes,76.0,8.08,4.78,1.88,0.0,0.3,0.047,0.1,0.0,0.195,0.052,0.081,350.0,5.36,30.0,0.605,97.0,0.8,0.004,0.0,0.015,0.000193,0.0089,0
tofu,"dried-frozen (koyadofu), prepared with calcium sulfate",Legumes,472.0,47.94,30.34,12.79,0.0,1.2,0.286,0.7,0.0,1.189,0.317,0.494,2134.0,9.73,181.0,3.689,483.0,4.9,0.0,0.0,0.092,0.001179,0.0542999999999999,2
tofu,"fried, prepared with calcium sulfate",Legumes,271.0,17.19,20.18,10.5,0.0,3.9,0.099,0.0,0.0,0.1,0.05,0.17,961.0,4.87,95.0,1.495,287.0,1.99,0.0,0.0,0.027,0.000398,0.0285,2
tofu,"salted and fermented (fuyu), prepared with calcium sulfate",Legumes,116.0,8.15,8.0,5.15,0.0,0.0,0.091,0.2,0.0,0.379,0.101,0.157,1229.0,1.98,58.0,1.174,73.0,1.56,0.0,0.0,0.029,0.000376,0.0173,0
yardlong beans,"mature seeds, cooked, boiled, with salt",Legumes,118.0,8.29,0.45,21.09,0.0,3.8,0.095,0.4,0.0,0.551,0.064,0.212,42.0,2.64,98.0,0.487,181.0,1.08,0.001,0.0,0.146,0.000225,0.0028,0
winged beans,"mature seeds, cooked, boiled, with salt",Legumes,147.0,10.62,5.84,14.94,0.0,0.0,0.047,0.0,0.0,0.83,0.129,0.295,142.0,4.33,54.0,1.199,153.0,1.44,0.0,0.0,0.01,0.000773,0.0029,0
loma linda little links,"canned, unprepared",Legumes,221.0,19.4,13.5,5.5,0.8,4.2,1.1,0.0,0.0,15.6,1.4,1.0,19.0,1.5,0.0,0.0,103.0,1.5,0.0,0.0033,0.0,0.0,0.0,2
loma linda low fat big franks,"canned, unprepared",Legumes,154.0,23.1,4.7,4.9,0.3,4.1,0.1,0.0,0.0,7.8,0.8,0.4,17.0,2.3,0.0,0.0,137.0,2.5,0.0,0.0024,0.0,0.0,0.0,2
loma linda tender rounds with gravy,"canned, unprepared",Legumes,145.0,16.3,5.6,7.4,1.0,3.5,0.2,0.0,0.0,0.5,0.5,1.0,14.0,1.5,0.0,0.0,103.0,0.8,0.0,0.0022,0.0,0.0,0.0,2
loma linda swiss stake with gravy,"canned, unprepared",Legumes,138.0,10.2,6.2,10.4,0.9,3.2,1.1,0.0,0.0,15.4,0.9,1.3,35.0,1.8,0.0,0.0,140.0,0.7,0.0,0.0073,0.0,0.0,0.0,0
loma linda vege-burger,"canned, unprepared",Legumes,114.0,22.2,1.2,3.7,0.8,2.6,0.6,0.0,0.0,9.9,0.5,0.2,16.0,1.7,0.0,0.0,80.0,1.3,0.0,0.0066,0.0,0.0,0.0,2
loma linda redi-burger,"canned, unprepared",Legumes,146.0,21.9,2.8,8.2,1.2,4.3,0.5,0.0,0.0,5.1,0.5,0.3,17.0,20.0,0.0,0.0,159.0,1.7,0.0,0.0016,0.0,0.0,0.0,2
loma linda tender bits,"canned, unprepared",Legumes,135.0,15.1,4.6,8.3,0.6,4.3,0.1,0.0,0.0,6.6,0.6,0.5,17.0,1.6,0.0,0.0,88.0,1.0,0.0,0.0001,0.0,0.0,0.0,2
loma linda linketts,"canned, unprepared",Legumes,209.0,21.3,11.8,4.4,0.3,3.0,0.4,0.0,0.0,9.5,0.7,0.4,11.0,1.8,0.0,0.0,114.0,1.5,0.0,0.0029,0.0,0.0,0.0,2
worthington chili,"canned, unprepared",Legumes,126.0,10.4,4.5,10.9,1.3,3.4,0.3,0.0,0.0,0.9,0.1,0.1,18.0,1.6,0.0,0.0,77.0,0.8,0.0,0.0007,0.0,0.0,0.0,0
worthington choplets,"canned, unprepared",Legumes,103.0,19.4,1.0,4.1,0.4,2.8,0.0,0.0,0.0,0.0,0.0,0.0,8.0,1.5,0.0,0.0,75.0,1.0,0.0,0.0,0.0,0.0,0.0,2
worthington diced chik,"canned, unprepared",Legumes,80.0,14.7,0.7,3.7,0.1,1.4,0.1,0.0,0.0,7.3,0.2,0.1,55.0,2.0,0.0,0.0,0.0,0.7,0.0,0.0004,0.0,0.0,0.0,0
worthington frichik original,"canned, unprepared",Legumes,160.0,13.4,10.3,3.4,0.1,1.5,0.2,0.0,0.0,2.2,0.2,0.2,33.0,2.0,0.0,0.0,0.0,0.7,0.0,0.002,0.0,0.0,0.0,2
worthington low fat fri chik,"canned, unprepared",Legumes,102.0,14.3,2.7,4.9,0.0,1.0,0.2,0.0,0.0,4.7,0.2,0.1,35.0,3.2,0.0,0.0,124.0,0.8,0.0,0.0035,0.0,0.0,0.0,0
worthington low fat veja-links,"canned, unprepared",Legumes,123.0,15.8,4.8,4.3,0.7,1.2,0.4,0.0,0.0,6.5,0.3,0.3,20.0,3.5,0.0,0.0,74.0,0.6,0.0,0.0039,0.0,0.0,0.0,2
worthington multigrain cutlets,"canned, unprepared",Legumes,117.0,23.29,1.5,7.3,0.2,4.5,0.5,0.0,18.09,26.29,1.33,0.05,22.0,1.7,3.0,0.0,56.0,1.0,0.0,0.0,0.002,0.0,0.0,2
worthington prime stakes,"canned, unprepared",Legumes,135.0,10.2,7.2,7.5,0.3,1.4,0.4,0.0,0.0,6.5,0.2,0.3,15.0,2.0,0.0,0.0,99.0,0.6,0.0,0.0033,0.0,0.0,0.0,0
worthington saucettes,"canned, unprepared",Legumes,219.0,15.0,15.2,5.6,0.2,2.8,0.3,0.0,0.0,2.1,0.2,1.2,40.0,2.8,0.0,0.0,155.0,0.9,0.0,0.0009,0.0,0.0,0.0,2
worthington super links,"canned, unprepared",Legumes,219.0,14.5,15.5,5.5,0.6,1.8,0.3,0.0,0.0,1.7,0.2,0.2,3.0,4.3,0.0,0.0,93.0,0.9,0.0,0.0025,0.0,0.0,0.0,2
worthington vegetable skallops,"canned, unprepared",Legumes,109.0,19.9,1.2,4.6,0.3,3.4,0.0,0.0,0.0,0.0,0.0,0.0,7.0,1.4,0.0,0.0,52.0,1.0,0.0,0.0,0.0,0.0,0.0,2
worthington vegetable steaks,"canned, unprepared",Legumes,113.0,20.7,1.2,5.1,0.5,2.2,0.3,0.0,0.0,5.6,0.1,0.7,6.0,3.8,0.0,0.0,77.0,1.1,0.0,0.0042,0.0,0.0,0.0,2
worthington vegetarian burger,"canned, unprepared",Legumes,124.0,18.6,2.9,6.2,0.6,2.7,0.4,0.0,0.0,2.9,0.2,0.2,8.0,2.6,0.0,0.0,98.0,1.2,0.0,0.0044,0.0,0.0,0.0,2
worthington veja-links,"canned, unprepared",Legumes,155.0,14.6,8.9,4.1,0.5,3.3,0.4,0.0,0.0,6.5,0.3,0.4,23.0,3.5,0.0,0.0,100.0,0.5,0.0,0.0039,0.0,0.0,0.0,2
worthington chic-ketts,"frozen, unprepared",Legumes,200.0,23.6,9.7,5.1,0.1,1.2,0.9,0.0,0.0,35.9,1.72,0.57,39.0,3.2,12.0,0.0,115.0,1.6,0.0,0.0034,0.0,0.0,0.0,2
worthington meatless chicken roll,"frozen, unprepared",Legumes,154.0,16.1,8.0,4.3,0.8,2.4,0.5,0.0,0.0,7.5,0.2,0.7,272.0,3.8,0.0,0.0,243.0,0.7,0.0,0.0037,0.0,0.0,0.0,2
worthington meatless corned beef roll,"frozen, unprepared",Legumes,245.0,18.6,14.5,9.9,2.1,0.0,0.5,0.0,0.0,9.1,0.3,3.3,24.0,3.3,0.0,0.0,140.0,0.8,0.0,0.0033,0.0,0.0,0.0,2
worthington dinner roast,"frozen, unprepared",Legumes,213.0,16.0,13.5,6.9,1.0,3.1,0.7,0.0,0.0,7.1,0.3,2.1,46.0,2.1,0.0,0.0,131.0,0.9,0.0,0.0018,0.0,0.0,0.0,2
worthington fripats,"frozen, unprepared",Legumes,209.0,23.7,9.1,8.0,1.4,2.8,0.9,0.0,0.0,4.7,0.3,2.8,97.0,2.8,0.0,0.0,187.0,1.2,0.0,0.0019,0.0,0.0,0.0,2
worthington prosage links,"frozen, unprepared",Legumes,143.0,20.2,4.7,5.0,0.8,2.8,0.7,0.0,0.0,4.4,0.4,4.0,26.0,3.2,0.0,0.0,138.0,1.0,0.0,0.0067,0.0,0.0,0.0,2
worthington prosage roll,"frozen, unprepared",Legumes,261.0,19.6,17.6,6.0,0.2,3.5,0.4,0.0,0.0,2.9,0.3,1.2,28.0,3.3,0.0,0.0,93.0,0.8,0.0,0.0016,0.0,0.0,0.0,2
worthington smoked turkey roll,"frozen, unprepared",Legumes,251.0,18.5,16.1,7.9,2.4,1.1,0.7,0.0,0.0,10.9,0.3,3.3,147.0,4.9,0.0,0.0,188.0,0.8,0.0,0.0055,0.0,0.0,0.0,2
worthington stakelets,"frozen, unprepared",Legumes,211.0,19.7,10.4,9.6,1.2,2.8,0.4,0.0,0.0,4.2,0.2,1.7,73.0,1.5,0.0,0.0,210.0,1.2,0.0,0.0021,0.0,0.0,0.0,2
worthington stripples,"frozen, unprepared",Legumes,346.0,12.4,26.6,14.3,0.8,5.1,0.5,0.0,0.0,8.8,0.4,10.1,42.0,3.6,0.0,0.0,285.0,0.6,0.0,0.0034,0.0,0.0,0.0,2
worthington wham (roll),"frozen, unprepared",Legumes,196.0,17.8,11.3,5.7,3.2,0.0,0.9,0.0,0.0,10.9,0.3,3.3,45.0,3.3,0.0,0.0,263.0,0.8,0.0,0.0038,0.0,0.0,0.0,2
morningstar farms breakfast pattie with organic soy,"frozen, unprepared",Legumes,220.0,23.7,8.3,12.6,2.2,7.6,0.0,0.0,0.0,0.4,0.2,0.0,60.0,1.9,15.0,0.0,39.0,0.6,0.0,0.0,0.0,0.0,0.0,2
morningstar farms breakfast bacon strips,"frozen, unprepared",Legumes,346.0,12.4,26.6,14.3,0.8,5.1,0.5,0.0,0.0,8.8,0.4,10.1,42.0,3.6,0.0,0.0,285.0,0.6,0.0,0.0034,0.0,0.0,0.0,2
morningstar farms breakfast sausage links,"frozen, unprepared",Legumes,159.0,19.2,6.1,6.8,1.0,4.0,1.1,0.0,0.0,16.8,0.6,1.9,26.0,5.9,0.0,0.0,0.0,0.0,0.0,0.0074,0.0,0.0,0.0,2
morningstar farms grillers original,"frozen, unprepared",Legumes,213.0,23.9,9.3,8.5,1.2,4.4,0.6,0.0,0.0,6.4,0.3,2.8,61.0,4.2,0.0,0.0,185.0,1.2,0.0,0.0045,0.0,0.0,0.0,2
morningstar farms grillers prime,"frozen, unprepared",Legumes,238.0,24.0,13.2,5.9,0.3,2.6,0.0,0.0,0.0,0.0,0.2,0.3,58.0,2.8,0.0,0.0,0.0,1.2,0.0,0.0,0.0,0.0,0.0,2
morningstar farms asian veggie patties,"frozen, unprepared",Legumes,159.0,10.9,6.2,14.9,4.9,3.0,0.0,3.0,0.0,1.9,0.2,0.0,51.0,1.5,0.0,0.0,90.0,0.0,0.0,0.0,0.0,0.0,0.0,0
morningstar farms mushroom lover's burger,"frozen, unprepared",Legumes,168.0,14.3,8.2,9.2,0.5,5.1,0.0,0.0,0.0,0.1,0.1,0.0,0.0,1.7,13.0,0.0,85.0,0.7,0.0,0.0,0.0,0.0,0.0,2
morningstar farms tomato & basil pizza burger,"frozen, unprepared",Legumes,181.0,15.5,8.3,11.1,2.4,3.7,0.0,22.0,0.0,0.0,0.3,0.1,48.0,1.8,0.0,0.0,139.0,0.0,0.0,0.0,0.0,0.0,0.0,2
morningstar farms buffalo wings,"frozen, unprepared",Legumes,246.0,14.1,11.0,22.6,2.8,4.8,0.2,0.0,0.0,4.7,0.1,0.5,63.0,3.2,35.0,0.0,112.0,0.5,0.0,0.0025,0.0,0.0,0.0,2
morningstar farms chik'n nuggets,"frozen, unprepared",Legumes,235.0,14.4,10.0,21.8,2.2,4.9,0.2,0.2,0.0,4.7,0.1,0.4,75.0,2.1,4.0,0.0,175.0,0.8,0.0,0.0021,0.0,0.0,0.0,2
morningstar farms chik patties,"frozen, unprepared",Legumes,197.0,11.8,7.0,22.9,2.0,3.0,0.2,0.0,0.0,4.2,0.1,0.3,41.0,2.5,0.0,0.0,126.0,0.5,0.001,0.0017,0.0,0.0,0.0,0
morningstar farms italian herb chik'n pattie,"frozen, unprepared",Legumes,242.0,13.6,7.0,31.1,1.5,3.4,0.3,0.0,0.0,5.6,0.1,0.4,50.0,3.8,0.0,0.0,140.0,0.0,0.0,0.0021,0.013,0.0,0.0,2
morningstar farms corn dog,"frozen, unprepared",Legumes,220.0,11.2,3.5,36.0,11.0,3.8,0.0,0.0,0.0,0.0,0.0,0.0,17.0,1.3,16.0,0.0,115.0,0.7,0.0,0.0,0.0,0.0,0.0,0
morningstar farms corn dog mini,"frozen, unprepared",Legumes,226.0,13.2,4.7,32.6,8.0,2.6,0.0,0.0,0.0,0.0,0.0,0.0,30.0,1.4,14.0,0.0,142.0,0.7,0.0,0.0,0.0,0.0,0.0,0
morningstar farms sausage style recipe crumbles,"frozen, unprepared",Legumes,162.0,20.2,4.6,9.9,1.4,4.6,0.9,0.0,0.0,12.0,0.2,1.3,44.0,5.5,16.0,0.0,111.0,1.2,0.0,0.0084,0.0,0.0,0.0,2
gardenburger black bean chipotle burger,"frozen, unprepared",Legumes,149.0,6.5,3.9,22.0,3.6,6.1,0.1,0.0,0.0,0.9,0.0,0.1,49.0,2.4,42.0,0.0,110.0,0.7,0.0,0.0,0.031,0.0,0.0,0
gardenburger original,"frozen, unprepared",Legumes,159.0,7.2,4.6,22.1,0.6,5.0,0.1,0.0,0.0,1.2,0.1,0.1,65.0,1.4,18.0,0.0,118.0,0.3,0.0,0.0,0.012,0.0,0.0,0
gardenburger flame grilled burger,"frozen, unprepared",Legumes,128.0,15.2,4.4,6.8,0.4,3.7,0.0,1.0,0.0,0.1,0.0,0.0,88.0,2.9,73.0,0.0,214.0,0.9,0.0,0.0,0.0,0.0,0.0,2
gardenburger savory portabella veggie burger,"frozen, unprepared",Legumes,142.0,5.9,3.3,22.1,1.2,7.1,0.1,0.0,0.0,1.0,0.1,0.1,67.0,0.7,28.0,0.0,98.0,0.4,0.0,0.0,0.021,0.0,0.0,0
gardenburger sun-dried tomato basil burger,"frozen, unprepared",Legumes,149.0,5.5,3.6,23.7,2.6,5.2,0.0,12.0,0.0,0.0,0.0,0.0,50.0,1.2,4.0,0.0,48.0,0.1,0.0,0.0,0.0,0.0,0.0,0
gardenburger veggie medley burger,"frozen, unprepared",Legumes,145.0,4.1,3.6,24.0,2.0,7.1,0.1,0.0,0.0,1.0,0.1,0.1,36.0,1.2,35.0,0.0,118.0,0.5,0.0,0.0,0.011,0.0,0.0,0
morningstar farms breakfast sausage patties maple flavored,"frozen, unprepared",Legumes,224.0,26.3,7.2,13.6,5.9,2.0,0.7,0.0,0.0,9.4,0.3,1.0,37.0,4.3,24.0,0.0,311.0,0.8,0.0,0.0066,0.003,0.0,0.0,2
morningstar farms chik'n grill veggie patties,"frozen, unprepared",Legumes,118.0,12.8,4.8,10.2,0.2,5.7,0.0,0.0,0.0,0.0,0.01,0.03,54.0,2.0,35.0,0.0,153.0,0.5,0.0,0.0,0.0,0.0,0.0,0
morningstar farms veggie italian style sausage,"frozen, unprepared",Legumes,187.0,17.5,8.69,6.81,1.0,2.0,0.1,1.0,0.0,0.69,0.21,0.17,39.0,1.7,21.0,0.0,97.0,1.0,0.0,0.0,0.024,0.0,0.0,2
morningstar farms bbq riblets,"frozen, unprepared",Legumes,165.0,11.4,2.3,24.6,17.2,4.3,0.0,2.0,0.0,0.0,0.0,0.0,84.0,2.0,70.0,0.0,196.0,0.9,0.0,0.0,0.0,0.0,0.0,0
worthington leanies,"frozen, unprepared",Legumes,251.0,19.5,16.5,6.1,1.2,3.8,0.5,0.0,0.0,2.0,0.3,0.6,73.0,1.8,0.0,0.0,206.0,0.8,0.0,0.0023,0.0,0.0,0.0,2
morningstar farms california turk'y burger,"frozen, unprepared",Legumes,155.0,14.9,7.7,12.6,1.8,7.6,0.02,0.0,0.0,0.2,0.1,0.04,80.0,2.5,39.0,0.0,162.0,0.5,0.0,0.0,0.0,0.0,0.0,0
morningstar farms hot and spicy veggie sausage patties,"frozen, unprepared",Legumes,188.0,21.8,7.4,8.5,0.2,2.3,0.5,3.0,0.0,5.3,0.3,0.8,40.0,3.8,26.0,0.0,232.0,0.9,0.0,0.0055,0.0,0.0,0.0,2
morningstar farms lasagna with veggie sausage,"frozen, unprepared",Legumes,107.0,7.1,2.3,14.4,1.7,2.3,0.2,1.0,0.0,2.1,0.1,0.2,88.0,1.3,4.0,0.0,75.0,0.3,0.0,0.0008,0.0,0.0,0.0,0
morningstar farms veggie sweet and sour chik'n,"frozen, unprepared",Legumes,119.0,5.0,2.29,20.42,4.19,1.3,0.1,6.3,0.0,0.89,0.01,0.07,14.0,0.6,2.0,0.8,75.0,0.69,0.0,0.0,0.005,0.0002,0.0,0
morningstar farms grillers quarter pound veggie burger,"frozen, unprepared",Legumes,221.0,22.8,10.5,8.9,0.6,2.5,0.8,28.0,0.0,10.8,0.3,1.2,79.0,4.9,18.0,0.0,124.0,1.1,0.0,0.0077,0.0,0.0,0.0,2
morningstar farms entree chili,"frozen, unprepared",Legumes,79.0,4.9,1.0,12.6,1.4,3.9,0.1,0.0,0.0,1.0,0.0,0.1,43.0,1.8,17.0,0.0,53.0,0.2,0.0,0.0002,0.0,0.0,0.0,0
morningstar farms bacon,"Egg & Cheese Biscuit, frozen, unprepared",Legumes,261.0,8.7,8.0,38.5,4.5,1.4,0.0,0.0,0.0,2.4,0.3,0.3,126.0,2.8,25.0,0.0,306.0,0.8,0.0,0.0001,0.0,0.0,0.0,0
morningstar farms sesame chik'n entree,"frozen, unprepared",Legumes,116.0,5.3,3.5,17.3,6.0,1.3,0.03,0.0,0.45,1.5,0.13,0.12,26.0,1.0,21.0,0.0,73.0,0.5,0.0,0.0,0.0,0.0,0.0,0
morningstar farms grillers chik'n veggie patties,"frozen, unprepared",Legumes,135.0,12.8,4.8,10.2,0.2,5.7,0.0,0.0,0.0,0.0,0.0,0.0,54.0,2.0,35.0,0.0,153.0,0.5,0.0,0.0,0.0,0.0,0.0,0
morningstar farms meal starters veggie meatballs,"frozen, unprepared",Legumes,163.0,17.7,5.8,9.9,1.1,3.6,0.2,0.0,0.0,11.2,0.6,0.0,51.0,2.2,33.0,0.0,151.0,1.1,0.0,0.0,0.003,0.0,0.0,2
morningstar farms breakfast biscuit sausage,"Egg & Cheese, frozen, unprepared",Legumes,260.0,9.3,8.1,37.5,4.0,1.5,0.1,0.0,0.0,3.2,0.3,0.4,117.0,3.0,218.0,0.0,294.0,0.8,0.0,0.0007,0.074,0.0,0.0,0
morningstar farms entree chik'n enchilada with rice,"frozen, unprepared",Legumes,102.0,4.6,2.6,17.3,2.1,2.1,0.12,0.0,0.0,1.2,0.05,0.09,69.0,1.0,27.0,0.0,91.0,0.6,0.0,0.0004,0.0,0.0,0.0,0
morningstar farms mediterranean chickpea,"frozen, unprepared",Legumes,200.0,15.5,6.5,19.8,1.1,10.1,0.1,0.0,0.0,0.4,0.2,0.1,94.0,1.7,18.0,0.0,85.0,0.5,0.0,0.0,0.028,0.0,0.0,3
morningstar farms buffalo chik patties,"frozen, unprepared",Legumes,264.0,12.1,12.8,25.2,3.0,5.1,0.2,0.0,0.0,2.8,0.1,0.3,57.0,3.3,31.0,0.0,97.0,0.4,0.0,0.0021,0.0,0.0,0.0,3
morningstar farms chik patties original,"frozen, unprepared",Legumes,202.0,11.8,7.0,22.9,2.0,3.0,0.2,0.0,0.0,4.2,0.1,0.3,41.0,2.5,0.0,0.0,126.0,0.5,0.0,0.0017,0.012,0.0,0.0,0
morningstar farms breakfast pattie,"frozen, unprepared",Legumes,205.0,22.1,8.19,10.61,1.5,4.3,0.0,0.0,0.0,0.0,0.0,0.0,45.0,3.5,0.0,0.0,0.0,0.0,0.0,0.0,0.0,0.0,0.0,2
morningstar farms roasted garlic & quinoa burger,"frozen, unprepared",Legumes,223.0,10.7,12.1,17.8,2.1,10.1,0.1,0.0,0.0,0.3,0.0,0.1,66.0,2.0,40.0,0.0,101.0,0.4,0.0,0.0,0.0,0.0,0.0,3
morningstar farms parmesan garlic wings,"frozen, unprepared",Legumes,231.0,14.2,8.6,24.1,1.3,3.1,0.1,0.0,0.0,3.5,0.1,0.4,82.0,3.5,34.0,0.0,107.0,0.5,0.0,0.0025,0.0,0.0,0.0,2
veal,"Australian, rib, rib roast, separable lean only, raw","Lamb, Veal, and Game Products",134.0,21.7,4.63,1.4,0.0,0.0,0.0,0.0,0.0,0.0,0.0,0.0,10.0,1.58,0.0,0.0,0.0,0.0,0.0,0.0,0.0,0.0,0.0,2
lamb,"domestic, composite of trimmed retail cuts, separable lean and fat, trimmed to 1/4"" fat, choice, raw","Lamb, Veal, and Game Products",267.0,16.88,21.59,0.0,0.0,0.0,0.13,0.0,0.21,6.1,0.22,0.12,12.0,1.57,22.0,0.019,160.0,3.33,0.0,0.00239,0.018,0.000104,0.0198,2
lamb,"domestic, composite of trimmed retail cuts, separable lean and fat, trimmed to 1/4"" fat, choice, cooked","Lamb, Veal, and Game Products",294.0,24.52,20.94,0.0,0.0,0.0,0.13,0.0,0.14,6.66,0.25,0.1,17.0,1.88,23.0,0.022,188.0,4.46,0.0,0.0025499999999999,0.018,0.0001189999999999,0.0264,2
lamb,"domestic, composite of trimmed retail cuts, separable lean only, trimmed to 1/4"" fat, choice, raw","Lamb, Veal, and Game Products",134.0,20.29,5.25,0.0,0.0,0.0,0.16,0.0,0.21,6.0,0.23,0.13,10.0,1.77,26.0,0.024,189.0,4.06,0.0,0.00262,0.023,0.0001199999999999,0.0233999999999999,2
lamb,"domestic, composite of trimmed retail cuts, separable lean only, trimmed to 1/4"" fat, choice, cooked","Lamb, Veal, and Game Products",206.0,28.22,9.52,0.0,0.0,0.0,0.16,0.0,0.19,6.32,0.28,0.1,15.0,2.05,26.0,0.028,210.0,5.27,0.0,0.00261,0.023,0.000128,0.0261,2
lamb,"domestic, composite of trimmed retail cuts, separable fat, trimmed to 1/4"" fat, choice, raw","Lamb, Veal, and Game Products",665.0,6.65,70.61,0.0,0.0,0.0,0.04,0.0,0.22,6.37,0.16,0.06,19.0,0.98,9.0,0.003,73.0,1.13,0.0,0.0016799999999999,0.003,5.7e-05,0.0088,4
lamb,"domestic, composite of trimmed retail cuts, separable fat, trimmed to 1/4"" fat, choice, cooked","Lamb, Veal, and Game Products",586.0,12.16,59.18,0.0,0.0,0.0,0.04,0.0,0.04,7.8,0.17,0.07,23.0,1.29,13.0,0.004,114.0,1.74,0.0,0.00235,0.003,8.8e-05,0.0188,4
lamb,"domestic, foreshank, separable lean and fat, trimmed to 1/4"" fat, choice, raw","Lamb, Veal, and Game Products",201.0,18.91,13.38,0.0,0.0,0.0,0.15,0.0,0.25,5.47,0.19,0.1,11.0,1.67,22.0,0.021,170.0,5.22,0.0,0.00234,0.019,0.000101,0.0198999999999999,2
lamb,"domestic, foreshank, separable lean and fat, trimmed to 1/4"" fat, choice, cooked, braised","Lamb, Veal, and Game Products",243.0,28.37,13.46,0.0,0.0,0.0,0.1,0.0,0.18,5.46,0.19,0.05,20.0,2.14,22.0,0.025,166.0,7.69,0.0,0.00228,0.017,0.000123,0.0306,2
lamb,"domestic, foreshank, separable lean only, trimmed to 1/4"" fat, choice, raw","Lamb, Veal, and Game Products",120.0,21.08,3.29,0.0,0.0,0.0,0.17,0.0,0.24,5.31,0.2,0.1,9.0,1.79,25.0,0.024,187.0,5.95,0.0,0.00245,0.022,0.0001089999999999,0.024,2
lamb,"domestic, foreshank, separable lean only, trimmed to 1/4"" fat, choice, cooked, braised","Lamb, Veal, and Game Products",187.0,31.01,6.02,0.0,0.0,0.0,0.11,0.0,0.2,5.07,0.19,0.04,20.0,2.27,23.0,0.028,175.0,8.66,0.0,0.00226,0.019,0.000129,0.0353,2
lamb,"domestic, leg, whole (shank and sirloin), separable lean and fat, trimmed to 1/4"" fat, choice, raw","Lamb, Veal, and Game Products",230.0,17.91,17.07,0.0,0.0,0.0,0.15,0.0,0.21,6.26,0.23,0.13,9.0,1.66,23.0,0.02,170.0,3.32,0.0,0.0025,0.019,0.000113,0.0207,2
lamb,"domestic, leg, whole (shank and sirloin), separable lean and fat, trimmed to 1/4"" fat, choice, cooked, roasted","Lamb, Veal, and Game Products",258.0,25.55,16.48,0.0,0.0,0.0,0.15,0.0,0.15,6.59,0.27,0.1,11.0,1.98,24.0,0.024,191.0,4.4,0.0,0.00259,0.02,0.000115,0.0272,2
lamb,"domestic, leg, whole (shank and sirloin), separable lean only, trimmed to 1/4"" fat, choice, raw","Lamb, Veal, and Game Products",128.0,20.56,4.51,0.0,0.0,0.0,0.17,0.0,0.22,6.23,0.25,0.14,6.0,1.82,27.0,0.024,193.0,3.84,0.0,0.0027,0.023,0.000126,0.0235,2
lamb,"domestic, leg, whole (shank and sirloin), separable lean only, trimmed to 1/4"" fat, choice, cooked, roasted","Lamb, Veal, and Game Products",191.0,28.3,7.74,0.0,0.0,0.0,0.17,0.0,0.18,6.34,0.29,0.11,8.0,2.12,26.0,0.028,206.0,4.94,0.0,0.00264,0.023,0.0001199999999999,0.0301,2
lamb,"domestic, leg, shank half, separable lean and fat, trimmed to 1/4"" fat, choice, raw","Lamb, Veal, and Game Products",201.0,18.58,13.49,0.0,0.0,0.0,0.15,0.0,0.21,6.22,0.23,0.13,8.0,1.71,24.0,0.021,178.0,3.5,0.0,0.0025099999999999,0.02,0.000115,0.0214,2
lamb,"domestic, leg, shank half, separable lean and fat, trimmed to 1/4"" fat, choice, cooked, roasted","Lamb, Veal, and Game Products",225.0,26.41,12.45,0.0,0.0,0.0,0.16,0.0,0.16,6.55,0.27,0.1,10.0,1.98,25.0,0.025,198.0,4.66,0.0,0.00267,0.022,0.000117,0.0294,2
lamb,"domestic, leg, shank half, separable lean only, trimmed to 1/4"" fat, choice, raw","Lamb, Veal, and Game Products",125.0,20.52,4.19,0.0,0.0,0.0,0.17,0.0,0.2,6.19,0.25,0.14,6.0,1.82,27.0,0.024,195.0,3.89,0.0,0.00264,0.023,0.000124,0.0233999999999999,2
lamb,"domestic, leg, shank half, separable lean only, trimmed to 1/4"" fat, choice, cooked, roasted","Lamb, Veal, and Game Products",180.0,28.17,6.67,0.0,0.0,0.0,0.17,0.0,0.18,6.39,0.28,0.11,8.0,2.06,26.0,0.028,208.0,5.02,0.0,0.00271,0.024,0.000121,0.0317,2
lamb,"domestic, leg, sirloin half, separable lean and fat, trimmed to 1/4"" fat, choice, raw","Lamb, Veal, and Game Products",272.0,16.94,22.11,0.0,0.0,0.0,0.14,0.0,0.22,6.34,0.23,0.12,10.0,1.61,22.0,0.019,159.0,3.08,0.0,0.00248,0.018,0.000112,0.0196,2
lamb,"domestic, leg, sirloin half, separable lean and fat, trimmed to 1/4"" fat, choice, cooked, roasted","Lamb, Veal, and Game Products",292.0,24.63,20.67,0.0,0.0,0.0,0.14,0.0,0.13,6.62,0.28,0.11,11.0,2.0,22.0,0.022,183.0,4.13,0.0,0.0025299999999999,0.017,0.000112,0.0255,2
lamb,"domestic, leg, sirloin half, separable lean only, trimmed to 1/4"" fat, choice, raw","Lamb, Veal, and Game Products",134.0,20.55,5.08,0.0,0.0,0.0,0.17,0.0,0.24,6.33,0.25,0.14,7.0,1.83,27.0,0.024,189.0,3.77,0.0,0.00276,0.024,0.000132,0.0233999999999999,2
lamb,"domestic, leg, sirloin half, separable lean only, trimmed to 1/4"" fat, choice, cooked, roasted","Lamb, Veal, and Game Products",204.0,28.35,9.17,0.0,0.0,0.0,0.17,0.0,0.17,6.27,0.31,0.12,8.0,2.2,25.0,0.028,203.0,4.85,0.0,0.00258,0.021,0.0001189999999999,0.0308,2
lamb,"domestic, loin, separable lean and fat, trimmed to 1/4"" fat, choice, raw","Lamb, Veal, and Game Products",310.0,16.32,26.63,0.0,0.0,0.0,0.13,0.0,0.18,6.47,0.21,0.11,15.0,1.61,21.0,0.018,152.0,2.53,0.0,0.00204,0.017,0.0001049999999999,0.0189,2
lamb,"domestic, loin, separable lean and fat, trimmed to 1/4"" fat, choice, cooked, broiled","Lamb, Veal, and Game Products",316.0,25.17,23.08,0.0,0.0,0.0,0.13,0.0,0.13,7.1,0.25,0.1,20.0,1.81,24.0,0.022,196.0,3.48,0.0,0.00247,0.018,0.00013,0.0273999999999999,2
lamb,"domestic, loin, separable lean and fat, trimmed to 1/4"" fat, choice, cooked, roasted","Lamb, Veal, and Game Products",309.0,22.55,23.59,0.0,0.0,0.0,0.11,0.0,0.11,7.1,0.24,0.1,18.0,2.12,23.0,0.02,180.0,3.41,0.0,0.00221,0.019,0.0001189999999999,0.0246,2
lamb,"domestic, loin, separable lean only, trimmed to 1/4"" fat, choice, raw","Lamb, Veal, and Game Products",143.0,20.88,5.94,0.0,0.0,0.0,0.17,0.0,0.19,6.51,0.23,0.13,12.0,1.91,27.0,0.024,190.0,3.19,0.0,0.00221,0.024,0.000128,0.0236,2
lamb,"domestic, loin, separable lean only, trimmed to 1/4"" fat, choice, cooked, broiled","Lamb, Veal, and Game Products",216.0,29.99,9.73,0.0,0.0,0.0,0.16,0.0,0.16,6.85,0.28,0.11,19.0,2.0,28.0,0.028,226.0,4.13,0.0,0.00252,0.024,0.000145,0.0327999999999999,2
lamb,"domestic, loin, separable lean only, trimmed to 1/4"" fat, choice, cooked, roasted","Lamb, Veal, and Game Products",202.0,26.59,9.76,0.0,0.0,0.0,0.16,0.0,0.16,6.83,0.27,0.1,17.0,2.44,27.0,0.026,206.0,4.06,0.0,0.00216,0.025,0.000132,0.0303,2
lamb,"domestic, rib, separable lean and fat, trimmed to 1/4"" fat, choice, raw","Lamb, Veal, and Game Products",372.0,14.52,34.39,0.0,0.0,0.0,0.11,0.0,0.18,6.09,0.19,0.1,15.0,1.39,18.0,0.016,137.0,2.71,0.0,0.00209,0.014,8.9e-05,0.0168,2
lamb,"domestic, rib, separable lean and fat, trimmed to 1/4"" fat, choice, cooked, broiled","Lamb, Veal, and Game Products",361.0,22.13,29.59,0.0,0.0,0.0,0.11,0.0,0.12,7.0,0.22,0.09,19.0,1.88,23.0,0.02,178.0,4.0,0.0,0.00254,0.014,0.000121,0.0238999999999999,2
lamb,"domestic, rib, separable lean and fat, trimmed to 1/4"" fat, choice, cooked, roasted","Lamb, Veal, and Game Products",359.0,21.12,29.82,0.0,0.0,0.0,0.11,0.0,0.1,6.75,0.21,0.09,22.0,1.6,20.0,0.019,166.0,3.49,0.0,0.0022299999999999,0.015,0.000115,0.0218,2
lamb,"domestic, rib, separable lean only, trimmed to 1/4"" fat, choice, raw","Lamb, Veal, and Game Products",169.0,19.98,9.23,0.0,0.0,0.0,0.16,0.0,0.19,5.89,0.2,0.12,12.0,1.67,25.0,0.024,181.0,3.8,0.0,0.0023799999999999,0.021,0.000111,0.0223,2
lamb,"domestic, rib, separable lean only, trimmed to 1/4"" fat, choice, cooked, broiled","Lamb, Veal, and Game Products",235.0,27.74,12.95,0.0,0.0,0.0,0.15,0.0,0.18,6.55,0.25,0.1,16.0,2.21,29.0,0.029,213.0,5.27,0.0,0.00264,0.021,0.000139,0.031,2
lamb,"domestic, rib, separable lean only, trimmed to 1/4"" fat, choice, cooked, roasted","Lamb, Veal, and Game Products",232.0,26.16,13.31,0.0,0.0,0.0,0.15,0.0,0.15,6.16,0.23,0.09,21.0,1.77,23.0,0.028,195.0,4.47,0.0,0.00216,0.022,0.000129,0.0269,2
lamb,"domestic, shoulder, whole (arm and blade), separable lean and fat, trimmed to 1/4"" fat, choice, raw","Lamb, Veal, and Game Products",264.0,16.58,21.45,0.0,0.0,0.0,0.13,0.0,0.22,5.66,0.21,0.11,16.0,1.5,21.0,0.019,158.0,3.94,0.0,0.0025299999999999,0.019,9.7e-05,0.0192,2
lamb,"domestic, shoulder, whole (arm and blade), separable lean and fat, trimmed to 1/4"" fat, choice, cooked, braised","Lamb, Veal, and Game Products",344.0,28.68,24.55,0.0,0.0,0.0,0.1,0.0,0.16,6.33,0.22,0.07,25.0,2.4,24.0,0.026,186.0,6.37,0.0,0.0028,0.017,0.000123,0.033,2
lamb,"domestic, shoulder, whole (arm and blade), separable lean and fat, trimmed to 1/4"" fat, choice, cooked, broiled","Lamb, Veal, and Game Products",278.0,24.42,19.26,0.0,0.0,0.0,0.12,0.0,0.16,6.45,0.26,0.09,21.0,2.03,26.0,0.024,198.0,5.72,0.0,0.00297,0.019,0.000128,0.0273999999999999,2
lamb,"domestic, shoulder, whole (arm and blade), separable lean and fat, trimmed to 1/4"" fat, choice, cooked, roasted","Lamb, Veal, and Game Products",276.0,22.51,19.97,0.0,0.0,0.0,0.13,0.0,0.14,6.15,0.24,0.09,20.0,1.97,23.0,0.022,184.0,5.23,0.0,0.00264,0.021,0.000108,0.0261999999999999,2
lamb,"domestic, shoulder, whole (arm and blade), separable lean only, trimmed to 1/4"" fat, choice, raw","Lamb, Veal, and Game Products",144.0,19.55,6.76,0.0,0.0,0.0,0.16,0.0,0.22,5.45,0.22,0.12,15.0,1.66,24.0,0.024,184.0,4.77,0.0,0.00278,0.023,0.0001089999999999,0.0222,2
lamb,"domestic, shoulder, whole (arm and blade), separable lean only, trimmed to 1/4"" fat, choice, cooked, braised","Lamb, Veal, and Game Products",283.0,32.81,15.89,0.0,0.0,0.0,0.12,0.0,0.2,5.96,0.23,0.06,26.0,2.67,27.0,0.032,204.0,7.52,0.0,0.00291,0.021,0.000132,0.037,2
lamb,"domestic, shoulder, whole (arm and blade), separable lean only, trimmed to 1/4"" fat, choice, cooked, broiled","Lamb, Veal, and Game Products",210.0,27.12,10.5,0.0,0.0,0.0,0.14,0.0,0.2,6.15,0.28,0.1,21.0,2.19,29.0,0.028,217.0,6.6,0.0,0.00311,0.023,0.000137,0.0313,2
lamb,"domestic, shoulder, whole (arm and blade), separable lean only, trimmed to 1/4"" fat, choice, cooked, roasted","Lamb, Veal, and Game Products",204.0,24.94,10.77,0.0,0.0,0.0,0.15,0.0,0.18,5.76,0.26,0.09,19.0,2.13,25.0,0.026,200.0,6.04,0.0,0.0027,0.025,0.000113,0.0285,2
lamb,"domestic, shoulder, arm, separable lean and fat, trimmed to 1/4"" fat, choice, raw","Lamb, Veal, and Game Products",260.0,16.79,20.9,0.0,0.0,0.0,0.13,0.0,0.21,6.09,0.22,0.11,14.0,1.56,21.0,0.019,159.0,3.43,0.0,0.00244,0.019,0.000102,0.0193,2
lamb,"domestic, shoulder, arm, separable lean and fat, trimmed to 1/4"" fat, choice, cooked, braised","Lamb, Veal, and Game Products",346.0,30.39,24.0,0.0,0.0,0.0,0.11,0.0,0.15,6.66,0.25,0.07,25.0,2.39,26.0,0.023,206.0,6.08,0.0,0.00258,0.018,0.000139,0.0372,2
lamb,"domestic, shoulder, arm, separable lean and fat, trimmed to 1/4"" fat, choice, cooked, broiled","Lamb, Veal, and Game Products",281.0,24.44,19.55,0.0,0.0,0.0,0.12,0.0,0.13,7.02,0.27,0.1,18.0,2.09,26.0,0.023,197.0,4.89,0.0,0.0028599999999999,0.018,0.000133,0.0276,2
lamb,"domestic, shoulder, arm, separable lean and fat, trimmed to 1/4"" fat, choice, cooked, roasted","Lamb, Veal, and Game Products",279.0,22.53,20.24,0.0,0.0,0.0,0.12,0.0,0.14,6.66,0.25,0.09,18.0,2.03,23.0,0.021,183.0,4.48,0.0,0.0025499999999999,0.02,0.000113,0.0254,2
lamb,"domestic, shoulder, arm, separable lean only, trimmed to 1/4"" fat, choice, raw","Lamb, Veal, and Game Products",132.0,19.99,5.2,0.0,0.0,0.0,0.15,0.0,0.22,6.0,0.23,0.12,12.0,1.74,25.0,0.024,186.0,4.15,0.0,0.00267,0.024,0.000116,0.0226999999999999,2
lamb,"domestic, shoulder, arm, separable lean only, trimmed to 1/4"" fat, choice, cooked, braised","Lamb, Veal, and Game Products",279.0,35.54,14.08,0.0,0.0,0.0,0.13,0.0,0.18,6.33,0.27,0.07,26.0,2.7,29.0,0.028,232.0,7.3,0.0,0.00265,0.022,0.000154,0.0378,2
lamb,"domestic, shoulder, arm, separable lean only, trimmed to 1/4"" fat, choice, cooked, broiled","Lamb, Veal, and Game Products",200.0,27.71,9.02,0.0,0.0,0.0,0.14,0.0,0.2,6.81,0.29,0.1,17.0,2.31,30.0,0.028,219.0,5.73,0.0,0.003,0.023,0.000145,0.0315,2
lamb,"domestic, shoulder, arm, separable lean only, trimmed to 1/4"" fat, choice, cooked, roasted","Lamb, Veal, and Game Products",192.0,25.46,9.26,0.0,0.0,0.0,0.14,0.0,0.17,6.34,0.27,0.1,16.0,2.23,26.0,0.026,202.0,5.25,0.0,0.00261,0.025,0.0001199999999999,0.0291,2
lamb,"domestic, shoulder, blade, separable lean and fat, trimmed to 1/4"" fat, choice, raw","Lamb, Veal, and Game Products",259.0,16.63,20.86,0.0,0.0,0.0,0.14,0.0,0.22,5.43,0.2,0.11,17.0,1.48,21.0,0.02,160.0,4.28,0.0,0.00259,0.019,9.6e-05,0.0192,2
lamb,"domestic, shoulder, blade, separable lean and fat, trimmed to 1/4"" fat, choice, cooked, braised","Lamb, Veal, and Game Products",345.0,28.51,24.73,0.0,0.0,0.0,0.11,0.0,0.16,6.04,0.21,0.06,27.0,2.35,24.0,0.027,185.0,6.86,0.0,0.00283,0.018,0.000121,0.0331,2
lamb,"domestic, shoulder, blade, separable lean and fat, trimmed to 1/4"" fat, choice, cooked, broiled","Lamb, Veal, and Game Products",278.0,23.08,19.94,0.0,0.0,0.0,0.15,0.0,0.15,6.38,0.25,0.09,24.0,1.72,24.0,0.024,198.0,5.62,0.0,0.00273,0.018,0.000122,0.0273999999999999,2
lamb,"domestic, shoulder, blade, separable lean and fat, trimmed to 1/4"" fat, choice, cooked, roasted","Lamb, Veal, and Game Products",281.0,22.25,20.61,0.0,0.0,0.0,0.11,0.0,0.14,5.91,0.23,0.09,21.0,1.92,22.0,0.022,183.0,5.58,0.0,0.00267,0.021,0.000106,0.0252,2
lamb,"domestic, shoulder, blade, separable lean only, trimmed to 1/4"" fat, choice, raw","Lamb, Veal, and Game Products",151.0,19.29,7.63,0.0,0.0,0.0,0.16,0.0,0.22,5.19,0.22,0.12,16.0,1.62,24.0,0.024,183.0,5.11,0.0,0.00283,0.023,0.000107,0.022,2
lamb,"domestic, shoulder, blade, separable lean only, trimmed to 1/4"" fat, choice, cooked, braised","Lamb, Veal, and Game Products",288.0,32.35,16.64,0.0,0.0,0.0,0.12,0.0,0.2,5.63,0.22,0.06,28.0,2.6,26.0,0.032,202.0,8.06,0.0,0.00294,0.021,0.000128,0.0366,2
lamb,"domestic, shoulder, blade, separable lean only, trimmed to 1/4"" fat, choice, cooked, broiled","Lamb, Veal, and Game Products",211.0,25.48,11.32,0.0,0.0,0.0,0.17,0.0,0.17,6.07,0.26,0.1,24.0,1.81,26.0,0.028,216.0,6.48,0.0,0.00281,0.021,0.000129,0.0308999999999999,2
lamb,"domestic, shoulder, blade, separable lean only, trimmed to 1/4"" fat, choice, cooked, roasted","Lamb, Veal, and Game Products",209.0,24.61,11.57,0.0,0.0,0.0,0.15,0.0,0.17,5.47,0.25,0.09,21.0,2.07,25.0,0.026,199.0,6.48,0.0,0.00274,0.025,0.00011,0.0281,2
lamb,"domestic, cubed for stew or kabob (leg and shoulder), separable lean only, trimmed to 1/4"" fat, raw","Lamb, Veal, and Game Products",134.0,20.21,5.28,0.0,0.0,0.0,0.16,0.0,0.22,5.95,0.24,0.13,9.0,1.77,26.0,0.024,189.0,4.15,0.0,0.00273,0.023,0.000121,0.0228,2
lamb,"domestic, cubed for stew or kabob (leg and shoulder), separable lean only, trimmed to 1/4"" fat, cooked, braised","Lamb, Veal, and Game Products",223.0,33.69,8.8,0.0,0.0,0.0,0.12,0.0,0.2,5.95,0.24,0.07,15.0,2.8,28.0,0.032,205.0,6.58,0.0,0.00273,0.021,0.0001409999999999,0.0381,2
lamb,"domestic, cubed for stew or kabob (leg and shoulder), separable lean only, trimmed to 1/4"" fat, cooked, broiled","Lamb, Veal, and Game Products",186.0,28.08,7.33,0.0,0.0,0.0,0.14,0.0,0.2,6.61,0.3,0.11,13.0,2.34,31.0,0.029,224.0,5.77,0.0,0.0030299999999999,0.023,0.0001509999999999,0.0317,2
lamb,"New Zealand, imported, frozen, composite of trimmed retail cuts, separable lean and fat, raw","Lamb, Veal, and Game Products",277.0,16.74,22.74,0.0,0.0,0.0,0.11,0.0,0.21,6.55,0.32,0.13,13.0,1.49,15.0,0.018,168.0,2.39,0.0,0.00242,0.001,8.3e-05,0.0013,2
lamb,"New Zealand, imported, frozen, composite of trimmed retail cuts, separable lean and fat, cooked","Lamb, Veal, and Game Products",305.0,24.42,22.26,0.0,0.0,0.0,0.12,0.0,0.14,7.77,0.41,0.12,17.0,2.1,19.0,0.023,217.0,3.49,0.0,0.00281,0.001,0.0001,0.002,2
lamb,"New Zealand, imported, frozen, composite of trimmed retail cuts, separable lean only, raw","Lamb, Veal, and Game Products",128.0,20.75,4.41,0.0,0.0,0.0,0.14,0.0,0.21,6.54,0.39,0.15,8.0,1.64,19.0,0.024,202.0,3.01,0.0,0.00271,0.0,9.9e-05,0.0015,2
lamb,"New Zealand, imported, frozen, composite of trimmed retail cuts, separable lean only, cooked","Lamb, Veal, and Game Products",206.0,29.59,8.86,0.0,0.0,0.0,0.14,0.0,0.19,7.68,0.5,0.13,13.0,2.35,22.0,0.029,246.0,4.3,0.0,0.00295,0.0,0.000114,0.002,2
lamb,"New Zealand, imported, frozen, composite of trimmed retail cuts, separable fat, raw","Lamb, Veal, and Game Products",640.0,6.92,67.63,0.0,0.0,0.0,0.03,0.0,0.22,6.56,0.17,0.07,23.0,1.14,6.0,0.003,86.0,0.85,0.0,0.00173,0.003,4.5e-05,0.0009,4
lamb,"New Zealand, imported, frozen, composite of trimmed retail cuts, separable fat, cooked","Lamb, Veal, and Game Products",586.0,9.72,60.39,0.0,0.0,0.0,0.03,0.0,0.04,8.03,0.18,0.08,27.0,1.39,11.0,0.004,135.0,1.17,0.0,0.00242,0.003,5.9e-05,0.0018,4
lamb,"New Zealand, imported, fore-shank, separable lean and fat, raw","Lamb, Veal, and Game Products",183.0,20.09,11.38,0.09,0.0,0.0,0.094,0.0,0.27,4.094,0.096,0.1,7.0,1.28,19.0,0.008,157.0,3.88,0.008,0.0020099999999999,0.0,7.9e-05,0.0064,2
lamb,"New Zealand, imported, fore-shank, separable lean and fat, cooked, braised","Lamb, Veal, and Game Products",256.0,30.35,14.99,0.03,0.0,0.0,0.075,0.0,0.49,3.826,0.14,0.051,11.0,2.11,21.0,0.009,165.0,6.45,0.008,0.00128,0.0,0.000125,0.0091,2
lamb,"New Zealand, imported, fore-shank, separable lean only, raw","Lamb, Veal, and Game Products",122.0,22.05,3.77,0.0,0.0,0.0,0.101,0.0,0.18,4.465,0.103,0.101,7.0,1.37,20.0,0.009,170.0,4.28,0.003,0.00221,0.0,8.599999999999999e-05,0.007,2
lamb,"New Zealand, imported, fore-shank, separable lean only, cooked, braised","Lamb, Veal, and Game Products",209.0,33.31,8.4,0.0,0.0,0.0,0.077,0.0,0.43,4.103,0.148,0.043,11.0,2.24,23.0,0.01,173.0,7.09,0.003,0.00136,0.0,0.000136,0.0099,2
lamb,"New Zealand, imported, leg chop/steak, bone-in, separable lean and fat, raw","Lamb, Veal, and Game Products",206.0,18.64,14.52,0.13,0.0,0.0,0.123,0.0,0.26,4.635,0.153,0.163,10.0,1.49,21.0,0.007,177.0,2.8,0.009,0.00146,0.0,0.0001049999999999,0.003,2
lamb,"New Zealand, imported, frozen, leg, whole (shank and sirloin), separable lean and fat, cooked, roasted","Lamb, Veal, and Game Products",246.0,24.81,15.56,0.0,0.0,0.0,0.13,0.0,0.15,7.59,0.45,0.12,10.0,2.1,20.0,0.023,218.0,3.58,0.0,0.0026,0.001,0.000103,0.004,2
lamb,"New Zealand, imported, leg chop/steak, bone-in, separable lean only, raw","Lamb, Veal, and Game Products",126.0,21.1,4.64,0.0,0.0,0.0,0.137,0.0,0.14,5.241,0.173,0.175,11.0,1.64,24.0,0.008,198.0,3.16,0.003,0.00164,0.0,0.0001189999999999,0.0032,2
lamb,"New Zealand, imported, frozen, leg, whole (shank and sirloin), separable lean only, cooked, roasted","Lamb, Veal, and Game Products",181.0,27.68,7.01,0.0,0.0,0.0,0.14,0.0,0.18,7.51,0.5,0.12,7.0,2.24,21.0,0.027,234.0,4.04,0.0,0.00263,0.0,0.000111,0.0042,2
lamb,"New Zealand, imported, loin chop, separable lean and fat, raw","Lamb, Veal, and Game Products",298.0,15.4,26.19,0.22,0.0,0.0,0.125,0.0,0.47,4.152,0.12,0.111,14.0,1.24,18.0,0.007,149.0,2.08,0.016,0.00147,0.0,8.8e-05,0.0044,2
lamb,"New Zealand, imported, frozen, loin, separable lean and fat, cooked, broiled","Lamb, Veal, and Game Products",315.0,23.43,23.88,0.0,0.0,0.0,0.11,0.0,0.13,7.93,0.36,0.12,23.0,2.05,19.0,0.021,208.0,2.65,0.0,0.0025299999999999,0.001,0.0001089999999999,0.002,2
lamb,"New Zealand, imported, loin chop, separable lean only, raw","Lamb, Veal, and Game Products",142.0,19.98,6.88,0.0,0.0,0.0,0.16,0.0,0.22,5.397,0.154,0.119,18.0,1.52,23.0,0.009,189.0,2.69,0.005,0.0019,0.0,0.000116,0.0055,2
lamb,"New Zealand, imported, frozen, loin, separable lean only, cooked, broiled","Lamb, Veal, and Game Products",199.0,29.31,8.24,0.0,0.0,0.0,0.14,0.0,0.16,7.89,0.43,0.13,21.0,2.34,22.0,0.028,240.0,3.29,0.0,0.00258,0.0,0.00013,0.002,2
lamb,"New Zealand, imported, rack - partly frenched, separable lean and fat, raw","Lamb, Veal, and Game Products",240.0,18.12,18.52,0.13,0.0,0.0,0.159,0.0,0.4,5.032,0.167,0.084,10.0,1.3,20.0,0.008,165.0,2.34,0.011,0.00112,0.0,9.8e-05,0.0033,2
lamb,"New Zealand, imported, rack - partly frenched, separable lean and fat, cooked, fast roasted","Lamb, Veal, and Game Products",253.0,22.06,18.29,0.04,0.0,0.0,0.156,0.0,0.45,6.019,0.186,0.067,20.0,1.57,22.0,0.01,195.0,2.69,0.01,0.00117,0.0,0.000108,0.004,2
lamb,"New Zealand, imported, rack - partly frenched, separable lean only, raw","Lamb, Veal, and Game Products",160.0,20.65,8.61,0.0,0.0,0.0,0.181,0.0,0.28,5.749,0.191,0.083,12.0,1.43,22.0,0.009,185.0,2.66,0.005,0.00125,0.0,0.000112,0.0036,2
lamb,"New Zealand, imported, rack - partly frenched, separable lean only, cooked, fast roasted","Lamb, Veal, and Game Products",193.0,24.43,10.63,0.0,0.0,0.0,0.17,0.0,0.37,6.705,0.202,0.06,22.0,1.65,24.0,0.01,209.0,2.89,0.004,0.00124,0.0,0.0001199999999999,0.0043,2
lamb,"New Zealand, imported, square-cut shoulder, separable lean and fat, raw","Lamb, Veal, and Game Products",272.0,16.16,22.89,0.24,0.0,0.0,0.118,0.0,0.53,2.916,0.134,0.098,10.0,1.01,17.0,0.007,147.0,2.91,0.014,0.00186,0.0,7.6e-05,0.0045,2
lamb,"New Zealand, imported, frozen, shoulder, whole (arm and blade), separable lean and fat, cooked, braised","Lamb, Veal, and Game Products",357.0,28.21,26.27,0.0,0.0,0.0,0.07,0.0,0.0,6.37,0.32,0.08,27.0,2.11,18.0,0.025,196.0,4.53,0.0,0.0034,0.001,0.000103,0.0045,2
lamb,"New Zealand, imported, square-cut shoulder, separable lean only, raw","Lamb, Veal, and Game Products",154.0,19.72,8.3,0.0,0.0,0.0,0.14,0.0,0.4,3.463,0.164,0.099,12.0,1.12,20.0,0.008,175.0,3.57,0.004,0.0023,0.0,9.2e-05,0.0053,2
lamb,"New Zealand, imported, frozen, shoulder, whole (arm and blade), separable lean only, cooked, braised","Lamb, Veal, and Game Products",285.0,34.06,15.5,0.0,0.0,0.0,0.08,0.0,0.0,5.85,0.36,0.08,27.0,2.34,20.0,0.032,215.0,5.6,0.0,0.0037099999999999,0.0,0.000116,0.0053,2
veal,"composite of trimmed retail cuts, separable lean and fat, raw","Lamb, Veal, and Game Products",144.0,19.35,6.77,0.0,0.0,0.0,0.41,0.0,0.26,7.5,0.27,0.08,15.0,0.83,24.0,0.028,203.0,3.06,0.0,0.00134,0.013,0.0001089999999999,0.0084,2
veal,"composite of trimmed retail cuts, separable lean and fat, cooked","Lamb, Veal, and Game Products",231.0,30.1,11.39,0.0,0.0,0.0,0.31,0.0,0.4,7.97,0.32,0.06,22.0,1.15,26.0,0.036,239.0,4.76,0.0,0.00157,0.015,0.000114,0.0123,2
veal,"composite of trimmed retail cuts, separable lean only, raw","Lamb, Veal, and Game Products",112.0,20.2,2.87,0.0,0.0,0.0,0.43,0.0,0.26,7.83,0.28,0.08,15.0,0.85,25.0,0.029,211.0,3.23,0.0,0.0014,0.013,0.000113,0.0086,2
veal,"composite of trimmed retail cuts, separable lean only, cooked","Lamb, Veal, and Game Products",196.0,31.9,6.58,0.0,0.0,0.0,0.33,0.0,0.42,8.42,0.34,0.06,24.0,1.16,28.0,0.038,250.0,5.1,0.0,0.00165,0.016,0.0001199999999999,0.013,2
veal,"composite of trimmed retail cuts, separable fat, raw","Lamb, Veal, and Game Products",638.0,6.02,67.83,0.0,0.0,0.0,0.15,0.0,0.31,2.37,0.08,0.02,7.0,0.6,5.0,0.01,73.0,0.54,0.0,0.00043,0.004,3.9e-05,0.0055,4
veal,"composite of trimmed retail cuts, separable fat, cooked","Lamb, Veal, and Game Products",642.0,9.42,66.74,0.0,0.0,0.0,0.11,0.0,0.25,2.79,0.12,0.02,4.0,1.0,10.0,0.012,116.0,0.87,0.0,0.00055,0.005,4.4e-05,0.0055,4
veal,"leg (top round), separable lean and fat, raw","Lamb, Veal, and Game Products",117.0,20.98,3.08,0.0,0.0,0.0,0.46,0.0,0.3,9.42,0.27,0.08,5.0,0.79,26.0,0.029,220.0,2.3,0.0,0.00104,0.014,0.000108,0.009,2
veal,"leg (top round), separable lean and fat, cooked, braised","Lamb, Veal, and Game Products",211.0,36.16,6.33,0.0,0.0,0.0,0.36,0.0,0.49,10.56,0.35,0.06,8.0,1.32,29.0,0.039,249.0,3.96,0.0,0.00117,0.018,0.00014,0.0154,2
veal,"leg (top round), separable lean and fat, cooked, pan-fried, breaded","Lamb, Veal, and Game Products",238.0,27.29,9.18,9.91,0.57,0.3,0.4,0.0,0.53,10.34,0.35,0.16,39.0,1.64,31.0,0.135,250.0,2.75,0.01,0.00124,0.033,7.3e-05,0.0165,2
veal,"leg (top round), separable lean and fat, cooked, pan-fried, not breaded","Lamb, Veal, and Game Products",211.0,31.75,8.35,0.0,0.0,0.0,0.49,0.0,0.42,12.05,0.35,0.07,6.0,0.88,31.0,0.031,279.0,3.23,0.0,0.00145,0.015,6.2e-05,0.0134,2
veal,"leg (top round), separable lean and fat, cooked, roasted","Lamb, Veal, and Game Products",160.0,27.7,4.65,0.0,0.0,0.0,0.31,0.0,0.49,9.93,0.32,0.06,6.0,0.91,28.0,0.03,234.0,3.04,0.0,0.00117,0.016,0.000129,0.0112,2
veal,"leg (top round), separable lean only, raw","Lamb, Veal, and Game Products",107.0,21.28,1.76,0.0,0.0,0.0,0.47,0.0,0.29,9.56,0.28,0.08,5.0,0.8,27.0,0.029,223.0,2.34,0.0,0.00105,0.014,0.00011,0.0091,2
veal,"leg (top round), separable lean only, cooked, braised","Lamb, Veal, and Game Products",203.0,36.71,5.09,0.0,0.0,0.0,0.37,0.0,0.5,10.72,0.36,0.06,9.0,1.32,30.0,0.04,252.0,4.03,0.0,0.0011899999999999,0.018,0.0001419999999999,0.0156,2
veal,"leg (top round), separable lean only, cooked, pan-fried, breaded","Lamb, Veal, and Game Products",216.0,28.41,6.27,9.84,0.57,0.2,0.42,0.0,0.53,10.8,0.36,0.16,39.0,1.64,32.0,0.137,258.0,2.87,0.01,0.00128,0.034,7.4e-05,0.0135,2
veal,"leg (top round), separable lean only, cooked, pan-fried, not breaded","Lamb, Veal, and Game Products",183.0,33.17,4.62,0.0,0.0,0.0,0.51,0.0,0.42,12.64,0.37,0.07,7.0,0.87,32.0,0.032,290.0,3.38,0.0,0.00151,0.016,6.3e-05,0.0104,2
veal,"leg (top round), separable lean only, cooked, roasted","Lamb, Veal, and Game Products",150.0,28.07,3.39,0.0,0.0,0.0,0.31,0.0,0.55,10.08,0.33,0.06,6.0,0.9,28.0,0.031,236.0,3.08,0.0,0.0011799999999999,0.016,0.00013,0.0119,2
veal,"loin, separable lean and fat, raw","Lamb, Veal, and Game Products",177.0,20.07,10.07,0.07,0.0,0.0,0.604,0.0,0.3,6.617,0.28,0.078,14.0,0.84,43.0,0.013,222.0,2.01,0.0,0.00246,0.003,8.2e-05,0.0162,2
veal,"loin, separable lean and fat, cooked, braised","Lamb, Veal, and Game Products",284.0,30.19,17.21,0.0,0.0,0.0,0.26,0.0,0.4,9.03,0.3,0.04,28.0,1.09,24.0,0.034,220.0,3.63,0.0,0.00121,0.014,9.1e-05,0.0132,2
veal,"loin, separable lean and fat, cooked, roasted","Lamb, Veal, and Game Products",217.0,24.8,12.32,0.0,0.0,0.0,0.34,0.0,0.44,8.86,0.28,0.05,19.0,0.87,25.0,0.029,212.0,3.03,0.0,0.00124,0.015,0.00011,0.011,2
veal,"loin, separable lean only, raw","Lamb, Veal, and Game Products",114.0,21.85,2.9,0.0,0.0,0.0,0.683,0.0,0.27,7.25,0.31,0.086,11.0,0.85,47.0,0.014,237.0,2.15,0.0,0.00265,0.003,8.8e-05,0.018,2
veal,"loin, separable lean only, cooked, braised","Lamb, Veal, and Game Products",226.0,33.57,9.15,0.0,0.0,0.0,0.28,0.0,0.42,10.05,0.34,0.05,32.0,1.1,27.0,0.038,237.0,4.09,0.0,0.00132,0.015,9.9e-05,0.0144,2
veal,"loin, separable lean only, cooked, roasted","Lamb, Veal, and Game Products",175.0,26.32,6.94,0.0,0.0,0.0,0.37,0.0,0.49,9.46,0.3,0.06,21.0,0.85,26.0,0.03,222.0,3.24,0.0,0.00131,0.016,0.000117,0.0116,2
veal,"rib, separable lean and fat, raw","Lamb, Veal, and Game Products",162.0,18.86,9.01,0.0,0.0,0.0,0.42,0.0,0.21,6.68,0.23,0.07,13.0,0.86,22.0,0.027,184.0,3.24,0.0,0.00129,0.012,0.000102,0.0081999999999999,2
veal,"rib, separable lean and fat, cooked, braised","Lamb, Veal, and Game Products",251.0,32.43,12.53,0.0,0.0,0.0,0.32,0.0,0.34,7.5,0.29,0.05,22.0,1.41,25.0,0.038,210.0,5.57,0.0,0.00145,0.016,0.000132,0.0139,2
veal,"rib, separable lean and fat, cooked, roasted","Lamb, Veal, and Game Products",228.0,23.96,13.96,0.0,0.0,0.0,0.25,0.0,0.35,6.98,0.27,0.05,11.0,0.97,22.0,0.03,197.0,4.09,0.0,0.00146,0.013,9.9e-05,0.0105,2
veal,"rib, separable lean only, raw","Lamb, Veal, and Game Products",120.0,19.97,3.89,0.0,0.0,0.0,0.44,0.0,0.21,7.05,0.24,0.07,14.0,0.88,23.0,0.029,194.0,3.47,0.0,0.00136,0.013,0.000108,0.0085,2
veal,"rib, separable lean only, cooked, braised","Lamb, Veal, and Game Products",218.0,34.44,7.81,0.0,0.0,0.0,0.34,0.0,0.35,7.91,0.31,0.06,24.0,1.45,26.0,0.04,218.0,5.98,0.0,0.00153,0.016,0.00014,0.0146,2
veal,"rib, separable lean only, cooked, roasted","Lamb, Veal, and Game Products",177.0,25.76,7.44,0.0,0.0,0.0,0.27,0.0,0.36,7.5,0.29,0.06,12.0,0.96,24.0,0.032,207.0,4.49,0.0,0.00158,0.014,0.000106,0.0111,2
veal,"shoulder, whole (arm and blade), separable lean and fat, raw","Lamb, Veal, and Game Products",130.0,19.27,5.28,0.0,0.0,0.0,0.39,0.0,0.27,6.19,0.29,0.09,22.0,0.91,23.0,0.028,203.0,3.93,0.0,0.0016699999999999,0.012,0.0001189999999999,0.0081,2
veal,"shoulder, whole (arm and blade), separable lean and fat, cooked, braised","Lamb, Veal, and Game Products",228.0,32.06,10.14,0.0,0.0,0.0,0.25,0.0,0.42,6.42,0.34,0.06,35.0,1.42,27.0,0.036,250.0,6.59,0.0,0.00184,0.015,0.0001509999999999,0.0141999999999999,2
veal,"shoulder, whole (arm and blade), separable lean and fat, cooked, roasted","Lamb, Veal, and Game Products",184.0,25.32,8.42,0.0,0.0,0.0,0.26,0.0,0.46,6.33,0.34,0.07,27.0,1.03,25.0,0.03,215.0,5.12,0.0,0.00182,0.012,0.000139,0.0107,2
veal,"shoulder, whole (arm and blade), separable lean only, raw","Lamb, Veal, and Game Products",112.0,19.79,3.0,0.0,0.0,0.0,0.4,0.0,0.26,6.15,0.29,0.09,22.0,0.9,24.0,0.029,208.0,4.06,0.0,0.0016799999999999,0.011,0.000121,0.0083,2
veal,"shoulder, whole (arm and blade), separable lean only, cooked, braised","Lamb, Veal, and Game Products",199.0,33.68,6.1,0.0,0.0,0.0,0.26,0.0,0.45,6.68,0.35,0.06,37.0,1.45,28.0,0.038,260.0,7.0,0.0,0.0019399999999999,0.016,0.000159,0.0147,2
veal,"shoulder, whole (arm and blade), separable lean only, cooked, roasted","Lamb, Veal, and Game Products",170.0,25.81,6.62,0.0,0.0,0.0,0.26,0.0,0.5,6.44,0.34,0.07,27.0,1.03,25.0,0.03,218.0,5.25,0.0,0.00186,0.013,0.0001419999999999,0.0109,2
veal,"shoulder, arm, separable lean and fat, raw","Lamb, Veal, and Game Products",132.0,19.34,5.44,0.0,0.0,0.0,0.44,0.0,0.27,7.63,0.27,0.08,21.0,1.0,25.0,0.028,208.0,3.2,0.0,0.00137,0.015,0.0001199999999999,0.0084,2
veal,"shoulder, arm, separable lean and fat, cooked, braised","Lamb, Veal, and Game Products",236.0,33.63,10.24,0.0,0.0,0.0,0.29,0.0,0.46,10.08,0.31,0.06,28.0,1.38,29.0,0.036,263.0,5.81,0.0,0.00172,0.018,0.000128,0.0145,2
veal,"shoulder, arm, separable lean and fat, cooked, roasted","Lamb, Veal, and Game Products",183.0,25.46,8.25,0.0,0.0,0.0,0.29,0.0,0.46,8.02,0.32,0.06,26.0,1.15,26.0,0.03,221.0,4.18,0.0,0.00153,0.017,0.0001409999999999,0.0111,2
veal,"shoulder, arm, separable lean only, raw","Lamb, Veal, and Game Products",105.0,20.04,2.16,0.0,0.0,0.0,0.46,0.0,0.27,7.91,0.28,0.08,22.0,1.02,26.0,0.029,215.0,3.34,0.0,0.0014199999999999,0.016,0.000124,0.0086,2
veal,"shoulder, arm, separable lean only, cooked, braised","Lamb, Veal, and Game Products",201.0,35.73,5.33,0.0,0.0,0.0,0.3,0.0,0.47,10.71,0.33,0.06,30.0,1.41,30.0,0.038,276.0,6.24,0.0,0.00182,0.019,0.000135,0.0153,2
veal,"shoulder, arm, separable lean only, cooked, roasted","Lamb, Veal, and Game Products",164.0,26.13,5.81,0.0,0.0,0.0,0.3,0.0,0.5,8.24,0.33,0.07,27.0,1.16,27.0,0.03,226.0,4.32,0.0,0.00157,0.017,0.000146,0.0113,2
veal,"shoulder, blade chop, separable lean and fat, raw","Lamb, Veal, and Game Products",148.0,18.72,7.61,0.03,0.0,0.0,0.437,0.0,0.3,4.491,0.397,0.101,23.0,1.22,32.0,0.012,202.0,3.18,0.0,0.00273,0.003,8e-05,0.0149,2
veal,"shoulder, blade, separable lean and fat, cooked, braised","Lamb, Veal, and Game Products",225.0,31.26,10.09,0.0,0.0,0.0,0.24,0.0,0.44,5.5,0.35,0.06,38.0,1.44,26.0,0.036,244.0,7.0,0.0,0.0019299999999999,0.015,0.000164,0.014,2
veal,"shoulder, blade, separable lean and fat, cooked, roasted","Lamb, Veal, and Game Products",186.0,25.15,8.67,0.0,0.0,0.0,0.24,0.0,0.47,5.73,0.35,0.07,28.0,1.0,24.0,0.03,212.0,5.58,0.0,0.0020099999999999,0.011,0.000138,0.0106,2
veal,"shoulder, blade chop, separable lean only, raw","Lamb, Veal, and Game Products",110.0,19.6,2.88,0.0,0.0,0.0,0.466,0.0,0.26,4.61,0.43,0.109,23.0,1.26,33.0,0.012,209.0,3.38,0.0,0.0028799999999999,0.003,8.3e-05,0.0158,2
veal,"shoulder, blade, separable lean only, cooked, braised","Lamb, Veal, and Game Products",198.0,32.66,6.48,0.0,0.0,0.0,0.25,0.0,0.45,5.68,0.36,0.06,40.0,1.47,28.0,0.038,252.0,7.39,0.0,0.0020099999999999,0.015,0.000171,0.0145,2
veal,"shoulder, blade, separable lean only, cooked, roasted","Lamb, Veal, and Game Products",171.0,25.64,6.88,0.0,0.0,0.0,0.24,0.0,0.5,5.82,0.36,0.07,28.0,1.0,24.0,0.03,215.0,5.72,0.0,0.00206,0.011,0.0001409999999999,0.0107,2
veal,"sirloin, separable lean and fat, raw","Lamb, Veal, and Game Products",152.0,19.07,7.81,0.0,0.0,0.0,0.49,0.0,0.25,8.44,0.3,0.08,11.0,0.78,24.0,0.027,209.0,2.55,0.0,0.00127,0.013,0.00011,0.0085,2
veal,"sirloin, separable lean and fat, cooked, braised","Lamb, Veal, and Game Products",252.0,31.26,13.14,0.0,0.0,0.0,0.35,0.0,0.41,6.58,0.35,0.05,17.0,1.2,27.0,0.035,243.0,4.32,0.0,0.00148,0.015,0.000128,0.014,2
veal,"sirloin, separable lean and fat, cooked, roasted","Lamb, Veal, and Game Products",202.0,25.14,10.45,0.0,0.0,0.0,0.32,0.0,0.42,8.87,0.35,0.06,13.0,0.92,26.0,0.029,223.0,3.35,0.0,0.0014199999999999,0.015,0.000129,0.0111,2
veal,"sirloin, separable lean only, raw","Lamb, Veal, and Game Products",110.0,20.2,2.59,0.0,0.0,0.0,0.52,0.0,0.25,8.97,0.31,0.08,11.0,0.8,26.0,0.029,220.0,2.73,0.0,0.00134,0.014,0.000116,0.0087,2
veal,"sirloin, separable lean only, cooked, braised","Lamb, Veal, and Game Products",204.0,33.96,6.51,0.0,0.0,0.0,0.38,0.0,0.44,7.05,0.38,0.06,19.0,1.23,29.0,0.038,259.0,4.75,0.0,0.00159,0.016,0.000138,0.015,2
veal,"sirloin, separable lean only, cooked, roasted","Lamb, Veal, and Game Products",168.0,26.32,6.22,0.0,0.0,0.0,0.34,0.0,0.46,9.33,0.37,0.06,14.0,0.91,27.0,0.03,231.0,3.54,0.0,0.00149,0.016,0.000136,0.0115,2
veal,"cubed for stew (leg and shoulder), separable lean only, raw","Lamb, Veal, and Game Products",109.0,20.27,2.5,0.0,0.0,0.0,0.45,0.0,0.27,7.4,0.29,0.09,17.0,0.88,25.0,0.029,213.0,3.48,0.0,0.00149,0.013,0.000118,0.0088,2
veal,"cubed for stew (leg and shoulder), separable lean only, cooked, braised","Lamb, Veal, and Game Products",188.0,34.94,4.31,0.0,0.0,0.0,0.38,0.0,0.45,8.3,0.4,0.07,29.0,1.44,28.0,0.04,239.0,6.01,0.0,0.0016699999999999,0.016,0.000153,0.0152,2
veal,"ground, raw","Lamb, Veal, and Game Products",197.0,18.58,13.06,0.0,0.0,0.0,0.446,0.0,0.49,5.52,0.28,0.113,12.0,1.37,31.0,0.008,197.0,2.51,0.0,0.00228,0.003,8.8e-05,0.0130999999999999,2
veal,"ground, cooked, broiled","Lamb, Veal, and Game Products",172.0,24.38,7.56,0.0,0.0,0.0,0.39,0.0,0.15,8.03,0.27,0.07,17.0,0.99,24.0,0.035,217.0,3.87,0.0,0.00127,0.011,0.000103,0.0136999999999999,2
game meat,"antelope, raw","Lamb, Veal, and Game Products",114.0,22.38,2.03,0.0,0.0,0.0,0.0,0.0,0.0,0.0,0.58,0.32,3.0,3.19,27.0,0.02,188.0,1.28,0.0,0.0,0.0,0.0001799999999999,0.0096999999999999,2
game meat,"antelope, cooked, roasted","Lamb, Veal, and Game Products",150.0,29.45,2.67,0.0,0.0,0.0,0.0,0.0,0.0,0.0,0.73,0.26,4.0,4.2,28.0,0.022,210.0,1.68,0.0,0.0,0.009,0.000213,0.0129,2
game meat,"bear, raw","Lamb, Veal, and Game Products",161.0,20.1,8.3,0.0,0.0,0.0,0.0,0.0,0.0,3.2,0.68,0.16,3.0,6.65,0.0,0.0,151.0,0.0,0.0,0.0,0.0,0.0,0.0083,2
game meat,"bear, cooked, simmered","Lamb, Veal, and Game Products",259.0,32.42,13.39,0.0,0.0,0.0,0.29,0.0,0.49,3.35,0.82,0.1,5.0,10.73,23.0,0.0,170.0,10.27,0.0,0.00247,0.006,0.000148,0.0112,2
bison,"ground, grass-fed, cooked","Lamb, Veal, and Game Products",179.0,25.45,8.62,0.0,0.0,0.0,0.401,0.0,0.2,5.966,0.264,0.139,14.0,3.19,23.0,0.0,213.0,5.34,0.0,0.00244,0.016,0.0001509999999999,0.0311,2
bison,"ground, grass-fed, raw","Lamb, Veal, and Game Products",146.0,20.23,7.21,0.05,0.0,0.0,0.383,0.0,0.19,5.322,0.246,0.141,11.0,2.78,21.0,0.0,194.0,4.59,0.0,0.0019399999999999,0.012,0.00014,0.02,2
game meat,"beaver, raw","Lamb, Veal, and Game Products",146.0,24.05,4.8,0.0,0.0,0.0,0.0,2.0,0.0,1.9,0.22,0.06,15.0,6.9,25.0,0.0,237.0,0.0,0.0,0.0,0.0,0.0,0.0266,2
game meat,"beaver, cooked, roasted","Lamb, Veal, and Game Products",212.0,34.85,6.96,0.0,0.0,0.0,0.47,3.0,0.45,2.2,0.31,0.05,22.0,10.0,29.0,0.0,292.0,2.27,0.0,0.0083,0.011,0.000189,0.0431,2
game meat,"beefalo, composite of cuts, raw","Lamb, Veal, and Game Products",143.0,23.3,4.8,0.0,0.0,0.0,0.0,7.0,0.0,4.64,0.09,0.04,18.0,2.32,0.0,0.0,224.0,4.86,0.0,0.00242,0.015,0.0,0.0098,2
game meat,"beefalo, composite of cuts, cooked, roasted","Lamb, Veal, and Game Products",188.0,30.66,6.32,0.0,0.0,0.0,0.0,9.0,0.0,4.89,0.11,0.03,24.0,3.05,0.0,0.0,250.0,6.4,0.0,0.0025499999999999,0.018,0.0,0.0130999999999999,2
veal,"Australian, separable fat, raw","Lamb, Veal, and Game Products",509.0,9.91,52.17,0.0,0.0,0.0,0.0,0.0,0.0,0.0,0.0,0.0,2.0,0.93,0.0,0.0,0.0,0.0,0.042,0.0,0.0,0.0,0.0,4
veal,"Australian, rib, rib roast, separable lean and fat, raw","Lamb, Veal, and Game Products",201.0,19.6,13.1,1.15,0.0,0.0,0.0,0.0,0.0,0.0,0.0,0.0,9.0,1.46,0.0,0.0,0.0,0.0,0.008,0.0,0.0,0.0,0.0,2
game meat,"bison, separable lean only, raw","Lamb, Veal, and Game Products",109.0,21.62,1.84,0.0,0.0,0.0,0.0,0.0,0.0,1.91,0.094,0.0,6.0,2.6,25.0,0.007,187.0,2.8,0.0,0.0,0.0,8.999999999999999e-05,0.027,2
game meat,"bison, separable lean only, cooked, roasted","Lamb, Veal, and Game Products",143.0,28.44,2.42,0.0,0.0,0.0,0.4,0.0,0.36,3.71,0.27,0.1,8.0,3.42,26.0,0.008,209.0,3.68,0.0,0.0028599999999999,0.008,0.000107,0.0355,2
game meat,"boar, wild, raw","Lamb, Veal, and Game Products",122.0,21.51,3.33,0.0,0.0,0.0,0.0,0.0,0.0,4.0,0.11,0.39,12.0,0.0,0.0,0.0,120.0,0.0,0.0,0.0,0.0,0.0,0.0098,2
game meat,"boar, wild, cooked, roasted","Lamb, Veal, and Game Products",160.0,28.3,4.38,0.0,0.0,0.0,0.418,0.0,0.38,4.21,0.14,0.31,16.0,1.12,27.0,0.0,134.0,3.01,0.0,0.0007,0.006,5.6e-05,0.013,2
game meat,"buffalo, water, raw","Lamb, Veal, and Game Products",99.0,20.39,1.37,0.0,0.0,0.0,0.53,0.0,0.0,5.97,0.2,0.04,12.0,1.61,32.0,0.0,197.0,1.93,0.0,0.00166,0.008,0.0001509999999999,0.009,2
game meat,"buffalo, water, cooked, roasted","Lamb, Veal, and Game Products",131.0,26.83,1.8,0.0,0.0,0.0,0.46,0.0,0.0,6.29,0.25,0.03,15.0,2.12,33.0,0.0,220.0,2.54,0.0,0.00175,0.009,0.000178,0.012,2
game meat,"caribou, raw","Lamb, Veal, and Game Products",127.0,22.63,3.36,0.0,0.0,0.0,0.37,0.0,0.0,5.5,0.72,0.32,17.0,4.69,26.0,0.078,208.0,4.0,0.0,0.00631,0.004,0.000222,0.0101999999999999,2
game meat,"caribou, cooked, roasted","Lamb, Veal, and Game Products",167.0,29.77,4.42,0.0,0.0,0.0,0.32,3.0,0.4,5.79,0.9,0.25,22.0,6.17,27.0,0.087,233.0,5.26,0.0,0.00664,0.005,0.000263,0.0136,2
game meat,"deer, raw","Lamb, Veal, and Game Products",120.0,22.96,2.42,0.0,0.0,0.0,0.37,0.0,0.2,6.37,0.48,0.22,5.0,3.4,23.0,0.041,202.0,2.09,0.0,0.00631,0.004,0.000253,0.0096999999999999,2
game meat,"deer, cooked, roasted","Lamb, Veal, and Game Products",158.0,30.21,3.19,0.0,0.0,0.0,0.0,0.0,0.0,6.71,0.6,0.18,7.0,4.47,24.0,0.046,226.0,2.75,0.0,0.0,0.0,0.0003,0.0129,2
game meat,"elk, raw","Lamb, Veal, and Game Products",111.0,22.95,1.45,0.0,0.0,0.0,0.0,0.0,0.0,0.0,0.0,0.0,4.0,2.76,23.0,0.012,161.0,2.4,0.0,0.0,0.0,0.0001199999999999,0.0098,2
game meat,"elk, cooked, roasted","Lamb, Veal, and Game Products",146.0,30.19,1.9,0.0,0.0,0.0,0.0,0.0,0.0,0.0,0.0,0.0,5.0,3.63,24.0,0.013,180.0,3.16,0.0,0.0,0.009,0.0001419999999999,0.013,2
goat,raw,"Lamb, Veal, and Game Products",109.0,20.6,2.31,0.0,0.0,0.0,0.0,0.0,0.0,3.75,0.49,0.11,13.0,2.83,0.0,0.038,180.0,4.0,0.0,0.00113,0.005,0.000256,0.0088,2
game meat,"goat, cooked, roasted","Lamb, Veal, and Game Products",143.0,27.1,3.03,0.0,0.0,0.0,0.0,0.0,0.34,3.95,0.61,0.09,17.0,3.73,0.0,0.042,201.0,5.27,0.0,0.0011899999999999,0.005,0.000303,0.0118,2
game meat,"horse, raw","Lamb, Veal, and Game Products",133.0,21.39,4.6,0.0,0.0,0.0,0.38,1.0,0.0,4.6,0.1,0.13,6.0,3.82,24.0,0.019,221.0,2.9,0.0,0.003,0.0,0.0001439999999999,0.0101,2
game meat,"horse, cooked, roasted","Lamb, Veal, and Game Products",175.0,28.14,6.05,0.0,0.0,0.0,0.33,2.0,0.0,4.84,0.12,0.1,8.0,5.03,25.0,0.022,247.0,3.82,0.0,0.00316,0.0,0.000171,0.0135,2
game meat,"moose, raw","Lamb, Veal, and Game Products",102.0,22.24,0.74,0.0,0.0,0.0,0.0,4.0,0.0,5.0,0.27,0.06,5.0,3.21,23.0,0.008,158.0,2.8,0.0,0.0,0.0,6.7e-05,0.0096,2
game meat,"moose, cooked, roasted","Lamb, Veal, and Game Products",134.0,29.27,0.97,0.0,0.0,0.0,0.37,5.0,0.2,5.26,0.34,0.05,6.0,4.22,24.0,0.009,176.0,3.68,0.0,0.00631,0.004,7.9e-05,0.0128,2
game meat,"muskrat, raw","Lamb, Veal, and Game Products",162.0,20.76,8.1,0.0,0.0,0.0,0.0,5.0,0.0,6.2,0.52,0.09,25.0,0.0,22.0,0.0,220.0,0.0,0.0,0.0,0.0,0.0,0.0091,2
game meat,"muskrat, cooked, roasted","Lamb, Veal, and Game Products",234.0,30.09,11.74,0.0,0.0,0.0,0.47,7.0,0.0,7.19,0.71,0.08,36.0,7.1,26.0,0.032,271.0,2.27,0.0,0.0083,0.011,0.000189,0.0148,2
game meat,"opossum, cooked, roasted","Lamb, Veal, and Game Products",221.0,30.2,10.2,0.0,0.0,0.0,0.47,0.0,0.44,8.43,0.37,0.1,17.0,4.64,34.0,0.0,278.0,2.28,0.0,0.0083,0.01,0.000189,0.0182,2
game meat,"rabbit, domesticated, composite of cuts, raw","Lamb, Veal, and Game Products",136.0,20.05,5.55,0.0,0.0,0.0,0.5,0.0,0.0,7.27,0.15,0.1,13.0,1.57,19.0,0.026,213.0,1.57,0.0,0.00716,0.008,0.000145,0.0237,2
game meat,"rabbit, domesticated, composite of cuts, cooked, roasted","Lamb, Veal, and Game Products",197.0,29.06,8.05,0.0,0.0,0.0,0.47,0.0,0.0,8.43,0.21,0.09,19.0,2.27,21.0,0.032,263.0,2.27,0.0,0.0083,0.011,0.000189,0.0385,2
game meat,"rabbit, domesticated, composite of cuts, cooked, stewed","Lamb, Veal, and Game Products",206.0,30.38,8.41,0.0,0.0,0.0,0.34,0.0,0.44,7.16,0.17,0.06,20.0,2.37,20.0,0.032,226.0,2.37,0.0,0.00651,0.009,0.000176,0.0385,2
game meat,"rabbit, wild, raw","Lamb, Veal, and Game Products",114.0,21.79,2.32,0.0,0.0,0.0,0.0,0.0,0.0,6.5,0.06,0.03,12.0,3.2,29.0,0.0,226.0,0.0,0.0,0.0,0.0,0.0,0.0094,2
game meat,"rabbit, wild, cooked, stewed","Lamb, Veal, and Game Products",173.0,33.02,3.51,0.0,0.0,0.0,0.34,0.0,0.41,6.4,0.07,0.02,18.0,4.85,31.0,0.0,240.0,2.38,0.0,0.00651,0.008,0.000176,0.0152,2
game meat,"raccoon, cooked, roasted","Lamb, Veal, and Game Products",255.0,29.2,14.5,0.0,0.0,0.0,0.47,0.0,0.49,4.68,0.52,0.59,14.0,7.1,30.0,0.0,261.0,2.27,0.0,0.0083,0.011,0.000189,0.018,2
game meat,"squirrel, raw","Lamb, Veal, and Game Products",120.0,21.23,3.21,0.0,0.0,0.0,0.0,0.0,0.0,4.0,0.21,0.07,2.0,4.7,24.0,0.0,172.0,0.0,0.0,0.0,0.0,0.0,0.0093,2
game meat,"squirrel, cooked, roasted","Lamb, Veal, and Game Products",173.0,30.77,4.69,0.0,0.0,0.0,0.37,0.0,0.4,4.64,0.29,0.06,3.0,6.81,28.0,0.032,211.0,1.78,0.0,0.00651,0.009,0.000148,0.0150999999999999,2
lamb,"variety meats and by-products, brain, raw","Lamb, Veal, and Game Products",122.0,10.4,8.58,0.0,0.0,0.0,0.29,16.0,0.0,3.9,0.3,0.13,9.0,1.75,12.0,0.044,270.0,1.17,0.0,0.0113,0.003,0.0002399999999999,0.009,0
lamb,"variety meats and by-products, brain, cooked, braised","Lamb, Veal, and Game Products",145.0,12.55,10.17,0.0,0.0,0.0,0.11,12.0,0.0,2.47,0.24,0.11,12.0,1.68,14.0,0.059,337.0,1.36,0.0,0.00925,0.005,0.0002099999999999,0.012,2
lamb,"variety meats and by-products, brain, cooked, pan-fried","Lamb, Veal, and Game Products",273.0,16.97,22.19,0.0,0.0,0.0,0.23,23.0,0.0,4.55,0.37,0.17,21.0,2.04,22.0,0.067,495.0,2.0,0.0,0.0241,0.007,0.0004799999999999,0.012,2
veal,"variety meats and by-products, brain, raw","Lamb, Veal, and Game Products",118.0,10.32,8.21,0.0,0.0,0.0,0.28,14.0,0.0,4.3,0.26,0.13,10.0,2.13,14.0,0.037,274.0,1.11,0.0,0.0121999999999999,0.003,0.00022,0.01,0
veal,"variety meats and by-products, brain, cooked, braised","Lamb, Veal, and Game Products",136.0,11.48,9.63,0.0,0.0,0.0,0.17,13.0,0.0,2.43,0.2,0.08,16.0,1.67,16.0,0.038,385.0,1.61,0.0,0.00965,0.003,0.00026,0.011,2
veal,"variety meats and by-products, brain, cooked, pan-fried","Lamb, Veal, and Game Products",213.0,14.48,16.75,0.0,0.0,0.0,0.33,15.0,0.0,5.62,0.36,0.15,10.0,1.07,18.0,0.044,434.0,1.82,0.0,0.0213,0.006,0.0003,0.012,2
lamb,"variety meats and by-products, heart, raw","Lamb, Veal, and Game Products",122.0,16.47,5.68,0.21,0.0,0.0,0.39,5.0,0.0,6.14,0.99,0.37,6.0,4.6,17.0,0.046,175.0,1.87,0.0,0.01025,0.002,0.000397,0.032,2
lamb,"variety meats and by-products, heart, cooked, braised","Lamb, Veal, and Game Products",185.0,24.97,7.91,1.93,0.0,0.0,0.3,7.0,0.0,4.36,1.19,0.17,14.0,5.52,24.0,0.055,254.0,3.68,0.0,0.0112,0.002,0.00061,0.047,2
veal,"variety meats and by-products, heart, raw","Lamb, Veal, and Game Products",110.0,17.18,3.98,0.08,0.0,0.0,0.43,8.0,0.0,6.4,1.0,0.52,5.0,4.24,18.0,0.036,211.0,1.47,0.0,0.01376,0.002,0.00034,0.0332999999999999,2
veal,"variety meats and by-products, heart, cooked, braised","Lamb, Veal, and Game Products",186.0,29.12,6.75,0.13,0.0,0.0,0.21,10.0,0.0,4.88,0.93,0.35,8.0,4.32,18.0,0.061,250.0,2.24,0.0,0.01446,0.002,0.000432,0.0523999999999999,2
lamb,"variety meats and by-products, kidneys, raw","Lamb, Veal, and Game Products",97.0,15.74,2.95,0.82,0.0,0.0,0.22,11.0,0.0,7.51,2.24,0.62,13.0,6.38,17.0,0.118,246.0,2.24,0.095,0.05241,0.028,0.000446,0.1269,2
lamb,"variety meats and by-products, kidneys, cooked, braised","Lamb, Veal, and Game Products",137.0,23.65,3.62,0.99,0.0,0.0,0.12,12.0,0.0,5.99,2.07,0.35,18.0,12.4,20.0,0.144,290.0,3.8,0.137,0.0789,0.081,0.00037,0.2188,2
veal,"variety meats and by-products, kidneys, raw","Lamb, Veal, and Game Products",99.0,15.76,3.12,0.85,0.0,0.0,0.37,5.0,0.0,6.99,1.9,0.32,11.0,3.36,16.0,0.08,241.0,1.97,0.092,0.0282,0.021,0.000494,0.08,2
veal,"variety meats and by-products, kidneys, cooked, braised","Lamb, Veal, and Game Products",163.0,26.32,5.66,0.0,0.0,0.0,0.18,8.0,0.0,4.63,1.99,0.19,29.0,3.04,24.0,0.127,372.0,4.25,0.201,0.0368999999999999,0.021,0.0003599999999999,0.1,2
lamb,"variety meats and by-products, liver, raw","Lamb, Veal, and Game Products",139.0,20.38,5.02,1.78,0.0,0.0,0.9,4.0,0.0,16.11,3.63,0.34,7.0,7.37,19.0,0.184,364.0,4.66,7.391,0.0900499999999999,0.23,0.006979,0.0824,2
lamb,"variety meats and by-products, liver, cooked, braised","Lamb, Veal, and Game Products",220.0,30.57,8.81,2.53,0.0,0.0,0.49,4.0,0.0,12.15,4.03,0.23,8.0,8.28,22.0,0.52,420.0,7.89,7.491,0.0765,0.073,0.0070739999999999,0.1114,2
lamb,"variety meats and by-products, liver, cooked, pan-fried","Lamb, Veal, and Game Products",238.0,25.53,12.65,3.78,0.0,0.0,0.95,13.0,0.0,16.68,4.59,0.35,9.0,10.2,23.0,0.594,427.0,5.63,7.782,0.0857,0.4,0.00983,0.1161,2
veal,"variety meats and by-products, liver, raw","Lamb, Veal, and Game Products",140.0,19.93,4.85,2.91,0.0,0.0,0.957,0.7,0.37,10.55,2.44,0.173,5.0,6.4,20.0,0.255,379.0,12.02,11.707,0.05985,0.125,0.011865,0.0226999999999999,2
veal,"variety meats and by-products, liver, cooked, braised","Lamb, Veal, and Game Products",192.0,28.42,6.26,3.77,0.0,0.0,0.918,1.1,0.68,13.15,2.86,0.182,6.0,5.11,20.0,0.27,460.0,11.23,21.145,0.0846,0.331,0.01494,0.0193,2
veal,"variety meats and by-products, liver, cooked, pan-fried","Lamb, Veal, and Game Products",193.0,27.37,6.51,4.47,0.0,0.0,0.891,0.7,0.6,14.35,3.06,0.178,7.0,5.98,23.0,0.302,483.0,11.9,20.074,0.0725,0.35,0.01505,0.0249,2
lamb,"variety meats and by-products, lungs, raw","Lamb, Veal, and Game Products",95.0,16.7,2.6,0.0,0.0,0.0,0.11,31.0,0.0,4.124,0.237,0.048,10.0,6.4,14.0,0.019,219.0,1.8,0.027,0.00393,0.012,0.000254,0.0177,2
lamb,"variety meats and by-products, lungs, cooked, braised","Lamb, Veal, and Game Products",113.0,19.88,3.1,0.0,0.0,0.0,0.06,28.0,0.0,2.428,0.139,0.034,12.0,4.57,11.0,0.016,188.0,1.93,0.032,0.00252,0.008,0.000234,0.0211,2
veal,"variety meats and by-products, lungs, raw","Lamb, Veal, and Game Products",90.0,16.3,2.3,0.0,0.0,0.0,0.11,39.0,0.0,4.025,0.231,0.047,7.0,5.23,12.0,0.018,288.0,1.16,0.0,0.00383,0.011,0.000241,0.0172,2
veal,"variety meats and by-products, lungs, cooked, braised","Lamb, Veal, and Game Products",104.0,18.74,2.64,0.0,0.0,0.0,0.06,34.0,0.0,2.289,0.131,0.032,7.0,3.61,8.0,0.015,232.0,1.2,0.0,0.0023799999999999,0.008,0.000221,0.0198,2
lamb,"variety meats and by-products, mechanically separated, raw","Lamb, Veal, and Game Products",276.0,14.97,23.54,0.0,0.0,0.0,0.11,0.0,0.0,2.546,0.118,0.072,162.0,5.9,18.0,0.012,337.0,3.72,0.0,0.00256,0.005,5.8e-05,0.0201,2
lamb,"variety meats and by-products, pancreas, raw","Lamb, Veal, and Game Products",152.0,14.84,9.82,0.0,0.0,0.0,0.07,18.0,0.0,3.7,0.25,0.03,8.0,2.3,21.0,0.04,400.0,1.93,0.0,0.006,0.013,6.1e-05,0.0343,2
lamb,"variety meats and by-products, pancreas, cooked, braised","Lamb, Veal, and Game Products",234.0,22.83,15.12,0.0,0.0,0.0,0.05,20.0,0.0,2.56,0.21,0.02,12.0,2.12,19.0,0.043,431.0,2.68,0.0,0.00554,0.013,8.3e-05,0.0648,2
veal,"variety meats and by-products, pancreas, raw","Lamb, Veal, and Game Products",182.0,15.0,13.1,0.0,0.0,0.0,0.19,16.0,0.0,4.252,0.425,0.134,19.0,2.1,18.0,0.151,329.0,2.6,0.0,0.01338,0.003,6e-05,0.0207,2
veal,"variety meats and by-products, pancreas, cooked, braised","Lamb, Veal, and Game Products",256.0,29.1,14.6,0.0,0.0,0.0,0.19,6.0,0.0,4.146,0.506,0.187,18.0,2.38,24.0,0.235,512.0,5.2,0.0,0.0173299999999999,0.003,0.000101,0.0391,2
lamb,"variety meats and by-products, spleen, raw","Lamb, Veal, and Game Products",101.0,17.2,3.1,0.0,0.0,0.0,0.11,23.0,0.0,7.895,0.348,0.047,9.0,41.89,21.0,0.051,280.0,2.84,0.0,0.00534,0.004,0.000121,0.0324,2
lamb,"variety meats and by-products, spleen, cooked, braised","Lamb, Veal, and Game Products",156.0,26.46,4.77,0.0,0.0,0.0,0.08,26.0,0.0,5.868,0.316,0.051,13.0,38.67,21.0,0.062,341.0,3.94,0.0,0.00529,0.004,0.000139,0.0498,2
veal,"variety meats and by-products, spleen, raw","Lamb, Veal, and Game Products",98.0,18.3,2.2,0.0,0.0,0.0,0.11,41.0,0.0,7.895,0.348,0.047,6.0,9.32,17.0,0.072,339.0,1.61,0.0,0.00534,0.004,0.000167,0.0617,2
veal,"variety meats and by-products, spleen, cooked, braised","Lamb, Veal, and Game Products",129.0,24.08,2.89,0.0,0.0,0.0,0.07,40.0,0.0,5.341,0.288,0.046,7.0,7.36,14.0,0.075,312.0,1.91,0.0,0.00482,0.004,0.000925,0.0812,2
veal,"variety meats and by-products, thymus, raw","Lamb, Veal, and Game Products",101.0,17.21,3.07,0.0,0.0,0.0,0.035,49.2,0.09,4.77,0.188,0.069,3.0,1.05,23.0,0.018,533.0,1.55,0.0,0.00333,0.022,7.9e-05,0.0161,2
veal,"variety meats and by-products, thymus, cooked, braised","Lamb, Veal, and Game Products",125.0,22.67,3.11,0.0,0.0,0.0,0.027,39.4,0.09,3.38,0.1,0.054,4.0,1.24,24.0,0.021,627.0,2.13,0.0,0.00285,0.02,7.199999999999999e-05,0.0215,2
lamb,"variety meats and by-products, tongue, raw","Lamb, Veal, and Game Products",222.0,15.7,17.17,0.0,0.0,0.0,0.18,6.0,0.0,4.65,0.38,0.15,9.0,2.65,21.0,0.049,184.0,2.32,0.0,0.0072,0.004,0.000212,0.015,2
lamb,"variety meats and by-products, tongue, cooked, braised","Lamb, Veal, and Game Products",275.0,21.57,20.28,0.0,0.0,0.0,0.17,7.0,0.0,3.69,0.42,0.08,10.0,2.63,16.0,0.033,134.0,2.99,0.0,0.0063,0.003,0.0002099999999999,0.028,2
veal,"variety meats and by-products, tongue, raw","Lamb, Veal, and Game Products",131.0,17.18,5.48,1.91,0.0,0.0,0.19,5.0,0.0,2.22,0.41,0.17,7.0,2.72,17.0,0.023,159.0,2.63,0.0,0.0060999999999999,0.005,0.0002,0.007,2
veal,"variety meats and by-products, tongue, cooked, braised","Lamb, Veal, and Game Products",202.0,25.85,10.1,0.0,0.0,0.0,0.15,6.0,0.0,1.47,0.35,0.07,9.0,2.09,18.0,0.047,166.0,4.51,0.0,0.0053,0.009,0.0002099999999999,0.011,2
lamb,"ground, raw","Lamb, Veal, and Game Products",282.0,16.56,23.41,0.0,0.0,0.0,0.13,0.0,0.2,5.96,0.21,0.11,16.0,1.55,21.0,0.019,157.0,3.41,0.0,0.00231,0.018,0.000101,0.0188,2
lamb,"ground, cooked, broiled","Lamb, Veal, and Game Products",283.0,24.75,19.65,0.0,0.0,0.0,0.14,0.0,0.14,6.7,0.25,0.1,22.0,1.79,24.0,0.024,201.0,4.67,0.0,0.00261,0.019,0.000128,0.0277,2
lamb,"domestic, composite of trimmed retail cuts, separable lean and fat, trimmed to 1/8"" fat, choice, raw","Lamb, Veal, and Game Products",243.0,17.54,18.66,0.0,0.0,0.0,0.14,0.0,0.0,6.07,0.22,0.12,12.0,1.62,22.0,0.02,166.0,3.52,0.0,0.00244,0.019,0.000108,0.0197,2
lamb,"domestic, composite of trimmed retail cuts, separable lean and fat, trimmed to 1/8"" fat, choice, cooked","Lamb, Veal, and Game Products",271.0,25.51,18.01,0.0,0.0,0.0,0.14,0.0,0.0,6.55,0.26,0.1,16.0,1.93,24.0,0.024,193.0,4.74,0.0,0.00257,0.019,0.000121,0.0272,2
lamb,"domestic, foreshank, separable lean and fat, trimmed to 1/8"" fat, choice, raw","Lamb, Veal, and Game Products",201.0,18.91,13.38,0.0,0.0,0.0,0.15,0.0,0.0,5.47,0.19,0.1,11.0,1.67,22.0,0.021,170.0,5.22,0.0,0.00234,0.019,0.000101,0.0198999999999999,2
lamb,"domestic, foreshank, separable lean and fat, trimmed to 1/8"" fat, cooked, braised","Lamb, Veal, and Game Products",243.0,28.37,13.46,0.0,0.0,0.0,0.1,0.0,0.0,5.46,0.19,0.05,20.0,2.14,22.0,0.025,166.0,7.69,0.0,0.00228,0.017,0.000123,0.0306,2
lamb,"domestic, leg, whole (shank and sirloin), separable lean and fat, trimmed to 1/8"" fat, choice, raw","Lamb, Veal, and Game Products",209.0,18.47,14.42,0.0,0.0,0.0,0.15,0.0,0.0,6.25,0.24,0.13,8.0,1.7,24.0,0.021,175.0,3.43,0.0,0.00254,0.02,0.000116,0.0213,2
lamb,"domestic, leg, whole (shank and sirloin), separable lean and fat, trimmed to 1/8"" fat, choice, cooked, roasted","Lamb, Veal, and Game Products",242.0,26.2,14.42,0.0,0.0,0.0,0.15,0.0,0.0,6.53,0.28,0.11,10.0,2.02,24.0,0.025,194.0,4.53,0.0,0.0026,0.02,0.000116,0.0278,2
lamb,"domestic, leg, shank half, separable lean and fat, trimmed to 1/8"" fat, choice, raw","Lamb, Veal, and Game Products",185.0,18.99,11.5,0.0,0.0,0.0,0.16,0.0,0.0,6.21,0.24,0.13,7.0,1.73,25.0,0.022,182.0,3.58,0.0,0.00254,0.021,0.000117,0.0219,2
lamb,"domestic, leg, shank half, separable lean and fat, trimmed to 1/8"" fat, choice, cooked, roasted","Lamb, Veal, and Game Products",217.0,26.73,11.4,0.0,0.0,0.0,0.16,0.0,0.0,6.52,0.27,0.1,9.0,1.99,25.0,0.026,200.0,4.72,0.0,0.00268,0.023,0.000118,0.0297,2
lamb,"domestic, leg, sirloin half, separable lean and fat, trimmed to 1/8"" fat, choice, raw","Lamb, Veal, and Game Products",261.0,17.21,20.8,0.0,0.0,0.0,0.14,0.0,0.0,6.34,0.23,0.13,10.0,1.63,23.0,0.019,161.0,3.13,0.0,0.0025,0.019,0.000114,0.0198999999999999,2
lamb,"domestic, leg, sirloin half, separable lean and fat, trimmed to 1/8"" fat, choice, cooked, roasted","Lamb, Veal, and Game Products",284.0,24.95,19.67,0.0,0.0,0.0,0.14,0.0,0.0,6.59,0.28,0.11,11.0,2.01,23.0,0.023,185.0,4.2,0.0,0.00254,0.017,0.000113,0.0258,2
lamb,"domestic, loin, separable lean and fat, trimmed to 1/8"" fat, choice, raw","Lamb, Veal, and Game Products",279.0,17.18,22.75,0.0,0.0,0.0,0.14,0.0,0.0,6.48,0.21,0.12,14.0,1.66,22.0,0.019,159.0,2.65,0.0,0.00207,0.018,0.00011,0.0193999999999999,2
lamb,"domestic, loin, separable lean and fat, trimmed to 1/8"" fat, choice, cooked, broiled","Lamb, Veal, and Game Products",297.0,26.06,20.61,0.0,0.0,0.0,0.13,0.0,0.0,7.06,0.26,0.11,20.0,1.84,25.0,0.023,201.0,3.6,0.0,0.00248,0.019,0.000133,0.0282,2
lamb,"domestic, loin, separable lean and fat, trimmed to 1/8"" fat, choice, cooked, roasted","Lamb, Veal, and Game Products",290.0,23.27,21.12,0.0,0.0,0.0,0.13,0.0,0.0,7.05,0.24,0.1,18.0,2.17,24.0,0.021,185.0,3.52,0.0,0.0022,0.02,0.000122,0.0252,2
lamb,"domestic, rib, separable lean and fat, trimmed to 1/8"" fat, choice, raw","Lamb, Veal, and Game Products",342.0,15.32,30.71,0.0,0.0,0.0,0.12,0.0,0.0,6.06,0.19,0.1,14.0,1.43,19.0,0.017,143.0,2.87,0.0,0.00214,0.015,9.2e-05,0.0177,2
lamb,"domestic, rib, separable lean and fat, trimmed to 1/8"" fat, choice, cooked, broiled","Lamb, Veal, and Game Products",340.0,23.06,26.82,0.0,0.0,0.0,0.11,0.0,0.0,6.92,0.23,0.09,18.0,1.93,24.0,0.021,184.0,4.21,0.0,0.00256,0.015,0.000124,0.0247,2
lamb,"domestic, rib, separable lean and fat, trimmed to 1/8"" fat, choice, cooked, roasted","Lamb, Veal, and Game Products",341.0,21.82,27.53,0.0,0.0,0.0,0.12,0.0,0.0,6.67,0.21,0.09,22.0,1.62,20.0,0.021,170.0,3.62,0.0,0.00222,0.016,0.000117,0.0223,2
lamb,"domestic, shoulder, whole (arm and blade), separable lean and fat, trimmed to 1/8"" fat, choice, raw","Lamb, Veal, and Game Products",244.0,17.07,18.96,0.0,0.0,0.0,0.14,0.0,0.0,5.62,0.21,0.11,16.0,1.53,21.0,0.02,163.0,4.12,0.0,0.00257,0.019,0.0001,0.0197,2
lamb,"domestic, shoulder, whole (arm and blade), separable lean and fat, trimmed to 1/8"" fat, choice, cooked, braised","Lamb, Veal, and Game Products",338.0,29.46,23.57,0.0,0.0,0.0,0.11,0.0,0.0,6.15,0.22,0.07,27.0,2.39,25.0,0.026,193.0,6.8,0.0,0.00278,0.018,0.000126,0.0338,2
lamb,"domestic, shoulder, whole (arm and blade), separable lean and fat, trimmed to 1/8"" fat, choice, cooked, broiled","Lamb, Veal, and Game Products",268.0,23.84,18.39,0.0,0.0,0.0,0.14,0.0,0.0,6.49,0.26,0.1,23.0,1.83,25.0,0.024,201.0,5.58,0.0,0.00278,0.018,0.000126,0.0265,2
lamb,"domestic, shoulder, whole (arm and blade), separable lean and fat, trimmed to 1/8"" fat, choice, cooked, roasted","Lamb, Veal, and Game Products",269.0,22.7,19.08,0.0,0.0,0.0,0.13,0.0,0.0,6.04,0.24,0.09,20.0,1.97,23.0,0.022,185.0,5.44,0.0,0.00265,0.021,0.000108,0.0264,2
lamb,"domestic, shoulder, arm, separable lean and fat, trimmed to 1/8"" fat, choice, raw","Lamb, Veal, and Game Products",244.0,17.19,18.94,0.0,0.0,0.0,0.13,0.0,0.0,6.08,0.22,0.11,14.0,1.58,22.0,0.02,162.0,3.52,0.0,0.00247,0.019,0.000104,0.0198,2
lamb,"domestic, shoulder, arm, separable lean and fat, trimmed to 1/8"" fat, choice, cooked, braised","Lamb, Veal, and Game Products",337.0,31.1,22.65,0.0,0.0,0.0,0.11,0.0,0.0,6.61,0.25,0.07,25.0,2.43,26.0,0.023,210.0,6.24,0.0,0.00259,0.019,0.0001409999999999,0.0378999999999999,2
lamb,"domestic, shoulder, arm, separable lean and fat, trimmed to 1/8"" fat, cooked, broiled","Lamb, Veal, and Game Products",269.0,24.91,18.05,0.0,0.0,0.0,0.12,0.0,0.0,6.99,0.27,0.1,18.0,2.12,27.0,0.024,200.0,5.01,0.0,0.0028799999999999,0.019,0.000135,0.0281,2
lamb,"domestic, shoulder, arm, separable lean and fat, trimmed to 1/8"" fat, choice, roasted","Lamb, Veal, and Game Products",267.0,22.93,18.75,0.0,0.0,0.0,0.13,0.0,0.0,6.62,0.25,0.09,17.0,2.05,23.0,0.022,185.0,4.58,0.0,0.00256,0.021,0.000114,0.0258,2
lamb,"domestic, shoulder, blade, separable lean and fat, trimmed to 1/8"" fat, choice, raw","Lamb, Veal, and Game Products",244.0,17.01,18.97,0.0,0.0,0.0,0.14,0.0,0.0,5.4,0.21,0.11,17.0,1.5,21.0,0.02,163.0,4.4,0.0,0.00262,0.02,9.8e-05,0.0196,2
lamb,"domestic, shoulder, blade, separable lean and fat, trimmed to 1/8"" fat, choice, cooked, braised","Lamb, Veal, and Game Products",339.0,28.92,23.88,0.0,0.0,0.0,0.11,0.0,0.0,6.0,0.21,0.06,27.0,2.38,24.0,0.027,187.0,6.98,0.0,0.0028399999999999,0.018,0.000121,0.0335,2
lamb,"domestic, shoulder, blade, separable lean and fat, trimmed to 1/8"" fat, choice, cooked, broiled","Lamb, Veal, and Game Products",267.0,23.48,18.5,0.0,0.0,0.0,0.15,0.0,0.0,6.33,0.25,0.09,24.0,1.73,24.0,0.024,201.0,5.77,0.0,0.00274,0.018,0.000123,0.0278,2
lamb,"domestic, shoulder, blade, separable lean and fat, trimmed to 1/8"" fat, choice, cooked, roasted","Lamb, Veal, and Game Products",270.0,22.62,19.19,0.0,0.0,0.0,0.13,0.0,0.0,5.84,0.24,0.09,21.0,1.95,23.0,0.022,185.0,5.72,0.0,0.00268,0.021,0.000107,0.0256,2
lamb,"new zealand, imported, frozen, composite of trimmed retail cuts, separable lean and fat, trimmed to 1/8"" fat, raw","Lamb, Veal, and Game Products",232.0,17.95,17.2,0.0,0.0,0.0,0.12,0.0,0.0,6.57,0.35,0.13,11.0,1.54,16.0,0.02,179.0,2.58,0.0,0.0025,0.001,8.9e-05,0.0014,2
lamb,"new zealand, imported, frozen, composite of trimmed retail cuts, separable lean and fat, trimmed to 1/8"" fat, cooked","Lamb, Veal, and Game Products",270.0,25.26,17.98,0.0,0.0,0.0,0.11,0.0,0.0,7.31,0.41,0.11,15.0,2.08,19.0,0.023,211.0,3.61,0.0,0.00271,0.001,0.000102,0.002,2
lamb,"new zealand, imported, frozen, foreshank, separable lean and fat, trimmed to 1/8"" fat, raw","Lamb, Veal, and Game Products",223.0,18.04,16.15,0.0,0.0,0.0,0.11,0.0,0.0,6.3,0.36,0.13,10.0,1.49,15.0,0.02,170.0,3.37,0.0,0.0025299999999999,0.001,9.5e-05,0.0035,2
lamb,"new zealand, imported, frozen, foreshank, separable lean and fat, trimmed to 1/8"" fat, cooked, braised","Lamb, Veal, and Game Products",258.0,26.97,15.83,0.0,0.0,0.0,0.08,0.0,0.0,6.07,0.33,0.07,14.0,2.07,15.0,0.024,175.0,4.8,0.0,0.00244,0.001,0.000102,0.0053,2
lamb,"new zealand, imported, frozen, leg, whole (shank and sirloin), separable lean and fat, trimmed to 1/8"" fat, raw","Lamb, Veal, and Game Products",201.0,18.76,13.37,0.0,0.0,0.0,0.13,0.0,0.0,6.86,0.38,0.14,7.0,1.6,18.0,0.021,189.0,2.72,0.0,0.00247,0.001,9.5e-05,0.003,2
lamb,"new zealand, imported, frozen, leg, whole (shank and sirloin), separable lean and fat, trimmed to 1/8"" fat, cooked, roasted","Lamb, Veal, and Game Products",234.0,25.34,13.95,0.0,0.0,0.0,0.13,0.0,0.0,7.57,0.46,0.12,9.0,2.13,20.0,0.024,221.0,3.67,0.0,0.00261,0.001,0.0001049999999999,0.0040999999999999,2
lamb,"new zealand, imported, frozen, loin, separable lean and fat, trimmed to 1/8"" fat, raw","Lamb, Veal, and Game Products",273.0,17.18,22.1,0.0,0.0,0.0,0.12,0.0,0.0,6.85,0.3,0.13,17.0,1.59,15.0,0.018,170.0,1.94,0.0,0.00213,0.001,8.7e-05,0.0015,2
lamb,"new zealand, imported, frozen, loin, separable lean and fat, trimmed to 1/8"" fat, cooked, broiled","Lamb, Veal, and Game Products",296.0,24.41,21.28,0.0,0.0,0.0,0.11,0.0,0.0,7.92,0.37,0.12,23.0,2.1,20.0,0.022,213.0,2.76,0.0,0.00254,0.001,0.000112,0.0021,2
lamb,"new zealand, imported, frozen, rib, separable lean and fat, trimmed to 1/8"" fat, raw","Lamb, Veal, and Game Products",311.0,15.87,27.0,0.0,0.0,0.0,0.09,0.0,0.0,6.29,0.26,0.12,15.0,1.43,13.0,0.017,153.0,2.19,0.0,0.00222,0.001,6.7e-05,0.0013,2
lamb,"new zealand, imported, frozen, rib, separable lean and fat, trimmed to 1/8"" fat, cooked, roasted","Lamb, Veal, and Game Products",317.0,19.86,25.74,0.0,0.0,0.0,0.08,0.0,0.0,6.72,0.28,0.1,18.0,1.74,15.0,0.018,173.0,2.73,0.0,0.00232,0.001,7.199999999999999e-05,0.0018,2
lamb,"new zealand, imported, frozen, shoulder, whole (arm and blade), separable lean and fat, trimmed to 1/8"" fat, raw","Lamb, Veal, and Game Products",251.0,17.19,19.74,0.0,0.0,0.0,0.08,0.0,0.0,5.46,0.31,0.12,17.0,1.36,15.0,0.019,168.0,2.91,0.0,0.00314,0.001,8.3e-05,0.0027,2
lamb,"new zealand, imported, frozen, shoulder, whole (arm and blade), separable lean and fat, trimmed to 1/8"" fat, cooked, braised","Lamb, Veal, and Game Products",342.0,29.43,24.03,0.0,0.0,0.0,0.07,0.0,0.0,6.26,0.33,0.08,27.0,2.16,18.0,0.026,200.0,4.76,0.0,0.00347,0.001,0.000106,0.0044,2
game meat,"bison, top sirloin, separable lean only, trimmed to 0"" fat, raw","Lamb, Veal, and Game Products",113.0,21.4,2.4,0.0,0.0,0.0,0.259,0.0,0.05,2.017,0.097,0.045,5.0,3.0,24.0,0.015,203.0,3.4,0.001,0.0023,0.0,0.000155,0.0251,2
game meat,"bison, ribeye, separable lean only, trimmed to 0"" fat, raw","Lamb, Veal, and Game Products",116.0,22.1,2.4,0.0,0.0,0.0,0.252,0.0,0.04,1.838,0.09,0.046,6.0,2.8,24.0,0.013,198.0,3.2,0.001,0.0022,0.0,0.00013,0.0233,2
game meat,"bison, shoulder clod, separable lean only, trimmed to 0"" fat, raw","Lamb, Veal, and Game Products",109.0,21.1,2.1,0.0,0.0,0.0,0.221,0.0,0.05,1.879,0.096,0.042,4.0,3.0,24.0,0.014,189.0,5.0,0.001,0.0022,0.0,0.000148,0.0264,2
veal,"breast, separable fat, cooked","Lamb, Veal, and Game Products",521.0,9.4,53.35,0.0,0.0,0.0,0.11,0.0,0.0,2.79,0.12,0.02,6.0,0.45,10.0,0.01,102.0,0.76,0.0,0.00055,0.005,4.2e-05,0.0055,4
veal,"breast, whole, boneless, separable lean and fat, raw","Lamb, Veal, and Game Products",208.0,17.47,14.75,0.0,0.0,0.0,0.0,0.0,0.0,0.0,0.0,0.0,7.0,0.53,18.0,0.01,172.0,2.33,0.0,0.0,0.0,9.4e-05,0.0066,2
veal,"breast, whole, boneless, separable lean and fat, cooked, braised","Lamb, Veal, and Game Products",266.0,26.97,16.77,0.0,0.0,0.0,0.261,0.0,0.0,7.981,0.296,0.054,9.0,0.77,20.0,0.008,191.0,3.64,0.0,0.00133,0.013,7.099999999999999e-05,0.011,2
veal,"breast, plate half, boneless, separable lean and fat, cooked, braised","Lamb, Veal, and Game Products",282.0,25.93,18.95,0.0,0.0,0.0,0.261,0.0,0.0,7.895,0.296,0.053,8.0,0.75,19.0,0.008,186.0,3.47,0.0,0.00133,0.013,6.900000000000001e-05,0.0106,2
veal,"breast, point half, boneless, separable lean and fat, cooked, braised","Lamb, Veal, and Game Products",248.0,28.23,14.16,0.0,0.0,0.0,0.272,0.0,0.0,8.352,0.309,0.056,9.0,0.79,21.0,0.008,197.0,3.85,0.0,0.00139,0.014,7.3e-05,0.0115,2
veal,"breast, whole, boneless, separable lean only, cooked, braised","Lamb, Veal, and Game Products",218.0,30.32,9.8,0.0,0.0,0.0,0.29,0.0,0.0,8.97,0.33,0.06,9.0,0.83,22.0,0.008,208.0,4.19,0.0,0.00148,0.015,7.6e-05,0.0125,2
veal,"shank (fore and hind), separable lean and fat, raw","Lamb, Veal, and Game Products",113.0,19.15,3.48,0.0,0.0,0.0,0.437,0.0,0.0,7.458,0.268,0.079,20.0,0.76,21.0,0.009,191.0,3.99,0.0,0.00136,0.015,7.4e-05,0.0079,2
veal,"shank (fore and hind), separable lean and fat, cooked, braised","Lamb, Veal, and Game Products",191.0,31.54,6.2,0.0,0.0,0.0,0.265,0.0,0.0,9.454,0.295,0.049,33.0,1.25,25.0,0.015,225.0,6.63,0.0,0.00161,0.017,0.000111,0.0153,2
veal,"shank (fore and hind), separable lean only, raw","Lamb, Veal, and Game Products",108.0,19.28,2.83,0.0,0.0,0.0,0.44,0.0,0.0,7.6,0.27,0.08,20.0,0.76,21.0,0.009,192.0,4.02,0.0,0.00137,0.015,7.4e-05,0.008,2
veal,"shank (fore and hind), separable lean only, cooked, braised","Lamb, Veal, and Game Products",177.0,32.22,4.33,0.0,0.0,0.0,0.27,0.0,0.0,9.66,0.3,0.05,34.0,1.26,25.0,0.015,228.0,6.81,0.0,0.00164,0.017,0.000113,0.0136999999999999,2
lamb,"Australian, imported, fresh, composite of trimmed retail cuts, separable lean and fat, trimmed to 1/8"" fat, raw","Lamb, Veal, and Game Products",229.0,17.84,16.97,0.0,0.0,0.0,0.339,0.0,0.0,4.934,0.261,0.133,13.0,1.43,20.0,0.011,168.0,3.67,0.0,0.00247,0.0,0.000145,0.0075,2
lamb,"Australian, imported, fresh, composite of trimmed retail cuts, separable lean and fat, trimmed to 1/8"" fat, cooked","Lamb, Veal, and Game Products",256.0,24.52,16.82,0.0,0.0,0.0,0.366,0.0,0.0,5.441,0.332,0.123,17.0,1.93,22.0,0.013,195.0,4.68,0.0,0.00287,0.0,0.0001419999999999,0.0101,2
lamb,"Australian, imported, fresh, composite of trimmed retail cuts, separable lean only, trimmed to 1/8"" fat, raw","Lamb, Veal, and Game Products",142.0,20.25,6.18,0.0,0.0,0.0,0.386,0.0,0.0,5.595,0.293,0.149,12.0,1.59,22.0,0.013,188.0,4.21,0.0,0.00277,0.0,0.000165,0.0086,2
lamb,"Australian, imported, fresh, composite of trimmed retail cuts, separable lean only, trimmed to 1/8"" fat, cooked","Lamb, Veal, and Game Products",201.0,26.71,9.63,0.0,0.0,0.0,0.394,0.0,0.0,5.812,0.36,0.131,16.0,2.05,24.0,0.014,207.0,5.14,0.0,0.0030099999999999,0.0,0.000153,0.011,2
lamb,"Australian, imported, fresh, separable fat, raw","Lamb, Veal, and Game Products",648.0,6.27,68.87,0.0,0.0,0.0,0.111,0.0,0.0,1.753,0.107,0.057,19.0,0.63,7.0,0.0,71.0,1.06,0.0,0.00106,0.0,4.6e-05,0.004,4
lamb,"Australian, imported, fresh, separable fat, cooked","Lamb, Veal, and Game Products",639.0,9.42,66.4,0.0,0.0,0.0,0.171,0.0,0.0,2.89,0.14,0.063,27.0,1.11,12.0,0.01,114.0,1.48,0.0,0.00184,0.0,6.500000000000001e-05,0.0058,4
lamb,"Australian, imported, fresh, foreshank, separable lean and fat, trimmed to 1/8"" fat, raw","Lamb, Veal, and Game Products",195.0,18.85,12.68,0.0,0.0,0.0,0.264,0.0,0.0,5.265,0.219,0.094,12.0,1.38,19.0,0.009,158.0,5.4,0.0,0.00248,0.0,9.2e-05,0.0072,2
lamb,"Australian, imported, fresh, foreshank, separable lean and fat, trimmed to 1/8"" fat, cooked, braised","Lamb, Veal, and Game Products",236.0,24.78,14.44,0.0,0.0,0.0,0.244,0.0,0.0,5.013,0.262,0.086,16.0,1.79,21.0,0.011,167.0,6.96,0.0,0.003,0.0,0.000116,0.0083,2
lamb,"Australian, imported, fresh, foreshank, separable lean only, trimmed to 1/8"" fat, raw","Lamb, Veal, and Game Products",123.0,20.83,3.81,0.0,0.0,0.0,0.288,0.0,0.0,5.82,0.237,0.1,11.0,1.5,20.0,0.01,171.0,6.08,0.0,0.00271,0.0,9.9e-05,0.008,2
lamb,"Australian, imported, fresh, foreshank, separable lean only, trimmed to 1/8"" fat, cooked, braised","Lamb, Veal, and Game Products",165.0,27.5,5.22,0.0,0.0,0.0,0.257,0.0,0.0,5.39,0.283,0.09,14.0,1.91,22.0,0.011,177.0,7.93,0.0,0.0032,0.0,0.000125,0.009,2
lamb,"Australian, imported, fresh, leg, whole (shank and sirloin), separable lean and fat, trimmed to 1/8"" fat, raw","Lamb, Veal, and Game Products",215.0,18.24,15.19,0.0,0.0,0.0,0.359,0.0,0.0,4.964,0.287,0.14,10.0,1.48,20.0,0.011,173.0,3.75,0.0,0.0027,0.0,0.0001729999999999,0.0042,2
lamb,"Australian, imported, fresh, leg, whole (shank and sirloin), separable lean and fat, trimmed to 1/8"" fat, cooked, roasted","Lamb, Veal, and Game Products",244.0,25.16,15.13,0.0,0.0,0.0,0.425,0.0,0.0,5.383,0.386,0.126,11.0,2.03,23.0,0.014,202.0,4.43,0.0,0.0030299999999999,0.0,0.000147,0.0057,2
lamb,"Australian, imported, fresh, leg, whole (shank and sirloin), separable lean only, trimmed to 1/8"" fat, raw","Lamb, Veal, and Game Products",135.0,20.46,5.23,0.0,0.0,0.0,0.406,0.0,0.0,5.56,0.32,0.155,8.0,1.64,23.0,0.013,192.0,4.25,0.0,0.0030099999999999,0.0,0.000196,0.0046,2
lamb,"Australian, imported, fresh, leg, whole (shank and sirloin), separable lean only, trimmed to 1/8"" fat, cooked, roasted","Lamb, Veal, and Game Products",190.0,27.31,8.1,0.0,0.0,0.0,0.46,0.0,0.0,5.725,0.42,0.135,9.0,2.15,25.0,0.014,214.0,4.83,0.0,0.00319,0.0,0.000158,0.0059,2
lamb,"Australian, imported, fresh, leg, shank half, separable lean and fat, trimmed to 1/8"" fat, raw","Lamb, Veal, and Game Products",201.0,18.59,13.48,0.0,0.0,0.0,0.367,0.0,0.0,5.06,0.292,0.142,9.0,1.48,20.0,0.01,176.0,4.04,0.0,0.00275,0.0,0.0001809999999999,0.0078,2
lamb,"Australian, imported, fresh, leg, shank half, separable lean and fat, trimmed to 1/8"" fat, cooked, roasted","Lamb, Veal, and Game Products",231.0,25.25,13.69,0.0,0.0,0.0,0.429,0.0,0.0,5.418,0.39,0.127,10.0,2.01,23.0,0.013,203.0,4.49,0.0,0.00304,0.0,0.000138,0.0106,2
lamb,"Australian, imported, fresh, leg, shank half, separable lean only, trimmed to 1/8"" fat, raw","Lamb, Veal, and Game Products",133.0,20.45,5.1,0.0,0.0,0.0,0.406,0.0,0.0,5.56,0.32,0.155,7.0,1.61,22.0,0.012,191.0,4.5,0.0,0.0030099999999999,0.0,0.000202,0.0087,2
lamb,"Australian, imported, fresh, leg, shank half, separable lean only, trimmed to 1/8"" fat, cooked, roasted","Lamb, Veal, and Game Products",182.0,27.18,7.27,0.0,0.0,0.0,0.46,0.0,0.0,5.725,0.42,0.135,8.0,2.13,25.0,0.014,213.0,4.86,0.0,0.00319,0.0,0.000147,0.0115,2
lamb,"Australian, imported, fresh, leg, sirloin half, boneless, separable lean and fat, trimmed to 1/8"" fat, raw","Lamb, Veal, and Game Products",254.0,17.25,20.0,0.0,0.0,0.0,0.339,0.0,0.0,4.695,0.272,0.133,12.0,1.5,20.0,0.013,167.0,2.95,0.0,0.00257,0.0,0.000148,0.008,2
lamb,"Australian, imported, fresh, leg, sirloin half, boneless, separable lean and fat, trimmed to 1/8"" fat, cooked, roasted","Lamb, Veal, and Game Products",281.0,24.88,19.38,0.0,0.0,0.0,0.415,0.0,0.0,5.281,0.376,0.124,15.0,2.06,23.0,0.016,199.0,4.24,0.0,0.00298,0.0,0.0001729999999999,0.0116999999999999,2
lamb,"Australian, imported, fresh, leg, sirloin half, boneless, separable lean only, trimmed to 1/8"" fat, raw","Lamb, Veal, and Game Products",138.0,20.48,5.64,0.0,0.0,0.0,0.406,0.0,0.0,5.56,0.32,0.155,10.0,1.75,23.0,0.017,195.0,3.5,0.0,0.0030099999999999,0.0,0.000179,0.0098,2
lamb,"Australian, imported, fresh, leg, sirloin half, boneless, separable lean only, trimmed to 1/8"" fat, cooked, roasted","Lamb, Veal, and Game Products",215.0,27.75,10.65,0.0,0.0,0.0,0.46,0.0,0.0,5.725,0.42,0.135,13.0,2.24,25.0,0.017,214.0,4.76,0.0,0.00319,0.0,0.000194,0.013,2
lamb,"Australian, imported, fresh, leg, sirloin chops, boneless, separable lean and fat, trimmed to 1/8"" fat, raw","Lamb, Veal, and Game Products",208.0,18.33,14.38,0.0,0.0,0.0,0.362,0.0,0.0,4.996,0.288,0.14,11.0,1.75,22.0,0.014,192.0,3.21,0.0,0.00272,0.0,0.000139,0.0070999999999999,2
lamb,"Australian, imported, fresh, leg, sirloin chops, boneless, separable lean and fat, trimmed to 1/8"" fat, cooked, broiled","Lamb, Veal, and Game Products",235.0,25.75,13.83,0.0,0.0,0.0,0.43,0.0,0.0,5.433,0.391,0.128,14.0,2.34,25.0,0.015,224.0,4.83,0.0,0.0030499999999999,0.0,0.000162,0.0101,2
lamb,"Australian, imported, fresh, leg, sirloin chops, boneless, separable lean only, trimmed to 1/8"" fat, raw","Lamb, Veal, and Game Products",132.0,20.43,4.91,0.0,0.0,0.0,0.406,0.0,0.0,5.56,0.32,0.155,9.0,1.94,25.0,0.016,214.0,3.58,0.0,0.0030099999999999,0.0,0.000156,0.008,2
lamb,"Australian, imported, fresh, leg, sirloin chops, boneless, separable lean only, trimmed to 1/8"" fat, cooked, broiled","Lamb, Veal, and Game Products",188.0,27.63,7.8,0.0,0.0,0.0,0.46,0.0,0.0,5.725,0.42,0.135,13.0,2.48,26.0,0.015,237.0,5.21,0.0,0.00319,0.0,0.0001729999999999,0.0108,2
lamb,"Australian, imported, fresh, leg, center slice, bone-in, separable lean and fat, trimmed to 1/8"" fat, raw","Lamb, Veal, and Game Products",195.0,19.17,12.56,0.0,0.0,0.0,0.375,0.0,0.0,5.167,0.298,0.145,10.0,1.81,23.0,0.015,199.0,3.32,0.0,0.00281,0.0,0.0001439999999999,0.0074,2
lamb,"Australian, imported, fresh, leg, center slice, bone-in, separable lean and fat, trimmed to 1/8"" fat, cooked, broiled","Lamb, Veal, and Game Products",215.0,25.54,11.78,0.0,0.0,0.0,0.44,0.0,0.0,5.527,0.4,0.13,14.0,2.38,25.0,0.015,228.0,4.95,0.0,0.0031,0.0,0.000165,0.0135,2
lamb,"Australian, imported, fresh, leg, center slice, bone-in, separable lean only, trimmed to 1/8"" fat, raw","Lamb, Veal, and Game Products",143.0,20.65,6.08,0.0,0.0,0.0,0.406,0.0,0.0,5.56,0.32,0.155,9.0,1.94,25.0,0.016,214.0,3.58,0.0,0.0030099999999999,0.0,0.000156,0.008,2
lamb,"Australian, imported, fresh, leg, center slice, bone-in, separable lean only, trimmed to 1/8"" fat, cooked, broiled","Lamb, Veal, and Game Products",183.0,26.75,7.68,0.0,0.0,0.0,0.46,0.0,0.0,5.725,0.42,0.135,13.0,2.48,26.0,0.015,237.0,5.21,0.0,0.00319,0.0,0.0001729999999999,0.0141999999999999,2
lamb,"Australian, imported, fresh, loin, separable lean and fat, trimmed to 1/8"" fat, raw","Lamb, Veal, and Game Products",203.0,19.32,13.38,0.0,0.0,0.0,0.445,0.0,0.0,6.652,0.29,0.169,15.0,1.66,22.0,0.013,185.0,2.5,0.0,0.00176,0.0,0.00013,0.0081999999999999,2
lamb,"Australian, imported, fresh, loin, separable lean and fat, trimmed to 1/8"" fat, cooked, broiled","Lamb, Veal, and Game Products",219.0,25.49,12.25,0.0,0.0,0.0,0.493,0.0,0.0,7.831,0.322,0.173,21.0,2.12,25.0,0.013,214.0,3.36,0.0,0.002,0.0,0.00015,0.0096,2
lamb,"Australian, imported, fresh, loin, separable lean only, trimmed to 1/8"" fat, raw","Lamb, Veal, and Game Products",146.0,21.0,6.24,0.0,0.0,0.0,0.488,0.0,0.0,7.283,0.313,0.183,15.0,1.79,24.0,0.014,199.0,2.69,0.0,0.00185,0.0,0.0001409999999999,0.009,2
lamb,"Australian, imported, fresh, loin, separable lean only, trimmed to 1/8"" fat, cooked, broiled","Lamb, Veal, and Game Products",192.0,26.53,8.75,0.0,0.0,0.0,0.514,0.0,0.0,8.15,0.333,0.18,21.0,2.18,26.0,0.014,220.0,3.48,0.0,0.0020099999999999,0.0,0.000156,0.0103,2
lamb,"Australian, imported, fresh, rib, separable lean and fat, trimmed to 1/8"" fat, raw","Lamb, Veal, and Game Products",289.0,16.46,24.2,0.0,0.0,0.0,0.347,0.0,0.0,5.103,0.232,0.145,13.0,1.34,18.0,0.009,156.0,2.51,0.0,0.00162,0.0,0.0001199999999999,0.0069,2
lamb,"Australian, imported, fresh, rib, separable lean and fat, trimmed to 1/8"" fat, cooked, roasted","Lamb, Veal, and Game Products",277.0,22.24,20.21,0.0,0.0,0.0,0.382,0.0,0.0,5.559,0.272,0.131,17.0,1.67,21.0,0.012,182.0,3.35,0.0,0.0019399999999999,0.0,0.000131,0.0091,2
lamb,"Australian, imported, fresh, rib, separable lean only, trimmed to 1/8"" fat, raw","Lamb, Veal, and Game Products",160.0,20.12,8.2,0.0,0.0,0.0,0.432,0.0,0.0,6.303,0.277,0.177,10.0,1.59,22.0,0.012,186.0,3.03,0.0,0.00182,0.0,0.000147,0.0087,2
lamb,"Australian, imported, fresh, rib, separable lean only, trimmed to 1/8"" fat, cooked, roasted","Lamb, Veal, and Game Products",210.0,24.63,11.6,0.0,0.0,0.0,0.421,0.0,0.0,6.057,0.297,0.143,15.0,1.78,23.0,0.013,195.0,3.7,0.0,0.00196,0.0,0.0001429999999999,0.0096999999999999,2
lamb,"Australian, imported, fresh, shoulder, whole (arm and blade), separable lean and fat, trimmed to 1/8"" fat, raw","Lamb, Veal, and Game Products",256.0,16.68,20.47,0.0,0.0,0.0,0.261,0.0,0.0,4.001,0.213,0.107,18.0,1.26,18.0,0.01,156.0,4.09,0.0,0.00261,0.0,0.000113,0.0033,2
lamb,"Australian, imported, fresh, shoulder, whole (arm and blade), separable lean and fat, trimmed to 1/8"" fat, cooked","Lamb, Veal, and Game Products",296.0,23.58,21.65,0.0,0.0,0.0,0.204,0.0,0.0,4.415,0.267,0.094,28.0,1.78,21.0,0.014,183.0,5.85,0.0,0.00329,0.0,0.000137,0.0045,2
lamb,"Australian, imported, fresh, shoulder, whole (arm and blade), separable lean only,   trimmed to 1/8"" fat, raw","Lamb, Veal, and Game Products",155.0,19.36,8.01,0.0,0.0,0.0,0.299,0.0,0.0,4.58,0.24,0.12,18.0,1.42,21.0,0.013,178.0,4.87,0.0,0.0030099999999999,0.0,0.00013,0.0039,2
lamb,"Australian, imported, fresh, shoulder, whole (arm and blade), separable lean only, trimmed to 1/8"" fat, cooked","Lamb, Veal, and Game Products",233.0,26.18,13.44,0.0,0.0,0.0,0.211,0.0,0.0,4.695,0.29,0.1,28.0,1.9,22.0,0.014,195.0,6.65,0.0,0.00356,0.0,0.00015,0.0050999999999999,2
lamb,"Australian, imported, fresh, shoulder, arm, separable lean and fat, trimmed to 1/8"" fat, raw","Lamb, Veal, and Game Products",243.0,17.06,18.89,0.0,0.0,0.0,0.26,0.0,0.0,3.994,0.212,0.107,16.0,1.35,19.0,0.012,168.0,3.52,0.0,0.0026,0.0,0.0001199999999999,0.0065,2
lamb,"Australian, imported, fresh, shoulder, arm, separable lean and fat, trimmed to 1/8"" fat, cooked, braised","Lamb, Veal, and Game Products",311.0,29.7,20.38,0.0,0.0,0.0,0.203,0.0,0.0,4.369,0.263,0.093,27.0,2.42,23.0,0.018,201.0,6.64,0.0,0.00325,0.0,0.000188,0.0092,2
lamb,"Australian, imported, fresh, shoulder, arm, separable lean only, trimmed to 1/8"" fat, raw","Lamb, Veal, and Game Products",137.0,19.88,5.81,0.0,0.0,0.0,0.299,0.0,0.0,4.58,0.24,0.12,15.0,1.54,22.0,0.015,193.0,4.16,0.0,0.0030099999999999,0.0,0.000139,0.0077,2
lamb,"Australian, imported, fresh, shoulder, arm, separable lean only,   trimmed to 1/8"" fat, cooked, braised","Lamb, Veal, and Game Products",238.0,34.17,10.23,0.0,0.0,0.0,0.211,0.0,0.0,4.695,0.29,0.1,27.0,2.71,25.0,0.02,221.0,7.78,0.0,0.00356,0.0,0.000215,0.0106,2
lamb,"Australian, imported, fresh, shoulder, blade, separable lean and fat, trimmed to 1/8"" fat, raw","Lamb, Veal, and Game Products",262.0,16.48,21.28,0.0,0.0,0.0,0.261,0.0,0.0,4.004,0.213,0.107,19.0,1.21,17.0,0.01,150.0,4.37,0.0,0.00261,0.0,0.0001089999999999,0.0069,2
lamb,"Australian, imported, fresh, shoulder, blade, separable lean and fat, trimmed to 1/8"" fat, cooked, broiled","Lamb, Veal, and Game Products",291.0,21.71,22.03,0.0,0.0,0.0,0.205,0.0,0.0,4.43,0.268,0.095,28.0,1.58,20.0,0.012,177.0,5.61,0.0,0.0033,0.0,0.000121,0.0081999999999999,2
lamb,"Australian, imported, fresh, shoulder, blade, separable lean only, trimmed to 1/8"" fat, raw","Lamb, Veal, and Game Products",164.0,19.1,9.09,0.0,0.0,0.0,0.299,0.0,0.0,4.58,0.24,0.12,19.0,1.36,20.0,0.012,170.0,5.22,0.0,0.0030099999999999,0.0,0.000126,0.0081,2
lamb,"Australian, imported, fresh, shoulder ,blade, separable lean only, trimmed to 1/8"" fat, cooked, broiled","Lamb, Veal, and Game Products",231.0,23.83,14.38,0.0,0.0,0.0,0.211,0.0,0.0,4.695,0.29,0.1,28.0,1.67,21.0,0.013,188.0,6.32,0.0,0.00356,0.0,0.000131,0.009,2
game meat,"bison, ground, raw","Lamb, Veal, and Game Products",223.0,18.67,15.93,0.0,0.0,0.0,0.353,0.0,0.24,4.91,0.227,0.13,11.0,2.6,19.0,0.009,181.0,4.29,0.0,0.00179,0.011,0.000131,0.0186999999999999,2
game meat,"bison, ground, cooked, pan-broiled","Lamb, Veal, and Game Products",238.0,23.77,15.13,0.0,0.0,0.0,0.375,0.0,0.24,5.57,0.247,0.13,13.0,3.08,22.0,0.01,205.0,5.14,0.0,0.00228,0.015,0.000146,0.03,2
game meat,"bison, top sirloin, separable lean only, 1"" steak, cooked, broiled","Lamb, Veal, and Game Products",171.0,28.05,5.65,0.0,0.0,0.0,0.557,0.0,0.2,5.57,0.447,0.227,5.0,3.47,27.0,0.013,253.0,5.11,0.0,0.00283,0.018,0.000211,0.0412,2
game meat,"bison, chuck, shoulder clod, separable lean only, 3-5 lb roast, cooked, braised","Lamb, Veal, and Game Products",193.0,33.78,5.43,0.0,0.0,0.0,0.458,0.0,0.23,4.773,0.47,0.12,7.0,4.86,26.0,0.017,239.0,8.64,0.0,0.0023799999999999,0.021,0.000208,0.0417,2
game meat,"bison, chuck, shoulder clod, separable lean only, 3-5 lb roast, raw","Lamb, Veal, and Game Products",119.0,21.12,3.15,0.0,0.0,0.0,0.472,0.0,0.16,4.443,0.347,0.227,5.0,2.88,24.0,0.013,213.0,5.27,0.0,0.00246,0.013,0.000202,0.0287,2
game meat,"bison, ribeye, separable lean only, 1"" steak, cooked, broiled","Lamb, Veal, and Game Products",177.0,29.45,5.67,0.0,0.0,0.0,0.475,0.0,0.21,6.687,0.307,0.137,7.0,2.88,26.0,0.012,238.0,5.01,0.0,0.00129,0.018,0.000201,0.0421,2
game meat,"bison, top round, separable lean only, 1"" steak, cooked, broiled","Lamb, Veal, and Game Products",174.0,30.18,4.96,0.0,0.0,0.0,0.657,0.0,0.21,6.475,0.365,0.165,5.0,3.52,28.0,0.011,257.0,3.79,0.0,0.00181,0.019,0.0002099999999999,0.041,2
game meat,"bison, top round, separable lean only, 1"" steak, raw","Lamb, Veal, and Game Products",122.0,23.32,2.43,0.0,0.0,0.0,0.562,0.0,0.17,6.183,0.337,0.217,5.0,2.66,27.0,0.047,237.0,2.92,0.0,0.00155,0.014,0.000131,0.0353,2
game meat,"elk, ground, raw","Lamb, Veal, and Game Products",172.0,21.76,8.82,0.0,0.0,0.0,0.336,0.0,0.28,4.89,0.26,0.125,12.0,2.75,22.0,0.023,195.0,5.4,0.0,0.00213,0.007,0.00015,0.008,2
game meat,"elk, ground, cooked, pan-broiled","Lamb, Veal, and Game Products",193.0,26.64,8.74,0.0,0.0,0.0,0.42,0.0,0.57,5.32,0.32,0.125,10.0,3.34,24.0,0.011,221.0,6.56,0.0,0.00257,0.008,0.0001419999999999,0.009,2
game meat,"elk, loin, separable lean only, cooked, broiled","Lamb, Veal, and Game Products",167.0,31.0,3.84,0.0,0.0,0.0,0.47,0.0,0.56,8.98,0.33,0.16,5.0,3.96,28.0,0.012,256.0,5.1,0.0,0.00083,0.009,0.0001729999999999,0.0105,2
game meat,"elk, round, separable lean only, cooked, broiled","Lamb, Veal, and Game Products",156.0,30.94,2.64,0.0,0.0,0.0,0.466,0.0,0.54,7.16,0.46,0.18,5.0,4.08,28.0,0.015,266.0,5.64,0.0,0.0015,0.009,0.000221,0.0106,2
game meat,"elk, tenderloin, separable lean only, cooked, broiled","Lamb, Veal, and Game Products",162.0,30.76,3.41,0.0,0.0,0.0,0.485,0.0,0.55,6.143,0.37,0.144,5.0,4.07,29.0,0.019,285.0,4.12,0.0,0.00296,0.009,0.0003489999999999,0.0105,2
game meat,"deer, ground, raw","Lamb, Veal, and Game Products",157.0,21.78,7.13,0.0,0.0,0.0,0.464,0.0,0.45,5.7,0.287,0.547,11.0,2.92,21.0,0.014,201.0,4.2,0.0,0.00187,0.004,0.00014,0.01,2
game meat,"deer, ground, cooked, pan-broiled","Lamb, Veal, and Game Products",187.0,26.45,8.22,0.0,0.0,0.0,0.468,0.0,0.68,9.257,0.327,0.503,14.0,3.35,24.0,0.013,228.0,5.2,0.0,0.00232,0.008,0.0001,0.0103,2
game meat,"deer, loin, separable lean only, 1"" steak, cooked, broiled","Lamb, Veal, and Game Products",150.0,30.2,2.38,0.0,0.0,0.0,0.756,0.0,0.62,10.757,0.513,0.28,6.0,4.09,30.0,0.029,277.0,3.63,0.0,0.00183,0.009,0.000227,0.0133,2
game meat,"deer, shoulder clod, separable lean only, 3-5 lb roast, cooked, braised","Lamb, Veal, and Game Products",191.0,36.28,3.95,0.0,0.0,0.0,0.481,0.0,0.75,7.43,0.657,0.153,6.0,5.01,28.0,0.026,261.0,8.64,0.0,0.00306,0.011,0.000285,0.0177,2
game meat,"deer, tenderloin, separable lean only, 0.5-1 lb roast, cooked, broiled","Lamb, Veal, and Game Products",149.0,29.9,2.35,0.0,0.0,0.0,0.614,0.0,0.62,8.78,0.563,0.26,5.0,4.25,33.0,0.022,299.0,3.99,0.0,0.00362,0.009,0.000254,0.011,2
game meat,"deer, top round, separable lean only, 1"" steak, cooked, broiled","Lamb, Veal, and Game Products",152.0,31.47,1.92,0.0,0.0,0.0,0.71,0.0,0.64,8.4,0.5,0.25,4.0,4.23,30.0,0.018,272.0,3.67,0.0,0.00227,0.01,0.000272,0.0113,2
veal,"Australian, shank, fore, bone-in, separable lean only, raw","Lamb, Veal, and Game Products",123.0,20.18,4.65,0.0,0.0,0.0,0.0,0.0,0.0,0.0,0.0,0.0,16.0,1.0,0.0,0.0,0.0,0.0,0.0,0.0,0.0,0.0,0.0,2
veal,"Australian, shank, fore, bone-in, separable lean and fat, raw","Lamb, Veal, and Game Products",145.0,19.58,7.42,0.0,0.0,0.0,0.0,0.0,0.0,0.0,0.0,0.0,15.0,0.99,0.0,0.0,0.0,0.0,0.002,0.0,0.0,0.0,0.0,2
veal,"Australian, shank, hind, bone-in, separable lean only, raw","Lamb, Veal, and Game Products",122.0,20.37,4.47,0.0,0.0,0.0,0.0,0.0,0.0,0.0,0.0,0.0,17.0,3.08,0.0,0.0,0.0,0.0,0.0,0.0,0.0,0.0,0.0,2
veal,"Australian, shank, hind, bone-in, separable lean and fat","Lamb, Veal, and Game Products",144.0,19.78,7.2,0.0,0.0,0.0,0.0,0.0,0.0,0.0,0.0,0.0,16.0,2.95,0.0,0.0,0.0,0.0,0.002,0.0,0.0,0.0,0.0,2
lamb,"Australian, ground,  85% lean / 15% fat, raw","Lamb, Veal, and Game Products",255.0,17.14,20.71,0.0,0.0,0.0,0.0,0.0,0.0,0.0,0.0,0.0,9.0,1.41,0.0,0.0,0.0,0.0,0.0,0.0,0.0,0.0,0.0,2
lamb,"New Zealand, imported, Intermuscular fat, cooked","Lamb, Veal, and Game Products",596.0,8.53,62.44,0.0,0.0,0.0,0.067,0.0,0.94,1.74,0.104,0.131,6.0,1.39,12.0,0.006,118.0,1.77,0.034,0.0007,0.0,3.9e-05,0.0023,4
lamb,"New Zealand, imported, Intermuscular fat, raw","Lamb, Veal, and Game Products",640.0,4.63,68.53,1.26,0.0,0.0,0.052,0.0,0.84,1.13,0.034,0.094,5.0,0.72,6.0,0.002,61.0,0.87,0.046,0.00045,0.0,2.3e-05,0.0023,4
lamb,"New Zealand, imported, subcutaneous fat, raw","Lamb, Veal, and Game Products",703.0,3.87,76.16,0.55,0.0,0.0,0.032,0.0,1.18,1.06,0.038,0.088,3.0,0.47,5.0,0.002,45.0,0.46,0.044,0.00041,0.0,1.9e-05,0.0013,4
lamb,"New Zealand, imported, brains, cooked, soaked and fried","Lamb, Veal, and Game Products",154.0,14.03,10.92,0.0,0.0,0.0,0.081,0.0,1.12,2.995,0.219,0.084,6.0,1.21,15.0,0.036,384.0,1.33,0.002,0.00954,0.0,0.000283,0.0163,2
lamb,"New Zealand, imported, brains, raw","Lamb, Veal, and Game Products",118.0,11.33,8.03,0.0,0.0,0.0,0.087,0.0,0.87,3.812,0.203,0.102,4.0,1.07,14.0,0.031,327.0,1.1,0.003,0.00999,0.0,0.000298,0.0135,0
lamb,"New Zealand, imported, breast, separable lean only, cooked, braised","Lamb, Veal, and Game Products",270.0,28.16,17.53,0.0,0.0,0.0,0.089,0.0,0.39,3.654,0.13,0.026,25.0,1.89,20.0,0.002,152.0,4.8,0.005,0.0014399999999999,0.0,0.000138,0.0064,2
lamb,"New Zealand, imported, breast, separable lean only, raw","Lamb, Veal, and Game Products",149.0,18.31,7.98,1.02,0.0,0.0,0.143,0.0,0.31,4.949,0.159,0.055,13.0,1.15,21.0,0.007,180.0,2.93,0.009,0.00196,0.0,8.9e-05,0.004,2
lamb,"New Zealand, imported, chump, boneless, separable lean only, cooked, fast roasted","Lamb, Veal, and Game Products",142.0,23.69,5.27,0.0,0.0,0.0,0.175,0.0,0.33,3.571,0.188,0.138,4.0,1.73,25.0,0.013,205.0,3.24,0.005,0.00206,0.0,0.000158,0.006,2
lamb,"New Zealand, imported, subcutaneous fat, cooked","Lamb, Veal, and Game Products",674.0,5.24,72.28,0.62,0.0,0.0,0.061,0.0,1.02,1.53,0.058,0.094,6.0,0.7,9.0,0.005,84.0,1.03,0.06,0.0007,0.0,3e-05,0.0021,4
lamb,"New Zealand, imported, chump, boneless, separable lean only, raw","Lamb, Veal, and Game Products",121.0,21.68,3.83,0.0,0.0,0.0,0.15,0.0,0.32,5.256,0.128,0.154,4.0,1.52,24.0,0.013,201.0,2.89,0.005,0.00206,0.0,0.00014,0.0044,2
lamb,"New Zealand, imported, kidney, cooked, soaked and fried","Lamb, Veal, and Game Products",112.0,19.78,3.56,0.18,0.0,0.0,0.23,0.0,0.57,9.064,1.529,0.462,9.0,14.7,19.0,0.105,312.0,2.36,0.085,0.05556,0.0,0.000415,0.105,2
lamb,"New Zealand, imported, flap, boneless, separable lean only, cooked, braised","Lamb, Veal, and Game Products",234.0,27.88,13.6,0.0,0.0,0.0,0.091,0.0,0.34,3.343,0.148,0.014,9.0,1.21,18.0,0.002,137.0,4.21,0.01,0.00153,0.0,9.5e-05,0.0078,2
lamb,"New Zealand, imported, flap, boneless, separable lean only, raw","Lamb, Veal, and Game Products",180.0,21.72,10.31,0.0,0.0,0.0,0.115,0.0,0.37,4.617,0.139,0.043,7.0,0.96,19.0,0.002,164.0,3.15,0.009,0.00214,0.0,7.000000000000001e-05,0.0037,2
lamb,"New Zealand, imported, kidney, raw","Lamb, Veal, and Game Products",84.0,15.21,2.54,0.03,0.0,0.0,0.173,0.0,0.42,8.426,1.279,0.413,8.0,6.6,16.0,0.084,245.0,1.81,0.061,0.05037,0.0,0.000361,0.0935999999999999,2
lamb,"New Zealand, imported, liver, cooked, soaked and fried","Lamb, Veal, and Game Products",168.0,25.8,6.56,1.48,0.0,0.0,0.187,0.0,1.12,12.8,5.27,1.57,5.0,5.4,21.0,0.37,459.0,5.1,19.872,0.0575,0.0,0.0134,0.019,2
lamb,"New Zealand, imported, liver, raw","Lamb, Veal, and Game Products",136.0,20.7,4.92,2.22,0.0,0.0,0.218,0.0,0.86,13.7,4.21,1.21,4.0,4.6,18.0,0.33,381.0,3.4,15.434,0.059,0.0,0.0114,0.0111,2
lamb,"New Zealand, imported, ground lamb, cooked, braised","Lamb, Veal, and Game Products",192.0,22.6,11.34,0.0,0.0,0.0,0.134,0.0,0.4,3.308,0.153,0.02,4.0,1.27,15.0,0.002,122.0,3.38,0.008,0.0009599999999999,0.0,0.0001,0.0068,2
lamb,"New Zealand, imported, ground lamb, raw","Lamb, Veal, and Game Products",193.0,20.33,12.41,0.0,0.0,0.0,0.132,0.0,0.24,5.011,0.176,0.059,4.0,1.04,18.0,0.007,156.0,2.75,0.008,0.00162,0.0,8.999999999999999e-05,0.0047,2
lamb,"New Zealand, imported, heart, cooked, soaked and simmered","Lamb, Veal, and Game Products",161.0,26.26,6.21,0.0,0.0,0.0,0.125,0.0,0.63,4.229,0.838,0.229,5.0,4.94,22.0,0.028,237.0,2.66,0.004,0.0091799999999999,0.0,0.000643,0.0203,2
lamb,"New Zealand, imported, heart, raw","Lamb, Veal, and Game Products",105.0,18.09,3.68,0.0,0.0,0.0,0.144,0.0,0.65,5.757,0.537,0.52,5.0,3.29,20.0,0.022,204.0,1.65,0.005,0.0084,0.0,0.000412,0.0109,2
lamb,"New Zealand, imported, sweetbread, cooked, soaked and simmered","Lamb, Veal, and Game Products",144.0,21.13,6.61,0.0,0.0,0.0,0.0,0.0,1.13,1.375,0.096,0.075,6.0,1.06,25.0,0.017,550.0,1.93,0.008,0.0025,0.0,7.5e-05,0.0149,2
lamb,"New Zealand, imported, sweetbread, raw","Lamb, Veal, and Game Products",72.0,11.0,3.16,0.0,0.0,0.0,0.0,0.0,0.48,1.342,0.067,0.054,2.0,0.54,14.0,0.01,310.0,0.98,0.005,0.00183,0.0,6e-05,0.0086,0
lamb,"New Zealand, imported, testes, cooked, soaked and fried","Lamb, Veal, and Game Products",125.0,21.01,4.56,0.0,0.0,0.0,0.038,0.0,0.85,2.224,0.313,0.312,8.0,1.69,16.0,0.044,302.0,2.12,0.022,0.00888,0.0,0.000127,0.053,2
lamb,"New Zealand, imported, testes, raw","Lamb, Veal, and Game Products",68.0,11.4,2.38,0.14,0.0,0.0,0.033,0.0,0.31,1.744,0.214,0.315,5.0,1.14,11.0,0.029,179.0,1.14,0.01,0.00989,0.0,9.1e-05,0.0261999999999999,0
lamb,"New Zealand, imported, tongue - swiss cut, cooked, soaked and simmered","Lamb, Veal, and Game Products",272.0,17.51,22.04,0.86,0.0,0.0,0.077,0.0,0.16,2.272,0.341,0.036,6.0,1.74,15.0,0.02,143.0,2.07,0.001,0.00522,0.0,0.000199,0.0091,2
lamb,"New Zealand, imported, tongue - swiss cut, raw","Lamb, Veal, and Game Products",225.0,14.27,18.61,0.0,0.0,0.0,0.097,0.0,0.57,3.078,0.293,0.1,6.0,1.25,15.0,0.018,142.0,1.55,0.005,0.0060999999999999,0.0,0.000152,0.0054,2
lamb,"New Zealand, imported, tunnel-boned leg, chump off, shank off, separable lean only, cooked, slow roasted","Lamb, Veal, and Game Products",159.0,25.29,6.44,0.0,0.0,0.0,0.275,0.0,0.33,5.892,0.248,0.107,4.0,1.71,26.0,0.013,213.0,3.69,0.002,0.00158,0.0,0.000155,0.0046,2
lamb,"New Zealand, imported, tunnel-boned leg, chump off, shank off, separable lean only, raw","Lamb, Veal, and Game Products",121.0,20.93,4.09,0.0,0.0,0.0,0.225,0.0,0.3,5.234,0.201,0.14,4.0,1.4,24.0,0.011,197.0,3.26,0.003,0.00189,0.0,0.000123,0.0036,2
lamb,"New Zealand, imported, square-cut shoulder chops, separable lean only, cooked, braised","Lamb, Veal, and Game Products",255.0,31.06,14.56,0.0,0.0,0.0,0.11,0.0,0.63,2.897,0.214,0.031,40.0,1.89,22.0,0.011,175.0,6.2,0.008,0.00242,0.0,0.0001429999999999,0.0118,2
lamb,"New Zealand, imported, square-cut shoulder chops, separable lean only, raw","Lamb, Veal, and Game Products",164.0,20.62,9.08,0.0,0.0,0.0,0.063,0.0,0.39,3.862,0.18,0.068,27.0,1.18,21.0,0.008,189.0,3.29,0.006,0.00252,0.0,8.9e-05,0.0074,2
lamb,"New Zealand, imported, tenderloin, separable lean only, cooked, fast fried","Lamb, Veal, and Game Products",155.0,27.94,4.81,0.0,0.0,0.0,0.281,0.0,0.55,9.099,0.296,0.101,5.0,2.12,31.0,0.016,268.0,2.81,0.002,0.00241,0.0,0.0001799999999999,0.0065,2
lamb,"New Zealand, imported, tenderloin, separable lean only, raw","Lamb, Veal, and Game Products",116.0,20.53,3.81,0.0,0.0,0.0,0.247,0.0,0.41,7.301,0.215,0.075,4.0,1.63,26.0,0.012,222.0,2.16,0.001,0.00188,0.0,0.000136,0.005,2
lamb,"New Zealand, imported, loin saddle, separable lean only, cooked, fast roasted","Lamb, Veal, and Game Products",162.0,25.53,6.7,0.0,0.0,0.0,0.206,0.0,0.28,6.436,0.221,0.119,8.0,1.6,24.0,0.01,205.0,3.01,0.005,0.00163,0.0,0.000137,0.004,2
lamb,"New Zealand, imported, loin saddle, separable lean only, raw","Lamb, Veal, and Game Products",131.0,20.86,5.32,0.0,0.0,0.0,0.175,0.0,0.22,5.918,0.136,0.118,7.0,1.54,24.0,0.009,193.0,2.54,0.004,0.00113,0.0,0.000116,0.0042,2
lamb,"New Zealand, imported, loin, boneless, separable lean only, cooked, fast roasted","Lamb, Veal, and Game Products",156.0,28.99,4.49,0.0,0.0,0.0,0.205,0.0,0.34,7.133,0.187,0.062,6.0,2.05,28.0,0.01,234.0,2.7,0.001,0.00139,0.0,0.000167,0.0055,2
lamb,"New Zealand, imported, loin, boneless, separable lean only, raw","Lamb, Veal, and Game Products",120.0,21.5,3.77,0.0,0.0,0.0,0.176,0.0,0.33,6.356,0.162,0.072,4.0,1.55,26.0,0.01,217.0,2.1,0.002,0.00112,0.0,0.000127,0.0029,2
lamb,"New Zealand, imported, hind-shank, separable lean only, cooked, braised","Lamb, Veal, and Game Products",196.0,32.5,7.37,0.0,0.0,0.0,0.103,0.0,0.52,4.45,0.241,0.03,8.0,2.12,23.0,0.011,180.0,5.41,0.002,0.0016,0.0,0.000158,0.0092,2
lamb,"New Zealand, imported, hind-shank, separable lean only, raw","Lamb, Veal, and Game Products",115.0,20.4,3.35,0.73,0.0,0.0,0.148,0.0,0.29,4.852,0.164,0.064,5.0,1.46,22.0,0.011,185.0,3.45,0.002,0.0014299999999999,0.0,0.000108,0.0047,2
lamb,"New Zealand, imported, neck chops, separable lean only, raw","Lamb, Veal, and Game Products",151.0,19.84,7.97,0.0,0.0,0.0,0.121,0.0,0.24,4.297,0.145,0.08,23.0,1.24,20.0,0.007,175.0,3.48,0.005,0.00289,0.0,8.7e-05,0.0048,2
lamb,"New Zealand, imported, neck chops, separable lean only, cooked, braised","Lamb, Veal, and Game Products",264.0,31.4,15.36,0.0,0.0,0.0,0.077,0.0,0.57,4.151,0.14,0.026,58.0,2.28,22.0,0.01,194.0,5.72,0.008,0.002,0.0,0.000123,0.0078,2
lamb,"New Zealand, imported, netted shoulder, rolled, boneless, separable lean only, cooked, slow roasted","Lamb, Veal, and Game Products",199.0,25.14,10.91,0.0,0.0,0.0,0.118,0.0,0.34,4.279,0.188,0.116,7.0,1.38,23.0,0.01,197.0,5.0,0.006,0.00227,0.0,0.000118,0.0047,2
lamb,"New Zealand, imported, netted shoulder, rolled, boneless, separable lean only, raw","Lamb, Veal, and Game Products",143.0,20.2,6.88,0.0,0.0,0.0,0.113,0.0,0.21,5.204,0.142,0.138,5.0,1.16,21.0,0.009,175.0,3.8,0.005,0.0023799999999999,0.0,9.2e-05,0.0033,2
lamb,"New Zealand, imported, rack - fully frenched, separable lean only, cooked, fast roasted","Lamb, Veal, and Game Products",173.0,24.39,8.38,0.0,0.0,0.0,0.291,0.0,0.29,6.267,0.21,0.057,11.0,1.76,24.0,0.009,200.0,2.56,0.003,0.00131,0.0,0.000126,0.0044,2
lamb,"New Zealand, imported, rack - fully frenched, separable lean only, raw","Lamb, Veal, and Game Products",147.0,20.61,7.12,0.0,0.0,0.0,0.246,0.0,0.32,5.208,0.178,0.061,8.0,1.4,23.0,0.008,192.0,2.24,0.005,0.00105,0.0,0.0001049999999999,0.0029,2
lamb,"New Zealand, imported, loin chop, separable lean only, cooked, fast fried","Lamb, Veal, and Game Products",208.0,27.43,10.7,0.41,0.0,0.0,0.189,0.0,0.37,6.651,0.222,0.097,42.0,1.88,27.0,0.009,233.0,3.48,0.006,0.00184,0.0,0.000152,0.0073,2
lamb,"New Zealand, imported, square-cut shoulder, separable lean only, cooked, slow roasted","Lamb, Veal, and Game Products",192.0,25.08,10.13,0.0,0.0,0.0,0.189,0.0,0.22,4.238,0.231,0.056,14.0,1.47,22.0,0.009,197.0,4.59,0.001,0.00265,0.0,0.000114,0.0068,2
lamb,"New Zealand, imported, leg chop/steak, bone-in, separable lean only, cooked, fast fried","Lamb, Veal, and Game Products",162.0,26.31,6.35,0.0,0.0,0.0,0.166,0.0,0.2,6.393,0.15,0.138,10.0,2.03,27.0,0.01,223.0,3.93,0.002,0.00225,0.0,0.000157,0.0037,2
lamb,"New Zealand, imported, flap, boneless, separable lean and fat, cooked, braised","Lamb, Veal, and Game Products",376.0,20.48,32.63,0.14,0.0,0.0,0.081,0.0,0.57,2.744,0.122,0.046,8.0,1.11,15.0,0.003,122.0,3.2,0.024,0.00125,0.0,7.4e-05,0.0059,2
lamb,"New Zealand, imported, flap, boneless, separable lean and fat, raw","Lamb, Veal, and Game Products",337.0,16.17,30.14,0.27,0.0,0.0,0.091,0.0,0.58,3.501,0.106,0.058,6.0,0.84,15.0,0.002,129.0,2.35,0.02,0.0016,0.0,5.4e-05,0.0031,2
lamb,"New Zealand, imported, hind-shank, separable lean and fat, cooked, braised","Lamb, Veal, and Game Products",247.0,29.59,14.22,0.04,0.0,0.0,0.099,0.0,0.57,4.133,0.223,0.039,8.0,1.99,21.0,0.01,170.0,4.95,0.008,0.0015,0.0,0.0001439999999999,0.0084,2
lamb,"New Zealand, imported, hind-shank, separable lean and fat, raw","Lamb, Veal, and Game Products",186.0,18.39,12.12,0.73,0.0,0.0,0.134,0.0,0.4,4.388,0.148,0.067,5.0,1.34,20.0,0.009,168.0,3.09,0.007,0.00131,0.0,9.7e-05,0.0043,2
lamb,"New Zealand, imported, leg chop/steak, bone-in, separable lean and fat, cooked, fast fried","Lamb, Veal, and Game Products",212.0,24.26,12.76,0.04,0.0,0.0,0.155,0.0,0.28,5.899,0.142,0.135,10.0,1.93,25.0,0.009,210.0,3.66,0.007,0.00209,0.0,0.0001439999999999,0.0035,2
lamb,"New Zealand, imported, loin chop, separable lean and fat, cooked, fast fried","Lamb, Veal, and Game Products",332.0,21.5,27.11,0.41,0.0,0.0,0.153,0.0,0.54,5.229,0.18,0.1,31.0,1.62,22.0,0.008,194.0,2.86,0.019,0.00152,0.0,0.000118,0.0058,2
lamb,"New Zealand, imported, loin saddle, separable lean and fat, cooked, fast roasted","Lamb, Veal, and Game Products",274.0,21.13,20.98,0.1,0.0,0.0,0.173,0.0,0.44,5.334,0.187,0.116,7.0,1.44,21.0,0.009,179.0,2.61,0.016,0.0014199999999999,0.0,0.000113,0.0036,2
lamb,"New Zealand, imported, loin saddle, separable lean and fat, raw","Lamb, Veal, and Game Products",273.0,16.56,22.9,0.2,0.0,0.0,0.14,0.0,0.44,4.676,0.11,0.111,6.0,1.29,19.0,0.007,156.0,2.04,0.015,0.00095,0.0,9.1e-05,0.0035,2
lamb,"New Zealand, imported, loin, boneless, separable lean and fat, cooked, fast roasted","Lamb, Veal, and Game Products",157.0,28.96,4.57,0.0,0.0,0.0,0.205,0.0,0.34,7.126,0.187,0.062,6.0,2.05,28.0,0.01,234.0,2.69,0.001,0.00139,0.0,0.000167,0.0055,2
lamb,"New Zealand, imported, loin, boneless, separable lean and fat, raw","Lamb, Veal, and Game Products",122.0,21.44,3.99,0.0,0.0,0.0,0.175,0.0,0.34,6.338,0.162,0.072,4.0,1.55,26.0,0.01,217.0,2.09,0.002,0.00112,0.0,0.000127,0.0029,2
lamb,"New Zealand, imported, neck chops, separable lean and fat, cooked, braised","Lamb, Veal, and Game Products",307.0,28.53,21.43,0.03,0.0,0.0,0.075,0.0,0.62,3.855,0.134,0.036,52.0,2.14,21.0,0.009,183.0,5.21,0.013,0.00185,0.0,0.000113,0.0072,2
lamb,"New Zealand, imported, neck chops, separable lean and fat, raw","Lamb, Veal, and Game Products",231.0,17.43,17.9,0.14,0.0,0.0,0.109,0.0,0.36,3.801,0.128,0.082,20.0,1.14,18.0,0.006,156.0,3.05,0.011,0.0025099999999999,0.0,7.7e-05,0.0043,2
lamb,"New Zealand, imported, netted shoulder, rolled, boneless, separable lean and fat, cooked, slow roasted","Lamb, Veal, and Game Products",287.0,21.45,22.33,0.05,0.0,0.0,0.107,0.0,0.47,3.739,0.167,0.116,7.0,1.33,21.0,0.009,178.0,4.28,0.014,0.0019399999999999,0.0,0.000101,0.0042,2
lamb,"New Zealand, imported, netted shoulder, rolled, boneless, separable lean and fat, raw","Lamb, Veal, and Game Products",252.0,16.9,20.36,0.2,0.0,0.0,0.098,0.0,0.37,4.352,0.12,0.128,5.0,1.05,18.0,0.007,150.0,3.16,0.013,0.00198,0.0,7.7e-05,0.003,2
lamb,"New Zealand, imported, square-cut shoulder chops, separable lean and fat, cooked, braised","Lamb, Veal, and Game Products",322.0,26.79,23.86,0.05,0.0,0.0,0.102,0.0,0.69,2.674,0.19,0.046,34.0,1.74,20.0,0.01,162.0,5.35,0.015,0.00211,0.0,0.000124,0.0101,2
lamb,"New Zealand, imported, square-cut shoulder chops, separable lean and fat, raw","Lamb, Veal, and Game Products",275.0,17.02,22.84,0.23,0.0,0.0,0.059,0.0,0.52,3.25,0.148,0.073,22.0,1.06,18.0,0.007,160.0,2.73,0.015,0.00206,0.0,7.4e-05,0.0062,2
lamb,"New Zealand, imported, square-cut shoulder, separable lean and fat, cooked, slow roasted","Lamb, Veal, and Game Products",294.0,20.88,23.39,0.03,0.0,0.0,0.159,0.0,0.4,3.618,0.198,0.072,12.0,1.41,20.0,0.008,176.0,3.87,0.011,0.00218,0.0,9.5e-05,0.0057,2
lamb,"New Zealand, imported, tenderloin, separable lean and fat, cooked, fast fried","Lamb, Veal, and Game Products",157.0,27.87,5.0,0.0,0.0,0.0,0.28,0.0,0.55,9.074,0.295,0.101,5.0,2.11,31.0,0.016,268.0,2.8,0.002,0.00241,0.0,0.0001799999999999,0.0065,2
lamb,"New Zealand, imported, rack - fully frenched, separable lean and fat, cooked, fast roasted","Lamb, Veal, and Game Products",195.0,23.56,11.2,0.01,0.0,0.0,0.28,0.0,0.33,6.037,0.204,0.06,11.0,1.74,23.0,0.009,195.0,2.52,0.005,0.00128,0.0,0.000122,0.0043,2
lamb,"New Zealand, imported, rack - fully frenched, separable lean and fat, raw","Lamb, Veal, and Game Products",169.0,19.88,9.96,0.05,0.0,0.0,0.237,0.0,0.35,5.024,0.172,0.062,8.0,1.36,22.0,0.008,186.0,2.17,0.007,0.00103,0.0,0.000101,0.0028,2
lamb,"New Zealand, imported, tunnel-boned leg, chump off, shank off, separable lean and fat, cooked, slow roasted","Lamb, Veal, and Game Products",208.0,23.41,12.68,0.03,0.0,0.0,0.253,0.0,0.4,5.457,0.23,0.107,4.0,1.64,24.0,0.012,201.0,3.45,0.007,0.00149,0.0,0.0001429999999999,0.0044,2
lamb,"New Zealand, imported, tunnel-boned leg, chump off, shank off, separable lean and fat, raw","Lamb, Veal, and Game Products",121.0,20.93,4.09,0.0,0.0,0.0,0.225,0.0,0.3,5.234,0.201,0.14,4.0,1.4,24.0,0.011,197.0,3.26,0.003,0.00189,0.0,0.000123,0.0036,2
lamb,"New Zealand, imported, tenderloin, separable lean and fat, raw","Lamb, Veal, and Game Products",120.0,20.43,4.22,0.01,0.0,0.0,0.246,0.0,0.41,7.262,0.214,0.075,4.0,1.62,26.0,0.012,221.0,2.15,0.002,0.00187,0.0,0.000135,0.005,2
veal,"ground, cooked, pan-fried","Lamb, Veal, and Game Products",215.0,25.83,11.78,1.51,0.0,0.0,0.508,0.0,0.26,7.9,0.43,0.095,18.0,1.5,34.0,0.009,231.0,2.95,0.0,0.0035299999999999,0.006,0.000116,0.0185,2
veal,"leg, top round, cap off, cutlet, boneless, cooked, grilled","Lamb, Veal, and Game Products",151.0,31.89,2.63,0.0,0.0,0.0,0.761,0.0,0.43,10.1,0.47,0.093,6.0,1.39,38.0,0.017,277.0,3.29,0.0,0.00272,0.008,0.000112,0.0216,2
veal,"leg, top round, cap off, cutlet, boneless, raw","Lamb, Veal, and Game Products",107.0,22.07,2.07,0.0,0.0,0.0,0.599,0.0,0.31,9.28,0.34,0.1,4.0,0.81,30.0,0.017,212.0,1.97,0.0,0.00208,0.004,8.9e-05,0.016,2
veal,"loin, chop, separable lean only, cooked, grilled","Lamb, Veal, and Game Products",159.0,29.75,4.44,0.07,0.0,0.0,0.691,0.0,0.38,7.94,0.33,0.07,13.0,0.79,33.0,0.012,214.0,1.83,0.0,0.00289,0.007,0.000124,0.0261,2
veal,"shank, separable lean only, raw","Lamb, Veal, and Game Products",94.0,19.77,1.64,0.0,0.0,0.0,0.403,0.0,0.15,5.37,0.39,0.084,11.0,1.19,33.0,0.01,212.0,3.42,0.0,0.0019199999999999,0.003,0.000103,0.013,2
veal,"foreshank, osso buco, separable lean only, cooked, braised","Lamb, Veal, and Game Products",157.0,29.12,4.51,0.0,0.0,0.0,0.177,0.0,0.38,3.77,0.35,0.083,21.0,2.06,34.0,0.011,218.0,5.32,0.0,0.00188,0.005,0.0001189999999999,0.0207,2
veal,"shoulder, blade chop, separable lean only, cooked, grilled","Lamb, Veal, and Game Products",159.0,27.33,5.53,0.0,0.0,0.0,0.435,0.0,0.47,5.14,0.48,0.11,21.0,1.65,34.0,0.009,253.0,5.07,0.0,0.00366,0.007,0.00015,0.0184,2
veal,"external fat only, raw","Lamb, Veal, and Game Products",503.0,8.85,51.6,0.89,0.0,0.0,0.154,0.0,0.3,2.78,0.09,0.035,31.0,0.73,19.0,0.008,133.0,0.83,0.0,0.00135,0.0,4.5e-05,0.0052,4
veal,"external fat only, cooked","Lamb, Veal, and Game Products",540.0,15.28,53.23,0.0,0.0,0.0,0.214,0.0,0.45,4.16,0.16,0.053,58.0,1.09,26.0,0.044,168.0,1.42,0.0,0.00161,0.0,7.4e-05,0.0098,4
veal,"seam fat only, raw","Lamb, Veal, and Game Products",444.0,12.53,43.75,0.0,0.0,0.0,0.227,0.0,0.68,3.81,0.15,0.041,30.0,0.87,23.0,0.014,150.0,1.77,0.0,0.00156,0.0,5.6e-05,0.008,4
veal,"seam fat only, cooked","Lamb, Veal, and Game Products",505.0,11.16,50.17,2.11,0.0,0.0,0.203,0.0,0.52,2.84,0.16,0.047,43.0,1.15,24.0,0.034,152.0,2.0,0.0,0.00162,0.0,8.1e-05,0.0096999999999999,4
veal,"shank, separable lean and fat, raw","Lamb, Veal, and Game Products",107.0,19.28,3.3,0.0,0.0,0.0,0.392,0.0,0.17,5.254,0.376,0.082,12.0,1.17,32.0,0.01,207.0,3.32,0.0,0.00189,0.003,0.0001,0.0127,2
veal,"foreshank, osso buco, separable lean and fat, cooked, braised","Lamb, Veal, and Game Products",182.0,27.94,7.77,0.11,0.0,0.0,0.179,0.0,0.39,3.731,0.337,0.081,22.0,2.0,34.0,0.013,214.0,5.08,0.0,0.00186,0.004,0.000116,0.0198999999999999,2
veal,"loin, chop, separable lean and fat, cooked, grilled","Lamb, Veal, and Game Products",198.0,28.04,9.48,0.16,0.0,0.0,0.64,0.0,0.39,7.483,0.312,0.068,17.0,0.82,32.0,0.015,208.0,1.81,0.0,0.00275,0.006,0.0001189999999999,0.0243999999999999,2
veal,"shoulder, blade chop, separable lean and fat, cooked, grilled","Lamb, Veal, and Game Products",199.0,25.72,10.57,0.15,0.0,0.0,0.41,0.0,0.47,4.94,0.445,0.103,24.0,1.59,33.0,0.013,242.0,4.71,0.0,0.00344,0.006,0.0001419999999999,0.0174,2
bagels,"plain, enriched, with calcium propionate (includes onion, poppy, sesame)",Baked Products,264.0,10.56,1.32,52.38,8.43,1.6,0.07,0.0,7.46,4.515,0.344,0.568,219.0,3.57,29.0,0.539,99.0,0.83,0.0,0.0,0.163,0.000128,0.0215,3
bagels,"plain, toasted, enriched, with calcium propionate (includes onion, poppy, sesame)",Baked Products,288.0,11.14,1.72,57.11,5.82,2.6,0.07,0.0,0.12,4.375,0.27,0.602,99.0,4.5,24.0,0.575,92.0,1.3,0.0,0.0,0.203,0.00015,0.0252,3
bagels,egg,Baked Products,278.0,10.6,2.1,53.0,0.0,2.3,0.087,0.6,0.0,3.443,0.235,0.536,13.0,3.98,25.0,0.41,84.0,0.77,0.033,0.00016,0.134,8.999999999999999e-05,0.0306,3
bagels,cinnamon-raisin,Baked Products,274.0,9.8,1.7,55.2,5.98,2.3,0.062,0.7,0.31,3.08,0.277,0.384,19.0,3.8,28.0,0.876,100.0,1.13,0.021,0.0,0.174,0.000163,0.031,3
bagels,"cinnamon-raisin, toasted",Baked Products,294.0,10.6,1.8,59.3,6.43,2.5,0.06,0.6,0.34,2.981,0.268,0.33,20.0,4.09,23.0,0.328,83.0,0.81,0.023,0.0,0.162,0.00016,0.0332999999999999,3
bagels,oat bran,Baked Products,255.0,10.7,1.2,53.3,1.63,3.6,0.043,0.2,0.33,2.96,0.338,0.331,12.0,3.08,31.0,0.863,110.0,0.9,0.001,0.0,0.134,0.0001509999999999,0.0342,3
biscuits,"plain or buttermilk, frozen, baked",Baked Products,338.0,6.2,11.03,53.87,3.48,1.3,0.047,0.0,1.32,3.352,0.292,0.427,49.0,3.3,17.0,0.392,430.0,0.48,0.0,0.00014,0.111,8.3e-05,0.0188,3
biscuits,"plain or buttermilk, dry mix",Baked Products,428.0,8.0,15.4,63.4,11.65,2.1,0.076,0.3,0.13,4.542,0.437,0.575,179.0,2.77,25.0,0.34,585.0,0.6,0.002,0.00039,0.189,0.000154,0.0075,3
biscuits,"plain or buttermilk, dry mix, prepared",Baked Products,335.0,7.3,12.1,48.4,0.0,1.8,0.068,0.4,0.0,3.021,0.357,0.35,185.0,2.05,25.0,0.249,470.0,0.61,0.026,0.0002099999999999,0.084,0.000116,0.0062,3
biscuits,"plain or buttermilk, refrigerated dough, lower fat",Baked Products,270.0,6.7,7.83,43.7,7.18,2.0,0.024,0.1,0.06,3.295,0.222,0.448,26.0,2.13,15.0,0.301,400.0,0.39,0.0,0.0,0.14,7.9e-05,0.0189,3
biscuits,"plain or buttermilk, refrigerated dough, lower fat, baked",Baked Products,299.0,7.8,5.2,55.4,8.14,1.9,0.029,0.0,0.07,3.448,0.232,0.417,19.0,3.09,17.0,0.35,465.0,0.46,0.0,0.0,0.138,9.2e-05,0.0178,3
biscuits,"plain or buttermilk, refrigerated dough, higher fat",Baked Products,307.0,6.66,10.58,46.32,7.4,0.7,0.063,0.1,0.69,3.308,0.29,0.391,51.0,2.48,17.0,0.438,470.0,0.5,0.002,5e-05,0.089,8.999999999999999e-05,0.008,3
biscuits,"plain or buttermilk, refrigerated dough, higher fat, baked",Baked Products,324.0,6.79,11.22,49.05,8.19,2.8,0.046,0.0,0.67,3.684,0.299,0.447,27.0,2.57,18.0,0.49,446.0,0.41,0.0,0.0,0.1,8.599999999999999e-05,0.0136,3
biscuits,"plain or buttermilk, prepared from recipe",Baked Products,353.0,7.0,16.3,44.6,2.18,1.5,0.035,0.2,0.0,2.949,0.31,0.356,235.0,2.9,18.0,0.378,164.0,0.54,0.0,8e-05,0.095,8.2e-05,0.0195,3
biscuits,"mixed grain, refrigerated dough",Baked Products,263.0,6.1,5.6,47.4,0.0,0.0,0.065,0.0,0.0,3.4,0.21,0.39,17.0,2.75,30.0,0.659,236.0,0.6,0.0,0.0,0.133,0.000115,0.0,0
bread,"banana, prepared from recipe, made with margarine",Baked Products,326.0,4.3,10.5,54.6,0.0,1.1,0.15,1.7,0.0,1.446,0.2,0.172,21.0,1.4,14.0,0.209,58.0,0.35,0.106,0.0001,0.048,7.199999999999999e-05,0.0121,3
bread,"boston brown, canned",Baked Products,195.0,5.2,1.5,43.3,2.42,4.7,0.082,0.0,0.32,1.12,0.115,0.014,70.0,2.1,63.0,1.02,112.0,0.5,0.025,1e-05,0.014,8e-05,0.0219,0
bread,"cornbread, dry mix, enriched (includes corn muffin mix)",Baked Products,418.0,7.0,12.2,69.5,20.34,6.5,0.128,0.1,0.16,3.342,0.272,0.427,57.0,2.5,24.0,0.315,489.0,0.57,0.019,8.999999999999999e-05,0.15,8.5e-05,0.0056,3
bread,"cornbread, dry mix, prepared with 2% milk, 80% margarine, and eggs",Baked Products,330.0,6.59,9.58,54.46,16.05,2.3,0.085,0.1,0.51,2.004,0.175,0.19,135.0,1.85,17.0,0.222,391.0,0.67,0.035,0.00023,0.086,7.3e-05,0.0087,3
bread,"cornbread, prepared from recipe, made with low fat (2%) milk",Baked Products,266.0,6.7,7.1,43.5,0.0,0.0,0.113,0.3,0.0,2.254,0.294,0.291,249.0,2.5,25.0,0.118,169.0,0.6,0.0,0.00015,0.118,5.1e-05,0.0101,0
bread,cracked-wheat,Baked Products,260.0,8.7,3.9,49.5,0.0,5.5,0.304,0.0,0.0,3.671,0.24,0.358,43.0,2.81,52.0,1.371,153.0,1.24,0.0,2e-05,0.076,0.000222,0.0253,3
bread,egg,Baked Products,287.0,9.5,6.0,47.8,1.78,2.3,0.064,0.0,0.26,4.848,0.436,0.438,93.0,3.04,19.0,0.5,106.0,0.79,0.063,0.0001,0.13,0.000162,0.0301,3
bread,"egg, toasted",Baked Products,315.0,10.5,6.6,52.6,1.94,2.5,0.064,0.0,0.29,4.795,0.432,0.385,102.0,3.34,21.0,0.549,117.0,0.86,0.069,0.00011,0.128,0.000178,0.0329,3
bread,french or vienna (includes sourdough),Baked Products,272.0,10.75,2.42,51.88,4.62,2.2,0.107,0.0,0.21,4.817,0.427,0.71,52.0,3.91,32.0,0.577,105.0,1.04,0.0,0.0,0.17,0.000152,0.0286,3
bread,"french or vienna, toasted (includes sourdough)",Baked Products,319.0,13.0,2.14,61.93,3.59,3.1,0.096,0.2,0.19,5.38,0.37,0.427,47.0,3.87,31.0,0.573,126.0,1.05,0.0,0.0,0.217,0.00015,0.0297,3
bread,"irish soda, prepared from recipe",Baked Products,290.0,6.6,5.0,56.0,0.0,2.6,0.083,0.8,0.0,2.405,0.269,0.298,81.0,2.69,23.0,0.355,114.0,0.57,0.048,5e-05,0.073,0.00013,0.016,3
bread,italian,Baked Products,271.0,8.8,3.5,50.0,0.83,2.7,0.048,0.0,0.29,4.381,0.292,0.473,78.0,2.94,27.0,0.464,103.0,0.86,0.0,0.0,0.304,0.000191,0.0272,3
bread,Multi-Grain (includes whole-grain),Baked Products,265.0,13.36,4.23,43.34,6.39,7.4,0.263,0.1,0.37,4.042,0.131,0.279,103.0,2.5,78.0,2.025,228.0,1.7,0.0,0.0,0.075,0.0002819999999999,0.0329,3
bread,"Multi-Grain, toasted (includes whole-grain)",Baked Products,288.0,14.52,4.6,47.11,6.94,8.1,0.286,0.1,0.4,4.394,0.142,0.243,111.0,2.72,85.0,2.201,247.0,1.85,0.0,0.0,0.07,0.000307,0.0358,3
bread,oat bran,Baked Products,236.0,10.4,4.4,39.8,7.7,4.5,0.073,0.0,0.44,4.831,0.346,0.504,65.0,3.12,35.0,0.779,141.0,0.89,0.002,0.0,0.12,0.000135,0.03,3
bread,"oat bran, toasted",Baked Products,259.0,11.4,4.8,43.7,8.46,4.9,0.04,0.0,0.48,4.778,0.343,0.443,71.0,3.43,34.0,0.76,116.0,1.05,0.002,0.0,0.104,0.000128,0.033,3
bread,oatmeal,Baked Products,269.0,8.4,4.4,48.5,8.14,4.0,0.068,0.0,0.48,3.136,0.24,0.399,66.0,2.7,37.0,0.94,126.0,1.02,0.005,3e-05,0.087,0.0002089999999999,0.0246,3
bread,"oatmeal, toasted",Baked Products,292.0,9.2,4.8,52.7,8.84,4.3,0.067,0.3,0.53,3.068,0.235,0.347,72.0,2.94,41.0,1.022,137.0,1.11,0.005,2e-05,0.075,0.000227,0.0266999999999999,3
bread,"pita, white, enriched",Baked Products,275.0,9.1,1.2,55.7,1.3,2.2,0.034,0.0,0.3,4.632,0.327,0.599,86.0,2.62,26.0,0.481,97.0,0.84,0.0,0.0,0.165,0.000168,0.0271,3
bread,"pita, whole-wheat",Baked Products,266.0,9.8,2.6,55.0,0.82,7.4,0.265,0.0,0.61,2.84,0.08,0.339,15.0,3.06,69.0,1.74,180.0,1.52,0.0,0.0,0.035,0.00029,0.044,3
bread,protein (includes gluten),Baked Products,245.0,12.1,2.2,43.8,1.44,3.0,0.071,0.0,0.36,4.289,0.394,0.36,124.0,4.15,65.0,1.472,185.0,1.82,0.0,0.0,0.173,0.000417,0.0329,3
bread,pumpernickel,Baked Products,250.0,8.7,3.1,47.5,0.53,6.5,0.126,0.0,0.42,3.091,0.305,0.327,68.0,2.87,54.0,1.305,178.0,1.48,0.0,0.0,0.134,0.000287,0.0245,3
bread,"pumpernickel, toasted",Baked Products,275.0,9.5,3.4,52.2,0.58,7.1,0.124,0.0,0.46,3.057,0.301,0.287,74.0,3.15,60.0,1.434,195.0,1.62,0.0,0.0,0.129,0.000315,0.0269,3
bread,"raisin, enriched",Baked Products,274.0,7.9,4.4,52.3,5.68,4.3,0.069,0.1,0.28,3.466,0.398,0.339,66.0,2.9,26.0,0.501,109.0,0.72,0.0,0.0,0.156,0.000198,0.02,3
bread,"raisin, toasted, enriched",Baked Products,297.0,8.6,4.8,56.9,6.18,4.7,0.068,0.4,0.31,3.391,0.39,0.294,72.0,3.15,28.0,0.545,118.0,0.78,0.0,0.0,0.148,0.000215,0.0217,3
bread,"reduced-calorie, oat bran",Baked Products,201.0,8.0,3.2,41.3,3.52,12.0,0.103,0.0,0.28,3.763,0.203,0.354,57.0,3.15,55.0,1.101,139.0,1.05,0.0,0.0,0.114,0.0002909999999999,0.0206,3
bread,"reduced-calorie, oat bran, toasted",Baked Products,239.0,9.5,3.8,49.2,4.2,14.3,0.087,0.0,0.33,4.032,0.217,0.338,68.0,3.75,55.0,1.006,144.0,1.19,0.0,0.0,0.115,0.000147,0.0245,3
bread,"reduced-calorie, oatmeal",Baked Products,210.0,7.6,3.5,43.3,0.0,0.0,0.045,0.2,0.0,3.03,0.28,0.348,115.0,2.3,24.0,0.539,100.0,0.83,0.0,0.0001,0.07,9.9e-05,0.023,0
bread,"reduced-calorie, rye",Baked Products,203.0,9.1,2.9,40.5,2.29,12.0,0.077,0.4,0.28,2.527,0.24,0.367,76.0,3.1,22.0,0.453,78.0,0.66,0.0,4e-05,0.083,0.000133,0.0278999999999999,3
bread,"reduced-calorie, wheat",Baked Products,217.0,13.32,2.92,42.47,3.71,11.1,0.06,0.1,0.24,3.78,0.14,0.35,163.0,2.91,43.0,1.21,149.0,1.35,0.0,0.0,0.135,0.000171,0.0304,3
bread,"reduced-calorie, white",Baked Products,207.0,8.7,2.5,44.3,4.76,9.7,0.042,0.5,0.19,3.641,0.289,0.41,94.0,3.19,23.0,0.391,121.0,1.34,0.0,0.00028,0.138,0.00033,0.0217,3
bread,rice bran,Baked Products,243.0,8.9,4.6,43.5,4.67,4.9,0.268,0.0,0.65,6.81,0.3,0.653,69.0,3.61,80.0,1.585,178.0,1.31,0.0,0.0,0.125,0.000184,0.0287,3
bread,rye,Baked Products,259.0,8.5,3.3,48.3,3.85,5.8,0.075,0.4,0.33,3.805,0.335,0.434,73.0,2.83,40.0,0.824,125.0,1.14,0.0,0.0,0.151,0.000186,0.0308999999999999,3
bread,"rye, toasted",Baked Products,284.0,9.4,3.6,53.1,4.23,6.4,0.074,0.2,0.37,3.763,0.332,0.382,80.0,3.1,43.0,0.905,138.0,1.25,0.0,0.0,0.148,0.000204,0.034,3
bread,wheat,Baked Products,267.0,10.72,3.24,48.68,5.91,4.0,0.111,0.2,0.19,5.62,0.253,0.415,133.0,3.49,45.0,1.177,149.0,1.19,0.0,0.0,0.099,0.000159,0.0288,3
bread,"wheat, toasted",Baked Products,313.0,12.96,4.27,55.77,6.42,4.7,0.153,0.2,0.24,6.25,0.382,0.439,165.0,4.09,59.0,1.377,188.0,1.47,0.0,0.0,0.1,0.000198,0.0334,3
bread,wheat bran,Baked Products,248.0,8.8,3.4,47.8,9.68,4.0,0.176,0.0,0.32,4.402,0.287,0.397,74.0,3.07,81.0,1.668,185.0,1.35,0.0,0.0,0.161,0.000221,0.031,3
bread,wheat germ,Baked Products,261.0,9.6,2.9,48.3,3.73,2.1,0.079,0.2,0.51,4.498,0.375,0.369,89.0,3.45,28.0,0.845,121.0,0.98,0.0,7.000000000000001e-05,0.162,0.000204,0.0272,3
bread,"white, commercially prepared (includes soft bread crumbs)",Baked Products,266.0,8.85,3.33,49.42,5.67,2.7,0.087,0.0,0.22,4.78,0.243,0.533,144.0,3.61,23.0,0.536,98.0,0.74,0.0,0.0,0.171,0.000101,0.022,3
bread,"white, commercially prepared, toasted",Baked Products,293.0,9.0,4.0,54.4,4.74,2.5,0.063,0.0,0.24,3.926,0.337,0.415,119.0,3.33,26.0,0.421,103.0,0.68,0.0,2e-05,0.159,0.000138,0.031,3
bread,"white, prepared from recipe, made with nonfat dry milk",Baked Products,274.0,7.7,2.6,53.6,0.0,2.0,0.037,0.0,0.0,3.731,0.352,0.431,32.0,3.18,17.0,0.46,96.0,0.59,0.012,2e-05,0.126,0.000112,0.0231,3
bread,"white, prepared from recipe, made with low fat (2%) milk",Baked Products,285.0,7.9,5.7,49.6,0.0,2.0,0.051,0.2,0.0,3.588,0.383,0.405,57.0,2.97,19.0,0.416,115.0,0.64,0.022,8e-05,0.125,0.000115,0.0213,3
bread,"whole-wheat, commercially prepared",Baked Products,252.0,12.45,3.5,42.71,4.34,6.0,0.215,0.0,2.66,4.438,0.167,0.394,161.0,2.47,75.0,2.174,212.0,1.77,0.0,0.0,0.042,0.000227,0.0257,3
bread,"whole-wheat, commercially prepared, toasted",Baked Products,306.0,16.27,4.07,51.16,5.77,9.2,0.237,0.0,0.63,5.732,0.284,0.376,130.0,2.96,99.0,2.545,303.0,2.15,0.0,0.0,0.052,0.00067,0.0526,3
bread,"whole-wheat, prepared from recipe",Baked Products,278.0,8.4,5.4,51.4,3.84,6.0,0.199,0.0,0.76,3.985,0.227,0.303,33.0,3.1,81.0,1.881,187.0,1.5,0.0,0.0,0.078,0.000253,0.0386,3
bread,"whole-wheat, prepared from recipe, toasted",Baked Products,305.0,9.2,5.9,56.4,4.22,6.7,0.197,0.0,0.84,3.941,0.225,0.266,36.0,3.4,89.0,2.067,205.0,1.65,0.0,0.0,0.089,0.000278,0.0425,3
bread crumbs,"dry, grated, plain",Baked Products,395.0,13.35,5.3,71.98,6.2,4.5,0.121,0.0,0.08,6.634,0.403,0.967,183.0,4.83,43.0,0.919,165.0,1.45,0.0,0.00035,0.164,0.000255,0.0252,3
bread sticks,plain,Baked Products,412.0,12.0,9.5,68.4,1.26,3.0,0.073,0.0,1.01,5.281,0.553,0.589,22.0,4.28,32.0,0.557,121.0,0.88,0.0,0.0,0.255,0.000188,0.0375,3
bread stuffing,"bread, dry mix",Baked Products,386.0,11.0,3.4,76.2,8.27,3.2,0.152,0.0,0.38,5.766,0.404,0.596,97.0,3.81,40.0,0.594,141.0,0.93,0.0,2e-05,0.225,0.0002379999999999,0.048,3
bread stuffing,"bread, dry mix, prepared",Baked Products,177.0,3.2,8.6,21.7,2.11,2.9,0.04,0.0,1.4,1.475,0.107,0.136,32.0,1.09,12.0,0.169,42.0,0.28,0.118,1e-05,0.054,7.199999999999999e-05,0.0498,0
bread stuffing,"cornbread, dry mix",Baked Products,389.0,10.0,4.2,76.7,4.77,14.3,0.146,3.5,0.0,4.873,0.348,0.509,78.0,3.25,44.0,0.529,113.0,0.75,0.008,1e-05,0.269,0.000228,0.0296,3
bread stuffing,"cornbread, dry mix, prepared",Baked Products,179.0,2.9,8.8,21.9,3.92,2.9,0.038,0.8,0.85,1.247,0.092,0.117,26.0,0.94,13.0,0.114,34.0,0.23,0.078,1e-05,0.159,6.900000000000001e-05,0.0306999999999999,0
cake,"angelfood, commercially prepared",Baked Products,258.0,5.9,0.8,57.8,0.0,1.5,0.031,0.0,0.0,0.883,0.491,0.102,140.0,0.52,12.0,0.085,324.0,0.07,0.0,6e-05,0.057,7.8e-05,0.0073,3
cake mix,"angelfood, dry",Baked Products,366.0,6.4,0.27,86.13,61.33,0.5,0.009,0.0,0.0,0.267,0.267,0.0,153.0,0.27,11.0,0.142,337.0,0.16,0.0,5e-05,0.06,9.4e-05,0.0126,1
cake,"angelfood, dry mix, prepared",Baked Products,257.0,6.1,0.3,58.7,30.51,0.2,0.006,0.0,0.01,0.171,0.202,0.092,84.0,0.23,8.0,0.063,232.0,0.13,0.0,3e-05,0.029,6.8e-05,0.0153,1
cake,"boston cream pie, commercially prepared",Baked Products,252.0,2.4,8.5,42.9,36.11,1.4,0.026,0.2,0.15,0.191,0.27,0.408,23.0,0.38,6.0,0.05,49.0,0.16,0.024,0.00016,0.018,4.2e-05,0.0040999999999999,1
cake,"carrot, dry mix, pudding-type",Baked Products,415.0,5.1,9.8,79.2,0.0,0.0,0.079,1.2,0.0,2.205,0.17,0.265,172.0,1.8,8.0,0.528,247.0,0.2,0.097,4e-05,0.104,5e-05,0.0149,3
cake,cherry fudge with chocolate frosting,Baked Products,264.0,2.4,12.5,38.0,32.94,1.2,0.06,13.6,0.75,0.7,0.19,0.03,48.0,1.1,19.0,0.067,105.0,0.28,0.077,0.0002099999999999,0.013,5.7e-05,0.0034,1
cake,"chocolate, commercially prepared with chocolate frosting, in-store bakery",Baked Products,389.0,3.48,20.05,52.84,39.96,2.2,0.0,0.1,4.33,0.773,0.057,0.0,30.0,3.04,31.0,0.329,137.0,0.58,0.001,0.0,0.023,0.000216,0.0078,1
cake,"chocolate, dry mix, pudding-type",Baked Products,391.0,4.6,8.14,80.16,39.53,2.3,0.031,0.1,0.65,2.417,0.17,0.21,133.0,2.92,41.0,0.213,286.0,0.78,0.001,0.0005,0.085,0.000272,0.0033,1
cake,"chocolate, prepared from recipe without frosting",Baked Products,371.0,5.3,15.1,53.4,0.0,1.6,0.041,0.2,0.0,1.137,0.213,0.141,60.0,1.61,32.0,0.28,106.0,0.69,0.0,0.00016,0.039,0.000207,0.0119,3
cake,"white, prepared from recipe with coconut frosting",Baked Products,356.0,4.4,10.3,63.2,57.39,1.0,0.029,0.1,0.12,1.063,0.189,0.128,90.0,1.16,12.0,0.277,70.0,0.33,0.012,6e-05,0.051,6.7e-05,0.0107,1
coffeecake,cheese,Baked Products,339.0,7.0,15.2,44.3,0.0,1.0,0.058,0.1,0.0,0.682,0.125,0.105,59.0,0.64,15.0,0.172,101.0,0.59,0.086,0.00034,0.053,5.2e-05,0.0133,3
coffeecake,"cinnamon with crumb topping, commercially prepared, enriched",Baked Products,418.0,6.8,23.3,46.7,0.0,2.0,0.027,0.3,0.0,1.678,0.229,0.209,54.0,1.91,22.0,0.45,108.0,0.81,0.033,0.0001799999999999,0.081,0.000125,0.0172,3
coffeecake,creme-filled with chocolate frosting,Baked Products,331.0,5.0,10.8,53.8,0.0,2.0,0.041,0.1,0.0,0.84,0.074,0.08,38.0,0.51,15.0,0.19,75.0,0.44,0.037,0.0002,0.058,7.000000000000001e-05,0.0144,3
coffeecake,fruit,Baked Products,311.0,5.2,10.2,51.5,0.0,2.5,0.037,0.8,0.0,2.573,0.19,0.037,45.0,2.43,17.0,0.24,118.0,0.65,0.007,2e-05,0.067,3e-05,0.0165,3
coffeecake,"cinnamon with crumb topping, dry mix",Baked Products,436.0,4.8,12.0,77.7,42.52,1.8,0.044,0.2,0.12,2.505,0.13,0.291,148.0,1.9,19.0,0.411,256.0,0.34,0.007,0.0,0.136,0.00022,0.0161,1
coffeecake,"cinnamon with crumb topping, dry mix, prepared",Baked Products,318.0,5.5,9.6,52.8,29.53,1.2,0.05,0.2,0.2,1.519,0.175,0.167,136.0,1.43,18.0,0.31,215.0,0.45,0.035,0.00014,0.073,0.000149,0.0167,1
cake,"fruitcake, commercially prepared",Baked Products,324.0,2.9,9.1,61.6,27.42,3.7,0.046,0.5,0.9,0.791,0.099,0.05,33.0,2.07,16.0,0.22,52.0,0.27,0.007,1e-05,0.032,5e-05,0.002,1
cake mix,"pudding, dry, german chocolate",Baked Products,350.0,4.17,3.24,81.25,42.13,2.1,0.035,0.0,0.08,2.315,0.231,0.231,189.0,3.01,22.0,0.105,294.0,0.42,0.001,0.0,0.08,0.000156,0.0031,1
cake,"gingerbread, dry mix",Baked Products,437.0,4.4,13.8,74.6,46.62,1.7,0.041,0.2,0.2,2.55,0.24,0.34,94.0,4.7,21.0,0.556,226.0,0.36,0.0,0.0,0.077,0.000246,0.0021,1
cake,"gingerbread, prepared from recipe",Baked Products,356.0,3.9,16.4,49.2,0.0,0.0,0.19,0.1,0.0,1.738,0.162,0.19,71.0,2.88,70.0,0.683,54.0,0.39,0.014,6e-05,0.051,0.000195,0.0163,3
cake,"marble, dry mix, pudding-type",Baked Products,416.0,3.4,11.7,79.5,35.71,2.9,0.025,0.0,0.85,1.546,0.13,0.181,76.0,1.62,18.0,0.139,275.0,0.35,0.001,0.0,0.055,0.000135,0.0026,1
cake,"pineapple upside-down, prepared from recipe",Baked Products,319.0,3.5,12.1,50.5,0.0,0.8,0.034,1.2,0.0,1.19,0.156,0.153,120.0,1.48,13.0,0.35,82.0,0.31,0.062,8e-05,0.039,8.7e-05,0.0094,3
cake,"pound, commercially prepared, butter (includes fresh and frozen)",Baked Products,353.0,5.0,13.96,53.64,33.36,0.6,0.036,0.0,0.65,1.615,0.249,0.173,47.0,1.48,8.0,0.11,140.0,0.43,0.07,0.0003599999999999,0.052,4.2e-05,0.005,1
cake,"pound, commercially prepared, other than all butter, enriched",Baked Products,389.0,5.2,17.9,52.5,0.0,1.0,0.023,0.1,0.0,1.349,0.26,0.143,64.0,1.62,13.0,0.088,134.0,0.39,0.035,0.00014,0.055,5.4e-05,0.0068,3
cake,"shortcake, biscuit-type, prepared from recipe",Baked Products,346.0,6.1,14.2,48.5,0.0,0.0,0.03,0.2,0.0,2.573,0.272,0.311,205.0,2.54,16.0,0.33,143.0,0.48,0.018,7.000000000000001e-05,0.083,7.6e-05,0.017,3
cake,"snack cakes, creme-filled, chocolate with frosting",Baked Products,399.0,3.63,15.93,60.31,37.76,3.2,0.143,1.9,1.09,0.925,0.075,0.037,116.0,3.6,36.0,0.485,87.0,1.04,0.001,6e-05,0.035,0.000305,0.0034,1
cake,"snack cakes, creme-filled, sponge",Baked Products,374.0,3.47,11.54,64.03,37.3,1.0,0.0,0.1,0.62,1.549,0.168,0.181,24.0,1.36,8.0,0.305,185.0,0.6,0.005,0.00019,0.054,0.000148,0.0035,1
cake,"white, dry mix, special dietary (includes lemon-flavored)",Baked Products,397.0,3.0,8.4,79.6,0.0,0.0,0.018,0.0,0.0,2.395,0.179,0.289,26.0,1.99,10.0,0.3,296.0,0.3,0.0,0.0,0.111,5.7e-05,0.0025,3
cake,"sponge, commercially prepared",Baked Products,290.0,5.4,2.7,61.0,36.66,0.5,0.052,0.0,0.24,1.932,0.269,0.243,70.0,2.72,11.0,0.21,137.0,0.51,0.044,0.0002399999999999,0.071,6.2e-05,0.0091,1
cake,"sponge, prepared from recipe",Baked Products,297.0,7.3,4.3,57.7,0.0,0.0,0.059,0.0,0.0,1.204,0.301,0.159,42.0,1.58,9.0,0.167,100.0,0.59,0.077,0.00037,0.053,5.6e-05,0.0185,3
cake,"white, dry mix, pudding-type, enriched",Baked Products,423.0,3.9,9.5,80.9,48.95,0.7,0.018,0.0,0.08,2.425,0.18,0.28,77.0,1.36,9.0,0.278,277.0,0.25,0.0,4e-05,0.135,5.6e-05,0.0027,1
cake,"white, prepared from recipe without frosting",Baked Products,357.0,5.4,12.4,57.2,35.49,0.8,0.021,0.2,0.12,1.533,0.242,0.186,130.0,1.52,12.0,0.197,93.0,0.32,0.015,8e-05,0.06,5.9e-05,0.013,1
cake,"yellow, commercially prepared, with chocolate frosting, in-store bakery",Baked Products,379.0,3.16,17.75,55.36,39.22,1.5,0.0,0.0,4.5,0.8,0.093,0.043,32.0,2.03,20.0,0.222,138.0,0.42,0.007,0.0,0.032,0.000159,0.0059,1
cake,"yellow, commercially prepared, with vanilla frosting",Baked Products,391.0,2.99,17.91,56.2,41.79,0.3,0.043,0.0,1.19,0.5,0.07,0.1,62.0,1.07,6.0,0.095,143.0,0.25,0.032,0.00015,0.04,3.4e-05,0.0055,1
cake,"yellow, dry mix, pudding-type",Baked Products,423.0,4.0,9.8,80.0,44.21,0.7,0.016,0.0,0.77,2.588,0.188,0.307,115.0,1.57,9.0,0.28,253.0,0.27,0.0,5e-05,0.171,5.8e-05,0.0024,1
cake,"yellow, dry mix, regular, enriched",Baked Products,374.0,3.7,3.5,81.92,43.29,1.2,0.077,0.0,0.92,2.315,0.231,0.231,211.0,2.08,10.0,0.191,310.0,0.27,0.0,0.0001,0.108,7.199999999999999e-05,0.003,1
cake,"yellow, prepared from recipe without frosting",Baked Products,361.0,5.3,14.6,53.0,0.0,0.7,0.036,0.2,0.0,1.456,0.233,0.183,146.0,1.64,12.0,0.19,117.0,0.45,0.04,0.00016,0.051,5.6e-05,0.0136999999999999,3
cheesecake commercially prepared,No_descr,Baked Products,321.0,5.5,22.5,25.5,21.8,0.4,0.052,0.4,0.56,0.195,0.193,0.028,51.0,0.63,11.0,0.14,93.0,0.51,0.159,0.00017,0.02,2e-05,0.0052,0
cheesecake prepared from mix,no-bake type,Baked Products,274.0,5.5,12.7,35.5,0.0,1.9,0.052,0.5,0.0,0.493,0.263,0.121,172.0,0.47,19.0,0.12,234.0,0.46,0.096,0.00031,0.038,2.9e-05,0.0047,0
cookies,"animal crackers (includes arrowroot, tea biscuits)",Baked Products,446.0,6.9,13.8,74.1,23.3,1.1,0.022,0.0,0.12,3.47,0.326,0.35,43.0,2.75,18.0,0.423,114.0,0.64,0.0,5e-05,0.165,0.000157,0.007,1
cookies,"brownies, commercially prepared",Baked Products,405.0,4.8,16.3,63.9,36.61,2.1,0.035,0.0,0.15,1.721,0.21,0.255,29.0,2.25,31.0,0.128,101.0,0.72,0.02,7.000000000000001e-05,0.072,0.000224,0.0063,1
cookies,"brownies, dry mix, regular",Baked Products,434.0,4.0,14.9,76.6,0.0,0.0,0.067,0.3,0.0,1.882,0.162,0.165,19.0,1.99,40.0,0.351,82.0,0.64,0.001,0.0,0.053,0.000276,0.0026,3
cookies,"brownies, prepared from recipe",Baked Products,466.0,6.2,29.1,50.2,0.0,0.0,0.094,0.3,0.0,0.982,0.19,0.141,57.0,1.84,53.0,0.587,132.0,0.97,0.176,0.00016,0.039,0.000388,0.0115,3
cookies,"butter, commercially prepared, enriched",Baked Products,467.0,6.1,18.8,68.9,20.24,0.8,0.036,0.0,0.58,3.19,0.335,0.37,29.0,2.22,12.0,0.17,102.0,0.38,0.165,0.0003599999999999,0.125,0.0002,0.0084,1
cookies,"fudge, cake-type (includes trolley cakes)",Baked Products,349.0,5.0,3.7,78.3,0.0,2.8,0.031,0.1,0.0,1.203,0.194,0.226,34.0,2.48,32.0,0.322,83.0,0.55,0.0,8e-05,0.067,0.0002909999999999,0.0036,3
cookies,chocolate wafers,Baked Products,433.0,6.6,14.2,72.7,37.43,3.4,0.051,0.0,0.72,2.858,0.266,0.203,31.0,4.01,53.0,0.696,132.0,1.09,0.003,8.999999999999999e-05,0.075,0.000463,0.0057,1
cookies,"chocolate chip, commercially prepared, regular, lower fat",Baked Products,451.0,5.97,17.91,67.49,32.84,3.0,0.022,0.0,1.47,1.982,0.185,0.263,0.0,3.22,32.0,0.394,63.0,0.59,0.0,0.0,0.096,0.000204,0.006,1
cookies,"chocolate chip, commercially prepared, regular, higher fat, enriched",Baked Products,492.0,5.1,24.72,65.36,32.9,2.0,0.058,0.0,2.01,2.665,0.297,0.292,21.0,5.58,41.0,0.62,109.0,0.72,0.0,3e-05,0.092,0.000323,0.0039,1
cookies,"chocolate chip, commercially prepared, soft-type",Baked Products,444.0,3.63,19.77,65.75,37.1,1.8,0.05,0.0,1.55,2.06,0.283,0.14,17.0,4.07,29.0,0.423,61.0,0.54,0.0,0.0,0.045,0.000227,0.0031,1
cookies,"chocolate chip, dry mix",Baked Products,497.0,4.6,25.2,66.1,0.0,0.0,0.017,0.0,0.0,1.99,0.205,0.195,43.0,2.07,36.0,0.363,80.0,0.6,0.0,0.0,0.083,0.0003,0.0024,3
cookies,"chocolate chip, refrigerated dough",Baked Products,451.0,3.98,21.33,61.02,38.04,1.5,0.038,0.0,0.0,1.975,0.191,0.187,14.0,2.0,24.0,0.373,69.0,0.5,0.004,8e-05,0.091,0.0001799999999999,0.005,1
cookies,"chocolate chip, refrigerated dough, baked",Baked Products,492.0,4.9,22.6,68.2,0.0,1.7,0.005,0.0,0.0,1.975,0.191,0.166,28.0,2.5,27.0,0.473,76.0,0.56,0.018,7.000000000000001e-05,0.07,0.0002,0.0056,3
cookies,"chocolate chip, prepared from recipe, made with margarine",Baked Products,488.0,5.7,28.3,58.4,0.0,2.8,0.085,0.3,0.0,1.362,0.178,0.185,39.0,2.46,55.0,0.663,100.0,0.93,0.143,8e-05,0.047,0.000383,0.0111,3
cookies,"chocolate sandwich, with creme filling, regular",Baked Products,464.0,5.21,19.14,71.0,40.67,2.9,0.023,0.0,2.47,2.603,0.238,0.197,21.0,12.14,47.0,0.7,93.0,0.74,0.001,0.0,0.102,0.000334,0.0052,1
cookies,"chocolate sandwich, with creme filling, regular, chocolate-coated",Baked Products,481.0,3.6,26.4,66.4,49.58,5.2,0.044,0.0,1.58,1.373,0.204,0.095,35.0,3.13,39.0,0.372,90.0,0.58,0.002,5e-05,0.026,0.000315,0.0032,1
cookies,"chocolate sandwich, with extra creme filling",Baked Products,497.0,4.33,24.52,68.2,46.0,2.7,0.0,0.0,1.89,1.937,0.12,0.115,16.0,7.8,36.0,0.497,69.0,0.78,0.0,2e-05,0.069,0.000337,0.0081,1
cookies,fig bars,Baked Products,348.0,3.7,7.3,70.9,46.36,4.6,0.075,0.3,0.65,1.874,0.217,0.158,64.0,2.9,27.0,0.343,62.0,0.39,0.009,8.999999999999999e-05,0.053,0.000147,0.0033,1
cookies,fortune,Baked Products,378.0,4.2,2.7,84.0,45.42,1.6,0.013,0.0,0.03,1.84,0.13,0.182,12.0,1.44,7.0,0.19,35.0,0.17,0.001,1e-05,0.105,6e-05,0.0029,1
cookies,gingersnaps,Baked Products,416.0,5.6,9.8,76.9,19.92,2.2,0.098,0.0,0.97,3.235,0.293,0.2,77.0,6.4,49.0,1.555,83.0,0.55,0.0,0.0,0.145,0.000305,0.0050999999999999,3
cookies,"graham crackers, plain or honey (includes cinnamon)",Baked Products,430.0,6.69,10.6,77.66,24.85,3.4,0.156,0.0,1.51,4.439,0.317,0.265,77.0,3.78,40.0,1.019,185.0,0.96,0.0,0.0,0.142,0.00017,0.0063,1
cookies,"graham crackers, chocolate-coated",Baked Products,500.0,4.0,25.8,66.78,37.3,2.2,0.064,0.1,0.99,1.7,0.15,0.27,46.0,2.0,16.0,0.464,87.0,0.2,0.002,0.0001,0.077,0.000194,0.0111,1
cookies,"ladyfingers, with lemon juice and rind",Baked Products,365.0,10.6,9.1,59.7,25.39,1.0,0.122,3.7,0.63,2.104,0.428,0.284,47.0,3.58,12.0,0.24,173.0,1.14,0.003,0.00075,0.076,9.5e-05,0.0211,1
cookies,"marshmallow, chocolate-coated (includes marshmallow pies)",Baked Products,421.0,4.0,16.9,67.7,44.8,2.0,0.062,0.1,0.14,0.784,0.208,0.093,46.0,2.53,36.0,0.285,97.0,0.65,0.001,0.00017,0.037,0.000262,0.0044,1
cookies,molasses,Baked Products,430.0,5.6,12.8,73.8,17.6,1.0,0.104,0.0,0.11,3.031,0.264,0.355,74.0,6.43,52.0,1.257,95.0,0.45,0.0,0.0,0.146,0.000373,0.0056,3
cookies,"oatmeal, commercially prepared, regular",Baked Products,450.0,6.2,18.1,68.7,24.66,2.8,0.066,0.5,0.26,2.227,0.23,0.267,37.0,2.58,33.0,0.839,138.0,0.79,0.005,0.0,0.095,0.000134,0.0098,1
cookies,"oatmeal, commercially prepared, soft-type",Baked Products,409.0,6.1,14.7,65.7,0.0,2.7,0.085,0.2,0.0,1.823,0.228,0.186,90.0,2.79,30.0,0.421,209.0,0.44,0.005,1e-05,0.052,0.00055,0.0105,3
cookies,"oatmeal, dry mix",Baked Products,462.0,6.5,19.2,67.3,0.0,0.0,0.042,0.1,0.0,1.3,0.14,0.142,25.0,2.22,48.0,1.23,163.0,0.8,0.001,0.0,0.077,0.0002,0.0106,3
cookies,"oatmeal, refrigerated dough",Baked Products,424.0,5.4,18.9,59.1,0.0,2.5,0.041,0.0,0.0,1.865,0.148,0.234,31.0,2.14,28.0,0.765,104.0,0.64,0.004,4e-05,0.053,0.00011,0.0091,3
cookies,"oatmeal, refrigerated dough, baked",Baked Products,471.0,6.0,21.0,65.7,0.0,2.8,0.055,0.1,0.0,1.865,0.148,0.208,35.0,2.38,32.0,0.953,116.0,0.71,0.004,4e-05,0.041,0.000122,0.0101,3
cookies,"oatmeal, prepared from recipe, with raisins",Baked Products,435.0,6.5,16.2,68.4,0.0,0.0,0.071,0.5,0.0,1.259,0.166,0.249,100.0,2.65,42.0,0.987,161.0,0.86,0.143,8e-05,0.043,0.0001809999999999,0.0156,3
cookies,"peanut butter, commercially prepared, regular",Baked Products,473.0,8.92,23.82,58.15,28.58,2.1,0.122,0.0,3.53,3.86,0.208,0.208,41.0,2.11,44.0,0.643,156.0,0.86,0.009,4e-05,0.078,0.000153,0.0063,1
cookies,"peanut butter, commercially prepared, soft-type",Baked Products,457.0,5.3,24.4,57.7,0.0,1.7,0.027,0.0,0.0,2.16,0.165,0.248,12.0,0.89,32.0,0.43,87.0,0.55,0.0,0.0,0.11,8e-05,0.0044,3
cookies,"peanut butter, refrigerated dough",Baked Products,458.0,8.2,25.0,52.1,0.0,1.1,0.142,0.0,0.0,4.143,0.186,0.191,101.0,1.7,37.0,0.326,241.0,0.68,0.014,4e-05,0.089,0.0001509999999999,0.005,3
cookies,"peanut butter, refrigerated dough, baked",Baked Products,503.0,9.1,27.5,57.3,0.0,1.2,0.064,0.0,0.0,4.098,0.184,0.168,111.0,1.87,41.0,0.461,264.0,0.75,0.014,6e-05,0.069,0.000166,0.0050999999999999,3
cookies,"peanut butter, prepared from recipe",Baked Products,475.0,9.0,23.8,58.9,0.0,0.0,0.084,0.1,0.0,3.514,0.21,0.222,39.0,2.23,39.0,0.57,116.0,0.82,0.137,8.999999999999999e-05,0.081,0.000183,0.0148,3
cookies,"peanut butter sandwich, regular",Baked Products,478.0,8.8,21.1,65.6,35.44,1.9,0.139,0.1,1.87,3.739,0.263,0.325,53.0,2.6,49.0,0.912,188.0,1.06,0.001,0.00023,0.093,0.000237,0.0077,1
cookies,"raisin, soft-type",Baked Products,401.0,4.1,13.6,68.0,47.56,1.2,0.052,0.4,2.22,1.967,0.206,0.216,46.0,2.29,21.0,0.305,83.0,0.32,0.002,3e-05,0.048,0.0004129999999999,0.0028,1
cookies,"shortbread, commercially prepared, plain",Baked Products,514.0,5.37,26.22,63.78,21.65,1.3,0.071,0.0,2.44,3.275,0.314,0.353,13.0,2.98,14.0,0.393,66.0,0.49,0.0,0.0,0.124,8.999999999999999e-05,0.0062,1
cookies,"shortbread, commercially prepared, pecan",Baked Products,542.0,4.9,32.5,58.3,0.0,1.8,0.02,0.0,0.0,2.481,0.22,0.293,30.0,2.43,18.0,0.617,85.0,0.58,0.001,1e-05,0.102,0.000152,0.0032,3
cookies,"brownies, dry mix, special dietary",Baked Products,426.0,2.9,12.5,80.4,0.0,4.2,0.008,0.0,0.0,1.24,0.109,0.139,12.0,1.52,4.0,0.201,57.0,0.14,0.0,0.0,0.08,2.6e-05,0.002,3
cookies,"chocolate chip, commercially prepared, special dietary",Baked Products,450.0,3.9,16.8,73.4,39.81,1.6,0.018,0.0,1.06,2.843,0.188,0.373,46.0,3.5,21.0,0.365,109.0,0.47,0.001,0.0,0.087,0.0002179999999999,0.0026,1
cookies,"chocolate sandwich, with creme filling, special dietary",Baked Products,461.0,4.5,22.1,68.0,19.73,4.1,0.033,0.0,1.64,3.971,0.292,0.524,98.0,4.72,26.0,0.403,200.0,0.58,0.001,4e-05,0.098,0.00022,0.0037,3
cookies,"oatmeal, commercially prepared, special dietary",Baked Products,449.0,4.8,18.0,69.9,31.65,2.9,0.026,0.3,1.52,3.236,0.211,0.46,54.0,4.07,17.0,0.64,122.0,0.49,0.001,0.0,0.074,0.0001509999999999,0.0044,1
cookies,"peanut butter sandwich, special dietary",Baked Products,535.0,10.0,34.0,50.8,0.0,0.0,0.078,0.0,0.0,5.259,0.148,0.346,43.0,2.55,51.0,0.705,154.0,1.03,0.0,1e-05,0.069,0.000267,0.0035,3
cookies,"sugar wafers with creme filling, special dietary",Baked Products,502.0,3.1,25.7,66.0,0.0,0.0,0.009,0.0,0.0,1.533,0.107,0.164,53.0,1.44,6.0,0.254,34.0,0.2,0.0,0.0,0.069,3.8e-05,0.0063,3
cookies,"sugar, commercially prepared, regular (includes vanilla)",Baked Products,464.0,5.35,19.55,67.34,27.31,1.3,0.068,0.1,3.07,2.942,0.236,0.232,35.0,2.24,13.0,0.307,99.0,0.43,0.007,0.00019,0.095,7.9e-05,0.0081999999999999,1
cookies,"sugar, refrigerated dough",Baked Products,436.0,4.0,19.48,61.22,36.51,0.9,0.019,0.0,0.19,2.412,0.122,0.205,8.0,1.85,7.0,0.308,169.0,0.24,0.011,2e-05,0.0,3.7e-05,0.0031,1
cookies,"sugar, refrigerated dough, baked",Baked Products,484.0,4.7,23.1,65.6,23.96,0.8,0.023,0.0,0.21,2.412,0.122,0.182,90.0,1.84,8.0,0.289,187.0,0.27,0.012,7.000000000000001e-05,0.115,4.1e-05,0.0035,1
cookies,"sugar, prepared from recipe, made with margarine",Baked Products,472.0,5.9,23.4,60.0,24.86,1.2,0.03,0.1,2.57,2.443,0.257,0.294,73.0,2.33,12.0,0.316,90.0,0.42,0.238,8.999999999999999e-05,0.098,7.8e-05,0.0176,1
cookies,"sugar wafers with creme filling, regular",Baked Products,502.0,3.84,23.24,70.64,42.95,1.6,0.043,0.0,2.5,2.183,0.12,0.037,27.0,3.73,16.0,0.421,72.0,0.43,0.0,0.0,0.129,6.6e-05,0.0037,1
cookies,vanilla sandwich with creme filling,Baked Products,483.0,4.5,20.0,72.1,39.3,1.5,0.018,0.0,1.6,2.69,0.243,0.261,27.0,2.21,14.0,0.292,75.0,0.4,0.0,0.0,0.082,0.000114,0.003,1
puff pastry,"frozen, ready-to-bake, baked",Baked Products,558.0,7.4,38.5,45.7,0.75,1.5,0.019,0.0,0.55,3.8,0.258,0.323,10.0,2.6,16.0,0.495,60.0,0.54,0.0,0.0,0.087,0.000115,0.0245,3
cookies,"vanilla wafers, lower fat",Baked Products,441.0,5.0,15.2,73.6,37.5,1.9,0.073,0.0,0.23,3.106,0.32,0.275,48.0,2.38,14.0,0.262,104.0,0.36,0.008,0.00013,0.096,0.0001,0.0113,1
cookies,"vanilla wafers, higher fat",Baked Products,473.0,4.3,19.4,71.1,0.0,2.0,0.024,0.0,0.0,2.976,0.209,0.361,25.0,2.21,12.0,0.384,64.0,0.33,0.0,4e-05,0.068,0.000124,0.0113,3
crackers,"cheese, regular",Baked Products,489.0,10.93,22.74,59.42,4.53,2.3,0.17,0.0,2.19,6.113,0.338,0.562,136.0,4.88,25.0,0.562,200.0,1.19,0.017,0.00034,0.241,0.000125,0.0135,3
crackers,"cheese, sandwich-type with peanut butter filling",Baked Products,496.0,12.41,25.12,56.74,6.98,3.4,0.151,0.0,2.37,5.831,0.294,0.552,50.0,2.72,56.0,0.822,268.0,1.04,0.001,0.00028,0.142,0.0003019999999999,0.0081999999999999,3
crackers,"crispbread, rye",Baked Products,366.0,7.9,1.3,82.2,1.07,16.5,0.21,0.0,0.81,1.04,0.145,0.243,31.0,2.43,78.0,2.475,269.0,2.39,0.0,0.0,0.065,0.000255,0.0366,3
crackers,"matzo, plain",Baked Products,395.0,10.0,1.4,83.7,0.29,3.0,0.115,0.0,0.06,3.892,0.291,0.387,13.0,3.16,25.0,0.65,89.0,0.68,0.0,0.0,0.017,6e-05,0.0368999999999999,3
crackers,"matzo, egg",Baked Products,391.0,12.3,2.1,78.6,0.0,2.8,0.054,0.1,0.0,5.08,0.618,0.788,40.0,2.7,24.0,0.6,148.0,0.73,0.013,0.00019,0.024,0.000155,0.0277,3
crackers,"matzo, whole-wheat",Baked Products,351.0,13.1,1.5,78.9,0.0,11.8,0.159,0.0,0.0,5.41,0.271,0.365,23.0,4.65,134.0,3.5,305.0,2.61,0.0,0.0,0.035,0.00035,0.0751,3
crackers,"melba toast, plain",Baked Products,390.0,12.1,3.2,76.6,0.94,6.3,0.098,0.0,0.43,4.113,0.273,0.413,93.0,3.7,59.0,1.13,196.0,2.01,0.0,0.0,0.193,0.000289,0.0348,3
crackers,"melba toast, rye (includes pumpernickel)",Baked Products,389.0,11.6,3.4,77.3,0.0,8.0,0.086,0.0,0.0,4.718,0.284,0.473,78.0,3.68,39.0,0.738,183.0,1.36,0.0,0.0,0.129,0.000401,0.0387,3
crackers,"melba toast, wheat",Baked Products,374.0,12.9,2.3,76.4,0.0,7.4,0.103,0.0,0.0,5.083,0.299,0.422,43.0,4.5,56.0,1.064,165.0,1.5,0.0,0.0,0.208,0.000265,0.055,3
crackers,milk,Baked Products,455.0,7.6,15.8,69.7,16.44,1.9,0.037,0.2,1.22,4.43,0.418,0.538,172.0,3.58,22.0,0.552,303.0,0.67,0.016,8e-05,0.142,0.000227,0.0159,3
crackers,rusk toast,Baked Products,407.0,13.5,7.2,72.3,0.0,0.0,0.047,0.0,0.0,4.625,0.399,0.404,27.0,2.72,36.0,0.439,153.0,1.1,0.012,0.0001799999999999,0.103,0.000245,0.0201,3
crackers,"rye, sandwich-type with cheese filling",Baked Products,481.0,9.2,22.3,60.8,0.0,3.6,0.076,0.4,0.0,3.57,0.494,0.612,222.0,2.45,37.0,0.635,339.0,0.7,0.024,0.0001199999999999,0.127,9.6e-05,0.0208,3
crackers,"rye, wafers, plain",Baked Products,334.0,9.6,0.9,80.4,1.01,22.9,0.271,0.1,0.8,1.581,0.289,0.427,40.0,5.94,121.0,5.366,334.0,2.8,0.0,0.0,0.045,0.000461,0.0238,3
crackers,"rye, wafers, seasoned",Baked Products,381.0,9.0,9.2,73.8,0.0,20.9,0.19,0.1,0.0,2.474,0.223,0.316,44.0,3.04,106.0,2.371,307.0,2.55,0.0,0.0,0.052,0.000495,0.0325,3
crackers,"saltines (includes oyster, soda, soup)",Baked Products,418.0,9.46,8.64,74.05,1.29,2.8,0.086,0.0,1.15,6.442,0.487,0.702,19.0,5.57,23.0,0.686,102.0,0.69,0.001,8.999999999999999e-05,0.216,0.000139,0.0103,3
crackers,"standard snack-type, regular",Baked Products,510.0,6.64,26.43,61.3,8.18,2.3,0.063,0.0,3.03,4.352,0.456,0.416,120.0,4.03,18.0,0.491,248.0,0.49,0.0,0.0,0.15,0.000104,0.0067,3
crackers,"standard snack-type, sandwich, with cheese filling",Baked Products,477.0,9.3,21.1,61.7,3.18,1.9,0.049,0.1,0.22,3.766,0.684,0.446,257.0,2.39,36.0,0.29,406.0,0.62,0.017,0.0001,0.16,8.2e-05,0.0215,3
crackers,"standard snack-type, sandwich, with peanut butter filling",Baked Products,494.0,11.47,24.54,58.38,10.5,2.3,0.148,0.0,2.06,6.114,0.271,0.489,81.0,2.77,55.0,0.784,274.0,1.13,0.001,1e-05,0.122,0.000324,0.0108,3
crackers,"wheat, regular",Baked Products,455.0,7.3,16.4,70.73,15.48,6.9,0.244,0.0,1.55,4.022,0.146,0.284,92.0,2.64,72.0,1.549,302.0,1.64,0.0,0.0,0.04,0.000274,0.0099,3
crackers,"wheat, sandwich, with cheese filling",Baked Products,497.0,9.8,25.0,58.2,0.0,3.1,0.261,1.5,0.0,3.185,0.427,0.358,204.0,2.62,54.0,1.083,382.0,0.87,0.021,0.0001199999999999,0.096,0.00016,0.0243,3
crackers,"wheat, sandwich, with peanut butter filling",Baked Products,495.0,13.5,26.7,53.8,0.0,4.4,0.137,0.0,0.0,5.877,0.293,0.389,170.0,2.67,38.0,0.701,347.0,0.82,0.0,0.0,0.093,5.5e-05,0.0218,3
crackers,whole-wheat,Baked Products,427.0,10.58,14.13,69.55,1.19,10.3,0.185,0.0,1.41,4.63,0.021,0.182,36.0,3.34,110.0,2.152,331.0,2.63,0.0,0.0,0.028,0.0004199999999999,0.0101,3
cracker meal,No_descr,Baked Products,383.0,9.3,1.7,80.9,0.33,2.6,0.039,0.0,0.43,5.707,0.468,0.696,23.0,4.64,24.0,0.944,104.0,0.69,0.0,0.0,0.216,0.000225,0.0423,3
cream puff shell,prepared from recipe,Baked Products,362.0,9.0,25.9,22.8,0.43,0.8,0.075,0.0,2.81,1.567,0.36,0.206,36.0,2.02,12.0,0.211,119.0,0.73,0.278,0.00039,0.075,5.1e-05,0.024,2
croissants,butter,Baked Products,406.0,8.2,21.0,45.8,11.26,2.6,0.058,0.2,0.84,2.188,0.241,0.388,37.0,2.03,16.0,0.33,105.0,0.75,0.206,0.00016,0.13,8e-05,0.0226999999999999,3
croissants,apple,Baked Products,254.0,7.4,8.7,37.1,0.0,2.5,0.032,0.5,0.0,1.6,0.164,0.232,30.0,1.1,13.0,0.21,58.0,1.03,0.094,0.0002,0.088,4e-05,0.019,0
croissants,cheese,Baked Products,414.0,9.2,20.9,47.0,11.35,2.6,0.073,0.2,1.44,2.16,0.325,0.523,53.0,2.15,24.0,0.34,130.0,0.94,0.204,0.00032,0.103,0.0001,0.0268,3
croutons,plain,Baked Products,407.0,11.9,6.6,73.5,0.0,5.1,0.026,0.0,0.0,5.439,0.272,0.623,76.0,4.08,31.0,0.5,115.0,0.89,0.0,0.0,0.209,0.000163,0.0375,3
croutons,seasoned,Baked Products,465.0,10.8,18.3,63.5,4.41,5.0,0.083,0.0,0.4,4.646,0.421,0.506,96.0,2.82,42.0,0.514,140.0,0.94,0.007,0.00014,0.151,0.000168,0.0288,3
danish pastry,"cinnamon, enriched",Baked Products,403.0,7.0,22.4,44.6,19.78,1.3,0.038,0.1,0.39,2.867,0.263,0.3,71.0,1.96,19.0,0.362,107.0,0.72,0.006,0.0001,0.092,0.0001,0.017,1
danish pastry,cheese,Baked Products,374.0,8.0,21.9,37.2,6.95,1.0,0.04,0.1,0.35,2.0,0.26,0.19,35.0,1.8,15.0,0.351,108.0,0.7,0.035,0.0002,0.085,8.9e-05,0.0189,3
danish pastry,"fruit, enriched (includes apple, cinnamon, raisin, lemon, raspberry, strawberry)",Baked Products,371.0,5.4,18.5,47.8,27.53,1.9,0.043,3.9,0.34,1.992,0.22,0.263,46.0,1.77,15.0,0.253,89.0,0.54,0.015,8.999999999999999e-05,0.068,6.500000000000001e-05,0.0148,1
danish pastry,"nut (includes almond, raisin nut, cinnamon nut)",Baked Products,430.0,7.1,25.2,45.7,25.87,2.0,0.104,1.7,0.82,2.3,0.24,0.22,94.0,1.8,32.0,0.845,110.0,0.87,0.009,0.0002099999999999,0.122,0.000195,0.0141999999999999,1
doughnuts,"cake-type, plain (includes unsugared, old-fashioned)",Baked Products,434.0,5.31,24.93,47.06,18.15,1.7,0.05,0.0,1.99,2.91,0.301,0.39,40.0,2.53,17.0,0.333,260.0,0.5,0.004,6e-05,0.145,8.999999999999999e-05,0.0101,3
doughnuts,"cake-type, plain, chocolate-coated or frosted",Baked Products,452.0,4.93,25.25,51.33,26.65,1.9,0.024,1.3,2.02,1.59,0.125,0.163,24.0,4.0,30.0,0.64,210.0,0.98,0.004,0.0001,0.09,0.00026,0.0068,1
doughnuts,"cake-type, plain, sugared or glazed",Baked Products,426.0,5.2,22.9,50.8,0.0,1.5,0.027,0.1,0.0,1.512,0.198,0.233,60.0,1.06,17.0,0.334,117.0,0.44,0.003,0.0002399999999999,0.07,0.000101,0.0096,3
doughnuts,"cake-type, chocolate, sugared or glazed",Baked Products,417.0,4.5,19.9,57.4,31.92,2.2,0.027,0.1,0.21,0.47,0.07,0.045,213.0,2.27,34.0,0.37,162.0,0.57,0.012,0.0001,0.064,0.000191,0.0040999999999999,1
doughnuts,"french crullers, glazed",Baked Products,412.0,3.1,18.3,59.5,35.11,1.2,0.02,0.0,0.16,2.13,0.23,0.181,26.0,2.42,12.0,0.215,123.0,0.26,0.002,5e-05,0.066,7.000000000000001e-05,0.0022,1
doughnuts,"yeast-leavened, with creme filling",Baked Products,361.0,6.4,24.5,30.0,14.55,0.8,0.068,0.0,0.29,2.242,0.148,0.338,25.0,1.83,20.0,0.225,76.0,0.8,0.011,0.00014,0.109,0.000113,0.0108,3
doughnuts,"yeast-leavened, glazed, enriched (includes honey buns)",Baked Products,421.0,6.14,22.7,47.93,22.75,2.1,0.037,1.2,1.43,2.61,0.185,0.312,101.0,2.38,17.0,0.307,117.0,0.61,0.005,0.00011,0.155,8.8e-05,0.0157,1
doughnuts,"yeast-leavened, with jelly filling",Baked Products,340.0,5.9,18.7,39.0,21.1,0.9,0.1,0.0,0.43,2.137,0.142,0.312,25.0,1.76,20.0,0.205,85.0,0.75,0.017,0.00022,0.104,0.000136,0.0125,1
english muffins,"plain, enriched, with ca prop (includes sourdough)",Baked Products,227.0,8.87,1.69,44.17,3.53,3.5,0.054,1.8,0.31,4.07,0.25,0.477,163.0,4.0,24.0,0.505,92.0,1.05,0.0,4e-05,0.132,0.000135,0.0224,3
english muffins,"plain, toasted, enriched, with calcium propionate (includes sourdough)",Baked Products,270.0,10.32,2.02,52.65,3.47,2.8,0.067,1.7,0.36,4.99,0.28,0.541,197.0,4.65,28.0,0.63,107.0,1.4,0.0,5e-05,0.18,0.00016,0.0263,3
english muffins,mixed-grain (includes granola),Baked Products,235.0,9.1,1.8,46.3,0.81,2.8,0.038,0.0,0.0,3.583,0.313,0.43,196.0,3.02,41.0,0.604,81.0,1.39,0.0,0.0,0.112,0.000243,0.0255,3
english muffins,"mixed-grain, toasted (includes granola)",Baked Products,255.0,9.9,1.9,50.3,0.88,3.0,0.103,0.0,0.0,3.505,0.307,0.374,213.0,3.29,48.0,0.823,162.0,1.05,0.0,0.0,0.095,0.000254,0.0277,3
english muffins,raisin-cinnamon (includes apple-cinnamon),Baked Products,240.0,7.91,1.8,48.1,14.76,2.6,0.066,1.3,0.31,3.67,0.215,0.412,114.0,4.5,23.0,0.575,91.0,0.97,0.0,0.0,0.112,0.00016,0.0216,3
english muffins,"raisin-cinnamon, toasted (includes apple-cinnamon)",Baked Products,276.0,8.87,2.21,55.04,13.34,3.0,0.062,1.4,0.36,4.285,0.245,0.518,139.0,4.9,28.0,0.72,108.0,1.0,0.0,0.0,0.131,0.000175,0.0243,3
english muffins,wheat,Baked Products,223.0,8.7,2.0,44.8,1.56,4.6,0.087,0.0,0.45,3.356,0.292,0.431,178.0,2.87,37.0,1.001,107.0,1.07,0.0,0.0,0.081,0.000148,0.0292,3
english muffins,"wheat, toasted",Baked Products,243.0,9.4,2.1,48.7,1.7,5.0,0.098,0.0,0.49,3.283,0.286,0.375,193.0,3.12,42.0,1.12,125.0,1.22,0.0,0.0,0.079,0.000163,0.0318,3
english muffins,whole-wheat,Baked Products,203.0,8.8,2.1,40.4,8.09,6.7,0.163,0.0,0.41,3.41,0.14,0.3,265.0,2.45,71.0,1.79,282.0,1.6,0.0,0.0,0.049,0.000212,0.0402999999999999,3
english muffins,"whole-wheat, toasted",Baked Products,221.0,9.6,2.3,44.1,8.79,7.3,0.159,0.0,0.44,3.336,0.137,0.261,288.0,2.66,77.0,1.946,307.0,1.74,0.0,0.0,0.045,0.000225,0.0438,3
french toast,"frozen, ready-to-heat",Baked Products,213.0,7.4,6.1,32.1,0.0,1.1,0.496,0.3,0.0,2.722,0.381,0.277,107.0,2.21,17.0,0.245,139.0,0.77,0.054,0.0016799999999999,0.072,8.400000000000001e-05,0.0167,0
french toast,"prepared from recipe, made with low fat (2%) milk",Baked Products,229.0,7.7,10.8,25.0,0.0,0.0,0.074,0.3,0.0,1.628,0.321,0.204,100.0,1.67,17.0,0.188,117.0,0.67,0.124,0.00031,0.057,5.8e-05,0.0201,0
hush puppies,prepared from recipe,Baked Products,337.0,7.7,13.5,46.0,2.03,2.8,0.102,0.2,1.26,2.782,0.332,0.352,278.0,3.04,24.0,0.22,189.0,0.66,0.041,0.00019,0.137,6.6e-05,0.0158,3
ice cream cones,cake or wafer-type,Baked Products,417.0,8.1,6.9,79.0,6.0,3.0,0.03,0.0,0.78,4.427,0.354,0.25,25.0,3.6,26.0,0.572,97.0,0.67,0.0,0.0,0.291,0.000204,0.0048,3
ice cream cones,"sugar, rolled-type",Baked Products,402.0,7.9,3.8,84.1,25.66,1.7,0.052,0.0,0.07,5.066,0.405,0.511,44.0,4.43,31.0,0.732,103.0,0.75,0.0,0.0,0.236,0.000268,0.0048,1
muffins,"plain, prepared from recipe, made with low fat (2%) milk",Baked Products,296.0,6.9,11.4,41.4,0.0,2.7,0.042,0.3,0.0,2.308,0.301,0.284,200.0,2.39,17.0,0.296,153.0,0.56,0.04,0.00015,0.078,6.900000000000001e-05,0.018,3
muffins,"blueberry, commercially prepared (Includes mini-muffins)",Baked Products,375.0,4.49,16.07,53.0,31.47,1.1,0.04,0.9,1.63,1.418,0.163,0.168,44.0,1.3,10.0,0.449,146.0,0.37,0.021,0.00016,0.073,6e-05,0.0081999999999999,1
muffins,"blueberry, dry mix",Baked Products,293.0,3.48,3.25,61.0,32.73,1.4,0.082,2.3,0.0,1.857,0.232,0.232,18.0,1.62,13.0,0.276,220.0,0.33,0.001,0.0,0.0,8.8e-05,0.0031,1
muffins,"blueberry, toaster-type",Baked Products,313.0,4.6,9.5,53.3,4.85,1.8,0.027,0.0,0.91,2.02,0.29,0.24,13.0,0.51,12.0,0.368,59.0,0.39,0.094,2e-05,0.103,8.3e-05,0.0176,3
muffins,"blueberry, prepared from recipe, made with low fat (2%) milk",Baked Products,285.0,6.5,10.8,40.7,0.0,0.0,0.043,1.5,0.0,2.211,0.289,0.272,189.0,2.27,16.0,0.312,145.0,0.54,0.038,0.00014,0.073,7.099999999999999e-05,0.0171,0
muffins,"corn, commercially prepared",Baked Products,305.0,5.9,8.4,51.0,17.78,3.4,0.084,0.0,0.8,2.037,0.326,0.273,74.0,2.81,32.0,0.355,284.0,0.54,0.052,8.999999999999999e-05,0.082,0.000299,0.0152,3
muffins,"corn, dry mix, prepared",Baked Products,321.0,7.4,10.2,49.1,0.0,2.4,0.106,0.1,0.0,2.101,0.276,0.249,75.0,1.94,21.0,0.221,384.0,0.64,0.041,0.00016,0.089,6.3e-05,0.0152,3
muffins,"corn, toaster-type",Baked Products,346.0,5.3,11.3,57.9,0.0,1.6,0.048,0.0,0.0,2.31,0.37,0.31,19.0,1.47,14.0,0.28,151.0,0.39,0.018,3e-05,0.089,7.199999999999999e-05,0.0152,3
muffins,"corn, prepared from recipe, made with low fat (2%) milk",Baked Products,316.0,7.1,12.3,44.2,0.0,0.0,0.093,0.3,0.0,2.382,0.31,0.303,259.0,2.61,23.0,0.186,177.0,0.61,0.0,0.00016,0.115,5.9e-05,0.0134,0
muffins,oat bran,Baked Products,270.0,7.0,7.4,48.3,8.22,4.6,0.161,0.0,0.66,0.42,0.095,0.262,63.0,4.2,157.0,2.63,376.0,1.84,0.0,1e-05,0.139,0.00033,0.011,3
muffins,"wheat bran, dry mix",Baked Products,396.0,7.1,12.0,73.0,0.0,0.0,0.282,0.0,0.0,5.0,0.28,0.36,36.0,3.6,87.0,2.666,480.0,1.5,0.0,0.0,0.128,0.0002,0.018,3
pancakes plain,"frozen, ready-to-heat (includes buttermilk)",Baked Products,233.0,5.23,6.83,37.75,8.32,1.0,0.52,0.3,0.62,6.357,0.38,0.7,78.0,5.67,14.0,0.285,215.0,0.4,0.453,0.0028,0.11,7.199999999999999e-05,0.0108,0
pancakes,"plain, dry mix, complete (includes buttermilk)",Baked Products,368.0,9.77,3.1,73.65,16.03,2.9,0.171,0.0,0.0,4.368,0.267,0.45,344.0,3.6,28.0,0.685,600.0,0.72,0.0,0.00032,0.0,0.000126,0.0216,3
pancakes,"plain, dry mix, complete, prepared",Baked Products,194.0,5.2,2.5,36.7,0.0,1.3,0.091,0.2,0.0,1.711,0.217,0.211,126.0,1.56,20.0,0.272,334.0,0.39,0.01,0.0002,0.057,9.4e-05,0.0135,0
pancakes,"plain, dry mix, incomplete (includes buttermilk)",Baked Products,355.0,10.0,1.7,73.6,2.21,5.4,0.183,0.0,0.39,3.758,0.371,0.61,342.0,3.05,31.0,0.395,627.0,0.84,0.0,0.0,0.225,0.000115,0.0129,3
pancakes,"plain, dry mix, incomplete, prepared",Baked Products,218.0,7.8,7.7,28.9,0.0,1.9,0.105,0.6,0.0,1.232,0.311,0.201,215.0,1.3,22.0,0.14,313.0,0.75,0.071,0.00034,0.054,4.7e-05,0.0098,0
pancakes,"plain, prepared from recipe",Baked Products,227.0,6.4,9.7,28.3,0.0,0.0,0.046,0.3,0.0,1.567,0.281,0.201,219.0,1.8,16.0,0.2,159.0,0.56,0.054,0.00022,0.056,4.9000000000000005e-05,0.0149,0
pancakes,"blueberry, prepared from recipe",Baked Products,222.0,6.1,9.2,29.0,0.0,0.0,0.049,2.2,0.0,1.524,0.272,0.195,206.0,1.72,16.0,0.237,151.0,0.54,0.05,0.0002,0.053,5.5e-05,0.014,0
pancakes,"buckwheat, dry mix, incomplete",Baked Products,340.0,10.9,2.7,71.3,7.21,8.5,0.438,0.0,0.48,4.095,0.249,0.542,476.0,4.73,190.0,1.656,913.0,2.55,0.0,0.0,0.066,0.000415,0.0130999999999999,3
pancakes,"special dietary, dry mix",Baked Products,349.0,8.9,1.4,73.9,0.0,0.0,0.037,0.0,0.0,3.27,0.209,0.37,99.0,3.05,47.0,0.578,596.0,1.19,0.006,0.0,0.172,0.000137,0.0251,3
pancakes,"whole-wheat, dry mix, incomplete",Baked Products,344.0,12.8,1.5,71.0,0.0,0.0,0.227,0.0,0.0,6.767,1.083,0.569,449.0,7.84,104.0,2.236,782.0,1.96,0.002,0.0,0.102,0.00056,0.038,3
pancakes,"whole-wheat, dry mix, incomplete, prepared",Baked Products,208.0,8.5,6.5,29.4,0.0,2.8,0.11,0.5,0.0,2.309,0.529,0.197,250.0,3.11,46.0,1.546,373.0,1.04,0.064,0.00029,0.035,8e-05,0.0193999999999999,0
pie,"apple, commercially prepared, enriched flour",Baked Products,237.0,1.9,11.0,34.0,15.65,1.6,0.038,3.2,1.52,0.263,0.027,0.028,11.0,0.45,7.0,0.182,24.0,0.16,0.032,1e-05,0.043,4.6e-05,0.001,0
pie,"apple, prepared from recipe",Baked Products,265.0,2.4,12.5,37.1,0.0,0.0,0.032,1.7,0.0,1.23,0.107,0.148,7.0,1.12,7.0,0.185,28.0,0.19,0.011,0.0,0.038,5.3e-05,0.0078,0
pie,"banana cream, prepared from mix, no-bake type",Baked Products,251.0,3.4,12.9,31.6,0.0,0.6,0.035,0.5,0.0,0.709,0.146,0.102,73.0,0.46,12.0,0.107,167.0,0.33,0.095,0.0002099999999999,0.031,4.3e-05,0.0049,0
pie,"banana cream, prepared from recipe",Baked Products,269.0,4.4,13.6,32.9,12.06,0.7,0.133,1.6,0.4,1.054,0.207,0.139,75.0,1.04,16.0,0.152,92.0,0.48,0.061,0.00025,0.038,5.2e-05,0.0091,0
pie,"blueberry, commercially prepared",Baked Products,232.0,1.8,10.0,34.9,9.89,1.0,0.037,2.7,1.04,0.3,0.03,0.01,8.0,0.3,5.0,0.176,23.0,0.16,0.044,1e-05,0.043,4.6e-05,0.0014,0
pie,"blueberry, prepared from recipe",Baked Products,245.0,2.7,11.9,33.5,0.0,0.0,0.034,0.7,0.0,1.194,0.132,0.153,7.0,1.23,8.0,0.3,30.0,0.2,0.002,0.0,0.036,6.7e-05,0.0074,0
pie,"cherry, commercially prepared",Baked Products,260.0,2.0,11.0,39.8,14.29,0.8,0.041,0.9,0.76,0.2,0.029,0.023,12.0,0.48,8.0,0.14,29.0,0.18,0.052,1e-05,0.04,4e-05,0.0012,0
pie,"cherry, prepared from recipe",Baked Products,270.0,2.8,12.2,38.5,0.0,0.0,0.034,1.0,0.0,1.276,0.125,0.148,10.0,1.85,9.0,0.2,30.0,0.2,0.029,0.0,0.041,7.7e-05,0.0078,0
pie,"chocolate creme, commercially prepared",Baked Products,353.0,4.15,22.41,38.44,27.39,0.8,0.02,0.0,1.09,0.605,0.14,0.087,66.0,1.49,19.0,0.161,79.0,0.44,0.046,0.0001199999999999,0.028,0.000118,0.006,1
pie,"chocolate mousse, prepared from mix, no-bake type",Baked Products,260.0,3.5,15.4,29.6,0.0,0.0,0.029,0.5,0.0,0.595,0.147,0.051,77.0,1.08,32.0,0.125,231.0,0.6,0.124,0.0002099999999999,0.042,0.000203,0.0060999999999999,0
pie,"coconut creme, commercially prepared",Baked Products,298.0,2.1,16.6,37.3,18.52,1.3,0.068,0.0,0.15,0.2,0.08,0.05,29.0,0.8,20.0,0.438,85.0,0.47,0.027,0.0001199999999999,0.008,6.8e-05,0.0053,0
pie,"coconut cream, prepared from mix, no-bake type",Baked Products,276.0,2.8,17.6,28.5,0.0,0.5,0.045,0.6,0.0,0.132,0.104,0.028,72.0,0.4,17.0,0.19,169.0,0.38,0.095,0.0002099999999999,0.023,8e-05,0.005,0
pie,"coconut custard, commercially prepared",Baked Products,260.0,5.9,13.2,30.2,0.0,1.8,0.011,0.6,0.0,0.403,0.148,0.088,81.0,0.8,18.0,0.21,122.0,0.68,0.026,8.999999999999999e-05,0.019,6.3e-05,0.0064,0
pie,"egg custard, commercially prepared",Baked Products,210.0,5.5,11.6,20.8,11.58,1.6,0.048,0.6,0.94,0.292,0.208,0.039,80.0,0.58,11.0,0.06,112.0,0.52,0.057,0.00043,0.02,2.4e-05,0.0070999999999999,0
pie,"fried pies, fruit",Baked Products,316.0,3.0,16.1,42.6,21.4,2.6,0.03,1.3,1.72,1.425,0.106,0.141,22.0,1.22,10.0,0.224,43.0,0.23,0.005,8e-05,0.029,4.7e-05,0.0024,3
pie,"lemon meringue, commercially prepared",Baked Products,268.0,1.5,8.7,47.2,23.86,1.2,0.03,3.2,1.06,0.649,0.209,0.062,56.0,0.61,15.0,0.06,105.0,0.49,0.051,0.00017,0.035,1e-06,0.003,1
pie,"lemon meringue, prepared from recipe",Baked Products,285.0,3.8,12.9,39.1,0.0,0.0,0.027,3.3,0.0,0.944,0.159,0.118,12.0,1.0,6.0,0.128,42.0,0.28,0.043,0.0001199999999999,0.036,4.2e-05,0.0116,0
pie,"mince, prepared from recipe",Baked Products,289.0,2.6,10.8,48.0,28.31,2.6,0.065,5.9,0.15,1.189,0.105,0.15,22.0,1.49,14.0,0.263,42.0,0.22,0.001,0.0,0.036,0.000113,0.0066,1
pie,peach,Baked Products,224.0,1.9,10.0,32.9,16.23,0.8,0.023,0.9,0.94,0.2,0.033,0.061,8.0,0.5,6.0,0.152,22.0,0.09,0.01,0.0,0.046,5.3e-05,0.0013,0
pie,"pecan, commercially prepared",Baked Products,407.0,4.5,16.69,59.61,25.18,2.1,0.038,0.0,0.8,1.31,0.078,0.204,22.0,0.93,22.0,0.71,83.0,0.87,0.051,0.0001199999999999,0.043,0.000184,0.007,1
pie,"pecan, prepared from recipe",Baked Products,412.0,4.9,22.2,52.2,0.0,0.0,0.06,0.2,0.0,0.847,0.18,0.188,32.0,1.48,26.0,0.712,94.0,1.02,0.082,0.00017,0.034,0.000211,0.012,3
pie,"pumpkin, commercially prepared",Baked Products,243.0,3.9,9.75,34.83,18.88,1.8,0.063,0.0,0.76,1.107,0.124,0.177,64.0,0.9,14.0,0.227,81.0,0.39,0.448,0.00035,0.037,0.000148,0.0054,0
pie,"pumpkin, prepared from recipe",Baked Products,204.0,4.5,9.3,26.4,0.0,0.0,0.047,1.7,0.0,0.782,0.201,0.092,94.0,1.27,19.0,0.198,98.0,0.46,0.426,8.999999999999999e-05,0.028,6.6e-05,0.0070999999999999,0
pie,"vanilla cream, prepared from recipe",Baked Products,278.0,4.8,14.4,32.6,12.68,0.6,0.049,0.5,0.45,0.984,0.216,0.139,90.0,1.02,13.0,0.128,104.0,0.53,0.083,0.0003,0.037,3.9e-05,0.0095,0
pie crust,"standard-type, dry mix",Baked Products,518.0,6.9,31.4,52.1,0.0,0.0,0.064,0.0,0.0,2.727,0.213,0.392,61.0,2.22,15.0,0.315,86.0,0.4,0.0,0.0,0.164,7.5e-05,0.0229,3
pie crust,"standard-type, dry mix, prepared, baked",Baked Products,501.0,6.7,30.4,50.4,0.0,1.8,0.056,0.0,0.0,2.373,0.186,0.303,60.0,2.15,15.0,0.305,84.0,0.39,0.0,0.0,0.111,7.4e-05,0.0221,3
pie crust,"standard-type, frozen, ready-to-bake, enriched",Baked Products,457.0,6.16,26.07,48.62,4.7,2.5,0.05,0.0,0.46,2.7,0.17,0.275,19.0,2.6,15.0,0.442,72.0,0.45,0.0,0.0,0.102,7.5e-05,0.0057,3
pie crust,"standard-type, frozen, ready-to-bake, enriched, baked",Baked Products,508.0,6.5,28.59,56.24,4.23,3.3,0.045,0.0,0.54,3.45,0.155,0.3,21.0,2.8,17.0,0.0,82.0,0.51,0.0,0.0,0.102,9.7e-05,0.0068,3
pie crust,"standard-type, prepared from recipe, baked",Baked Products,527.0,6.4,34.6,47.5,0.17,1.7,0.025,0.0,0.31,3.307,0.277,0.391,10.0,2.89,14.0,0.43,67.0,0.44,0.0,0.0,0.106,9.1e-05,0.0211,3
puff pastry,"frozen, ready-to-bake",Baked Products,551.0,7.3,38.1,45.1,0.74,1.5,0.021,0.0,0.54,4.168,0.283,0.398,10.0,2.56,16.0,0.488,60.0,0.53,0.0,0.0,0.124,0.000114,0.0242,3
phyllo dough,No_descr,Baked Products,299.0,7.1,6.0,52.6,0.18,1.9,0.03,0.0,0.08,4.073,0.341,0.541,11.0,3.21,15.0,0.476,75.0,0.49,0.0,0.0,0.137,0.000101,0.0233,3
popovers,"dry mix, enriched",Baked Products,371.0,10.4,4.3,71.0,0.0,0.0,0.042,0.1,0.0,3.378,0.147,0.43,32.0,2.97,25.0,0.741,100.0,0.88,0.0,8e-05,0.229,0.000171,0.0376,3
rolls,"dinner, plain, commercially prepared (includes brown-and-serve)",Baked Products,310.0,10.86,6.47,52.04,5.55,2.0,0.097,0.2,0.28,5.367,0.374,0.526,178.0,3.72,26.0,0.582,122.0,0.99,0.001,0.00013,0.15,0.000135,0.0268,3
rolls,"dinner, egg",Baked Products,307.0,9.5,6.4,52.0,4.3,3.7,0.053,0.0,0.36,3.287,0.517,0.527,59.0,3.52,25.0,0.527,101.0,1.12,0.005,0.0002399999999999,0.276,0.000133,0.0296,3
rolls,"dinner, oat bran",Baked Products,236.0,9.5,4.6,40.2,6.67,4.1,0.045,0.0,0.48,4.954,0.289,0.448,85.0,4.14,33.0,0.754,115.0,1.02,0.0,0.0,0.14,0.000136,0.0293,3
rolls,"dinner, rye",Baked Products,286.0,10.3,3.4,53.1,1.17,4.9,0.062,0.0,0.34,3.9,0.27,0.38,30.0,2.7,54.0,0.702,159.0,0.97,0.0,0.0,0.153,0.000201,0.0278,3
rolls,"dinner, wheat",Baked Products,273.0,8.6,6.3,46.0,1.63,3.8,0.076,0.0,0.36,4.072,0.273,0.433,176.0,3.55,36.0,1.023,104.0,0.9,0.0,0.0,0.092,0.00015,0.033,3
rolls,"dinner, whole-wheat",Baked Products,266.0,8.7,4.7,51.1,8.46,7.5,0.195,0.0,0.9,3.677,0.152,0.248,106.0,2.42,85.0,2.298,224.0,2.01,0.0,0.0,0.03,0.0002389999999999,0.0494,3
rolls,french,Baked Products,277.0,8.6,4.3,50.2,0.31,3.2,0.039,0.0,0.3,4.352,0.3,0.523,91.0,2.71,20.0,0.559,84.0,0.9,0.0,0.0,0.169,0.000135,0.0278999999999999,3
rolls,"hamburger or hotdog, plain",Baked Products,278.0,9.87,3.76,50.15,6.37,2.1,0.071,1.3,0.07,4.765,0.213,0.642,173.0,3.43,24.0,0.553,107.0,0.86,0.0,0.0002,0.171,0.000127,0.0228,3
rolls,"hamburger or hotdog, mixed-grain",Baked Products,263.0,9.6,6.0,44.6,6.25,3.8,0.092,0.0,0.07,4.468,0.31,0.463,95.0,3.95,44.0,1.015,122.0,1.05,0.0,1e-05,0.171,0.000216,0.0318,3
rolls,"hamburger or hotdog, reduced-calorie",Baked Products,196.0,8.3,2.0,42.1,4.76,6.2,0.038,0.2,0.07,4.935,0.175,0.393,59.0,2.99,20.0,0.449,84.0,0.68,0.0,0.0001,0.171,0.0001429999999999,0.0235,3
rolls,hard (includes kaiser),Baked Products,293.0,9.9,4.3,52.7,1.77,2.3,0.035,0.0,0.42,4.239,0.336,0.478,95.0,3.28,27.0,0.46,100.0,0.94,0.0,0.0,0.151,0.000163,0.0391,3
strudel,apple,Baked Products,274.0,3.3,11.2,41.1,25.75,2.2,0.046,1.7,1.42,0.33,0.025,0.04,15.0,0.42,9.0,0.19,33.0,0.19,0.006,0.00022,0.044,3e-05,0.0060999999999999,1
sweet rolls,cheese,Baked Products,360.0,7.1,18.3,43.7,0.0,1.2,0.069,0.2,0.0,0.83,0.13,0.15,118.0,0.76,19.0,0.21,98.0,0.63,0.0,0.0003,0.051,9.5e-05,0.0119,3
sweet rolls,"cinnamon, commercially prepared with raisins",Baked Products,372.0,6.2,16.4,50.9,31.73,2.4,0.107,2.0,1.99,2.384,0.265,0.324,72.0,1.6,17.0,0.3,76.0,0.59,0.062,0.00014,0.106,8.8e-05,0.017,1
sweet rolls,"cinnamon, refrigerated dough with frosting",Baked Products,333.0,5.0,12.2,51.6,0.0,0.0,0.031,0.2,0.0,3.703,0.249,0.47,31.0,2.44,11.0,0.415,321.0,0.31,0.0,2e-05,0.079,6.500000000000001e-05,0.0163,3
sweet rolls,"cinnamon, refrigerated dough with frosting, baked",Baked Products,362.0,5.4,13.2,56.1,0.0,0.0,0.034,0.2,0.0,3.622,0.244,0.409,34.0,2.65,12.0,0.418,348.0,0.34,0.0,5e-05,0.089,7.099999999999999e-05,0.0177,3
taco shells,baked,Baked Products,476.0,6.41,21.79,63.49,1.5,6.7,0.203,0.0,0.69,1.867,0.08,0.216,100.0,1.64,83.0,0.56,233.0,1.61,0.001,0.0,0.085,0.000113,0.0048,3
toaster pastries,brown-sugar-cinnamon,Baked Products,370.0,4.06,7.98,72.64,27.24,2.3,0.58,0.0,1.33,7.23,0.6,0.66,293.0,5.62,18.0,0.534,84.0,0.55,0.0,0.0,0.0,9.8e-05,0.0035,1
toaster pastries,"fruit (includes apple, blueberry, cherry, strawberry)",Baked Products,388.0,4.2,9.95,70.32,26.13,1.0,0.52,0.0,0.9,6.791,0.558,0.649,16.0,5.51,12.0,0.324,87.0,0.38,0.202,0.0,0.174,6.900000000000001e-05,0.0031,1
tortillas,"ready-to-bake or -fry, corn",Baked Products,218.0,5.7,2.85,44.64,0.88,6.3,0.219,0.0,0.28,1.498,0.065,0.094,81.0,1.23,72.0,0.326,314.0,1.31,0.0,0.0,0.005,0.000154,0.0060999999999999,3
tortillas,"ready-to-bake or -fry, flour, refrigerated",Baked Products,293.0,7.93,5.87,51.18,3.34,2.5,0.05,0.0,0.19,3.622,0.134,0.492,127.0,3.27,20.0,0.491,190.0,0.55,0.0,0.0,0.201,0.0001089999999999,0.0251,3
waffles,"plain, frozen, ready-to-heat",Baked Products,285.0,6.47,9.7,42.98,4.91,2.2,0.898,0.0,1.05,7.575,0.62,0.62,308.0,5.61,23.0,0.225,361.0,0.59,0.381,0.00293,0.108,4.3e-05,0.0121999999999999,3
waffles,"plain, prepared from recipe",Baked Products,291.0,7.9,14.1,32.9,0.0,0.0,0.056,0.4,0.0,2.073,0.347,0.263,255.0,2.31,19.0,0.265,190.0,0.68,0.065,0.00025,0.068,6.2e-05,0.0462,0
wonton wrappers (includes egg roll wrappers),No_descr,Baked Products,291.0,9.8,1.5,57.9,0.0,1.8,0.03,0.0,0.0,5.424,0.378,0.519,47.0,3.36,20.0,0.638,81.0,0.71,0.004,2e-05,0.134,0.000147,0.0282,3
leavening agents,"baking powder, double-acting, sodium aluminum sulfate",Baked Products,53.0,0.0,0.0,27.7,0.0,0.2,0.0,0.0,0.0,0.0,0.0,0.0,5876.0,11.02,27.0,0.011,2191.0,0.01,0.0,0.0,0.0,1e-05,0.0002,0
leavening agents,"baking powder, double-acting, straight phosphate",Baked Products,51.0,0.1,0.0,24.1,0.0,0.2,0.0,0.0,0.0,0.0,0.0,0.0,7364.0,11.27,39.0,0.014,9918.0,0.02,0.0,0.0,0.0,1.3e-05,0.0002,0
leavening agents,"baking powder, low-sodium",Baked Products,97.0,0.1,0.4,46.9,0.0,2.2,0.0,0.0,0.0,0.0,0.0,0.0,4332.0,8.17,29.0,0.42,6869.0,0.72,0.0,0.0,0.0,1.9e-05,0.0002,0
leavening agents,baking soda,Baked Products,0.0,0.0,0.0,0.0,0.0,0.0,0.0,0.0,0.0,0.0,0.0,0.0,0.0,0.0,0.0,0.0,0.0,0.0,0.0,0.0,0.0,0.0,0.0002,0
leavening agents,cream of tartar,Baked Products,258.0,0.0,0.0,61.5,0.0,0.2,0.0,0.0,0.0,0.0,0.0,0.0,8.0,3.72,2.0,0.205,5.0,0.42,0.0,0.0,0.0,0.000195,0.0002,0
leavening agents,"yeast, baker's, compressed",Baked Products,105.0,8.4,1.9,18.1,0.0,8.1,0.43,0.1,0.0,12.3,1.13,1.88,19.0,3.25,40.0,0.2,336.0,9.97,0.0,1e-05,0.785,0.000148,0.0081,0
leavening agents,"yeast, baker's, active dry",Baked Products,325.0,40.44,7.61,41.22,0.0,26.9,1.5,0.3,0.0,40.2,4.0,10.99,30.0,2.17,54.0,0.312,637.0,7.94,0.0,7.000000000000001e-05,2.34,0.0004359999999999,0.0079,3
bread crumbs,"dry, grated, seasoned",Baked Products,383.0,14.13,5.48,68.49,5.74,4.9,0.171,2.7,0.26,6.161,0.415,0.961,182.0,4.92,46.0,0.984,177.0,1.43,0.01,0.00035,0.183,0.000244,0.0247,3
cookies,"oatmeal, prepared from recipe, without raisins",Baked Products,447.0,6.8,17.9,66.4,0.0,0.0,0.05,0.2,0.0,1.311,0.174,0.262,105.0,2.7,43.0,1.061,167.0,0.93,0.16,8.999999999999999e-05,0.048,0.000168,0.0172,3
cookies,"chocolate chip, prepared from recipe, made with butter",Baked Products,488.0,5.7,28.4,58.2,0.0,0.0,0.084,0.2,0.0,1.365,0.177,0.184,38.0,2.48,55.0,0.663,100.0,0.94,0.139,8e-05,0.047,0.000386,0.0112,3
bread,"protein, toasted (includes gluten)",Baked Products,270.0,13.2,2.4,48.1,1.44,3.3,0.07,0.0,0.36,4.241,0.389,0.317,136.0,4.56,56.0,0.803,189.0,1.17,0.0,0.0,0.149,0.000205,0.0362,3
bread,"rice bran, toasted",Baked Products,264.0,9.7,5.0,47.3,5.08,5.3,0.208,0.0,0.71,6.662,0.293,0.568,75.0,3.92,76.0,1.521,174.0,1.38,0.0,0.0,0.118,0.000182,0.0312,3
bread,"wheat germ, toasted",Baked Products,293.0,10.7,3.3,54.3,4.14,2.3,0.096,0.3,0.57,4.548,0.379,0.332,100.0,3.88,38.0,1.259,175.0,1.46,0.0,7.000000000000001e-05,0.16,0.000202,0.0305,3
muffins,"blueberry, toaster-type, toasted",Baked Products,333.0,4.9,10.1,56.7,12.95,1.9,0.028,0.0,0.98,1.934,0.278,0.204,14.0,0.54,15.0,0.47,192.0,0.48,0.101,1e-05,0.094,0.0001,0.0186999999999999,3
muffins,"wheat bran, toaster-type with raisins, toasted",Baked Products,313.0,5.5,9.4,55.5,23.07,8.2,0.056,0.0,0.98,2.317,0.287,0.204,39.0,2.83,21.0,0.433,284.0,0.44,0.056,2e-05,0.046,0.0001199999999999,0.0203,3
pancakes,"buttermilk, prepared from recipe",Baked Products,227.0,6.8,9.3,28.7,0.0,0.0,0.045,0.4,0.0,1.577,0.292,0.204,157.0,1.7,15.0,0.203,139.0,0.62,0.03,0.0001799999999999,0.056,5.2e-05,0.0150999999999999,0
rolls,"dinner, plain, prepared from recipe, made with low fat (2%) milk",Baked Products,316.0,8.5,7.3,53.4,0.0,1.9,0.06,0.2,0.0,3.448,0.408,0.393,60.0,2.96,19.0,0.401,126.0,0.7,0.087,0.00014,0.123,0.000114,0.0228,3
pie crust,"cookie-type, prepared from recipe, graham cracker, chilled",Baked Products,484.0,4.1,24.4,63.9,37.57,1.5,0.035,0.0,2.28,2.091,0.172,0.102,20.0,2.12,18.0,0.453,64.0,0.46,0.191,2e-05,0.053,0.000122,0.0059,1
crackers,"matzo, egg and onion",Baked Products,391.0,10.0,3.9,77.1,0.0,5.0,0.111,0.2,0.0,4.891,0.437,0.558,36.0,4.37,30.0,0.82,89.0,0.73,0.007,0.00022,0.262,8e-05,0.0365,3
pie crust,"cookie-type, prepared from recipe, vanilla wafer, chilled",Baked Products,531.0,3.7,36.2,50.2,7.33,0.1,0.052,0.1,3.06,2.113,0.229,0.189,42.0,1.63,10.0,0.178,78.0,0.24,0.269,8.999999999999999e-05,0.079,6.8e-05,0.0077,3
pie crust,"standard-type, prepared from recipe, unbaked",Baked Products,469.0,5.7,30.8,42.3,0.15,3.4,0.022,0.0,0.28,2.943,0.246,0.348,9.0,2.57,12.0,0.383,60.0,0.39,0.0,0.0,0.114,8.1e-05,0.0188,3
waffles,"plain, frozen, ready -to-heat, toasted",Baked Products,312.0,7.19,9.61,49.29,5.02,2.4,1.044,0.0,0.98,8.888,0.704,0.525,307.0,6.91,24.0,0.299,429.0,0.53,0.398,0.0029,0.119,3.1e-05,0.0126,3
bagels,"plain, enriched, without calcium propionate (includes onion, poppy, sesame)",Baked Products,275.0,10.5,1.6,53.4,0.0,2.3,0.051,0.0,0.0,4.562,0.315,0.538,18.0,3.56,29.0,0.54,96.0,0.88,0.0,0.0,0.134,0.000163,0.0,3
bagels,"plain, unenriched, with calcium propionate (includes onion, poppy, sesame)",Baked Products,275.0,10.5,1.6,53.4,0.0,2.3,0.051,0.0,0.0,1.758,0.052,0.163,74.0,1.36,29.0,0.54,96.0,0.88,0.0,0.0,0.022,0.000163,0.0,3
bagels,"plain, unenriched, without calcium propionate(includes onion, poppy, sesame)",Baked Products,275.0,10.5,1.6,53.4,0.0,2.3,0.051,0.0,0.0,1.758,0.052,0.163,18.0,1.36,29.0,0.54,96.0,0.88,0.0,0.0,0.022,0.000163,0.0,3
bread,"cornbread, dry mix, unenriched (includes corn muffin mix)",Baked Products,418.0,7.0,12.2,69.5,0.0,6.5,0.128,0.1,0.0,0.937,0.02,0.046,57.0,0.59,24.0,0.315,489.0,0.57,0.006,8.999999999999999e-05,0.011,8.5e-05,0.0,3
bread,"pita, white, unenriched",Baked Products,275.0,9.1,1.2,55.7,0.0,2.2,0.034,0.0,0.0,2.142,0.097,0.267,86.0,1.4,26.0,0.481,97.0,0.84,0.0,0.0,0.024,0.000168,0.0,3
bread,"raisin, unenriched",Baked Products,274.0,7.9,4.4,52.3,0.0,4.3,0.069,0.1,0.0,1.495,0.173,0.177,66.0,1.83,26.0,0.501,109.0,0.72,0.0,0.0,0.034,0.000198,0.0,3
bread,"white, commercially prepared, low sodium, no salt",Baked Products,267.0,8.2,3.6,49.6,4.31,2.3,0.064,0.0,0.22,3.969,0.341,0.472,108.0,3.03,24.0,0.383,94.0,0.62,0.0,3e-05,0.171,0.000126,0.0226,3
coffeecake,"cinnamon with crumb topping, commercially prepared, unenriched",Baked Products,418.0,6.8,23.3,46.7,0.0,2.0,0.027,0.3,0.0,0.88,0.095,0.135,54.0,0.78,22.0,0.451,108.0,0.81,0.033,0.0001799999999999,0.032,0.000125,0.0,3
cake,"pound, commercially prepared, other than all butter, unenriched",Baked Products,389.0,5.2,17.9,52.5,0.0,1.0,0.023,0.1,0.0,0.342,0.124,0.024,64.0,0.6,13.0,0.088,134.0,0.39,0.035,0.00014,0.009,5.4e-05,0.0,3
cake,"white, dry mix, pudding-type, unenriched",Baked Products,423.0,3.9,9.5,81.0,0.0,0.7,0.018,0.0,0.0,0.97,0.06,0.08,77.0,0.52,9.0,0.278,277.0,0.25,0.0,4e-05,0.009,5.6e-05,0.0,3
cake,"yellow, dry mix, regular, unenriched",Baked Products,432.0,4.4,11.6,78.1,0.0,1.1,0.077,0.2,0.0,0.309,0.049,0.082,135.0,0.48,10.0,0.191,310.0,0.27,0.0,0.0001,0.009,7.199999999999999e-05,0.0,3
cookies,"butter, commercially prepared, unenriched",Baked Products,467.0,6.1,18.8,68.9,0.0,0.8,0.036,0.0,0.0,0.32,0.071,0.066,29.0,0.29,12.0,0.17,102.0,0.38,0.16,0.0003599999999999,0.006,0.0002,0.0,3
cookies,"chocolate chip, commercially prepared, regular, higher fat, unenriched",Baked Products,481.0,5.4,22.6,66.8,0.0,2.5,0.056,0.0,0.0,0.473,0.06,0.059,25.0,1.0,31.0,0.449,108.0,0.64,0.0,1e-05,0.009,0.000212,0.0,3
cookies,"ladyfingers, without lemon juice and rind",Baked Products,363.0,10.6,9.1,59.7,0.0,1.0,0.122,0.0,0.0,2.104,0.428,0.284,47.0,3.58,12.0,0.24,173.0,1.14,0.167,0.00075,0.105,9.5e-05,0.0,3
crackers,"melba toast, plain, without salt",Baked Products,390.0,12.1,3.2,76.6,0.0,6.3,0.098,0.0,0.0,4.113,0.273,0.413,93.0,3.7,59.0,1.13,196.0,2.01,0.0,0.0,0.193,0.000289,0.0,3
crackers,"saltines, low salt (includes oyster, soda, soup)",Baked Products,421.0,9.5,8.85,74.34,2.22,2.9,0.06,0.0,1.12,5.235,0.331,0.611,119.0,5.13,25.0,0.838,111.0,0.82,0.0,8.999999999999999e-05,0.221,0.000156,0.0064,3
crackers,"saltines, unsalted tops (includes oyster, soda, soup)",Baked Products,434.0,9.2,11.8,71.5,0.0,3.0,0.038,0.0,0.0,5.249,0.462,0.565,119.0,5.4,27.0,0.695,105.0,0.77,0.0,0.0,0.189,0.000199,0.0,3
crackers,"standard snack-type, regular, low salt",Baked Products,502.0,7.4,25.3,61.0,1.79,1.6,0.053,0.0,2.03,4.048,0.342,0.408,120.0,3.6,27.0,0.556,228.0,0.68,0.0,0.0,0.142,0.000213,0.0066,3
crackers,"wheat, low salt",Baked Products,473.0,8.6,20.6,64.9,13.04,4.5,0.136,0.0,0.5,4.961,0.327,0.505,49.0,4.4,62.0,1.781,220.0,1.6,0.0,0.0,0.072,0.000318,0.0337,3
crackers,"whole-wheat, low salt",Baked Products,443.0,8.8,17.2,68.6,0.37,10.5,0.183,0.0,0.86,4.519,0.1,0.201,50.0,3.08,99.0,2.247,295.0,2.15,0.0,0.0,0.028,0.000444,0.0147,3
danish pastry,"cinnamon, unenriched",Baked Products,403.0,7.0,22.4,44.6,0.0,1.2,0.038,0.2,0.0,1.1,0.1,0.18,71.0,0.78,19.0,0.362,107.0,0.72,0.004,0.0001,0.033,0.0001,0.0,3
danish pastry,"fruit, unenriched (includes apple, cinnamon, raisin, strawberry)",Baked Products,371.0,5.4,18.5,47.8,0.0,1.9,0.04,3.9,0.0,0.769,0.092,0.065,46.0,0.75,15.0,0.253,89.0,0.54,0.022,0.00013,0.016,6.500000000000001e-05,0.0,3
bread,"white, commercially prepared, toasted, low sodium no salt",Baked Products,293.0,9.0,4.0,54.4,0.0,0.0,0.063,0.0,0.0,3.926,0.337,0.415,119.0,3.33,26.0,0.421,103.0,0.68,0.0,2e-05,0.143,0.000138,0.0,3
danish pastry,"lemon, unenriched",Baked Products,371.0,5.4,18.5,47.8,0.0,1.9,0.04,3.9,0.0,0.769,0.092,0.065,46.0,0.75,15.0,0.253,89.0,0.54,0.053,8.999999999999999e-05,0.016,6.500000000000001e-05,0.0,3
crackers,"cheese, low sodium",Baked Products,503.0,10.1,25.3,58.2,0.28,2.4,0.553,0.0,0.3,4.671,0.428,0.57,151.0,4.77,36.0,0.629,218.0,1.13,0.017,0.00046,0.134,0.0002099999999999,0.0086,3
danish pastry,"raspberry, unenriched",Baked Products,371.0,5.4,18.5,47.8,0.0,1.9,0.04,3.9,0.0,0.769,0.092,0.065,46.0,0.75,15.0,0.253,89.0,0.54,0.06,8.999999999999999e-05,0.016,6.500000000000001e-05,0.0,3
doughnuts,"yeast-leavened, glazed, unenriched (includes honey buns)",Baked Products,403.0,6.4,22.8,44.3,0.0,1.2,0.057,0.1,0.0,0.65,0.067,0.89,43.0,0.6,22.0,0.263,93.0,0.77,0.004,8.999999999999999e-05,0.022,0.000169,0.0,3
english muffins,"plain, enriched, without calcium propionate(includes sourdough)",Baked Products,235.0,7.7,1.8,46.0,0.0,2.7,0.043,0.0,0.0,3.884,0.281,0.442,52.0,2.5,21.0,0.357,133.0,0.7,0.0,4e-05,0.1,0.000129,0.0,0
english muffins,"plain, unenriched, with calcium propionate (includes sourdough)",Baked Products,235.0,7.7,1.8,46.0,0.0,2.7,0.043,0.0,0.0,1.566,0.154,0.181,174.0,0.89,21.0,0.357,133.0,0.7,0.0,4e-05,0.037,0.000129,0.0,0
english muffins,"plain, unenriched, without calcium propionate (includes sourdough)",Baked Products,235.0,7.7,1.8,46.0,0.0,2.7,0.043,0.1,0.0,1.566,0.154,0.181,52.0,0.89,21.0,0.357,133.0,0.7,0.0,4e-05,0.037,0.000129,0.0,0
pie,"apple, commercially prepared, unenriched flour",Baked Products,237.0,1.9,11.0,34.0,0.0,1.6,0.038,3.2,0.0,1.123,0.158,0.134,11.0,1.21,7.0,0.182,24.0,0.16,0.029,1e-05,0.004,4.6e-05,0.0,0
pie,"fried pies, cherry",Baked Products,316.0,3.0,16.1,42.6,0.0,2.6,0.03,1.3,0.0,1.425,0.106,0.141,22.0,1.22,10.0,0.224,43.0,0.23,0.009,8e-05,0.029,4.7e-05,0.0024,3
pie,"fried pies, lemon",Baked Products,316.0,3.0,16.1,42.6,0.0,2.6,0.03,0.0,0.0,1.425,0.106,0.141,22.0,1.22,10.0,0.224,43.0,0.23,0.002,8e-05,0.029,4.7e-05,0.0024,3
pie crust,"standard-type, frozen, ready-to-bake, unenriched",Baked Products,457.0,3.9,29.2,44.1,0.0,0.9,0.071,0.0,0.0,0.55,0.01,0.05,18.0,0.38,16.0,0.547,53.0,0.3,0.0,3e-05,0.01,6.8e-05,0.0,3
popovers,"dry mix, unenriched",Baked Products,371.0,10.4,4.3,71.0,0.0,0.0,0.042,0.1,0.0,1.041,0.026,0.101,32.0,0.82,25.0,0.741,100.0,0.88,0.0,8e-05,0.025,0.000174,0.0,3
taco shells,"baked, without added salt",Baked Products,468.0,7.2,22.6,62.4,0.0,7.5,0.296,0.0,0.0,1.35,0.053,0.228,160.0,2.5,105.0,0.435,248.0,1.4,0.0,0.0,0.174,0.0001199999999999,0.0,3
tortillas,"ready-to-bake or -fry, corn, without added salt",Baked Products,222.0,5.7,2.5,46.6,0.0,5.2,0.219,0.0,0.0,1.498,0.073,0.112,175.0,1.4,65.0,0.402,314.0,0.94,0.0,0.0,0.183,0.000154,0.0,3
tortillas,"ready-to-bake or -fry, flour, without added calcium",Baked Products,325.0,8.7,7.1,55.6,0.0,3.3,0.05,0.0,0.0,3.572,0.293,0.531,39.0,3.3,26.0,0.462,124.0,0.71,0.0,0.0,0.201,0.000267,0.0233999999999999,3
cake,"pound, commercially prepared, fat-free",Baked Products,283.0,5.4,1.2,61.0,34.34,1.1,0.012,0.0,0.01,0.686,0.302,0.125,43.0,2.06,10.0,0.137,146.0,0.31,0.029,0.0,0.07,5.8e-05,0.0053,1
cake,"yellow, dry mix, light",Baked Products,404.0,4.7,5.5,84.1,0.0,1.3,0.026,0.0,0.0,1.569,0.211,0.172,155.0,1.31,10.0,0.228,324.0,0.33,0.004,0.00011,0.126,6.3e-05,0.0031,3
crackers,"saltines, fat-free, low-sodium",Baked Products,393.0,10.5,1.6,82.3,0.38,2.7,0.085,0.0,0.12,5.714,0.59,0.518,22.0,7.72,26.0,0.637,113.0,0.94,0.0,0.0,0.202,0.000145,0.0214,3
breakfast tart,low fat,Baked Products,372.0,3.99,5.99,76.8,4.87,1.5,0.38,3.8,0.53,3.8,0.549,0.285,44.0,3.42,44.0,0.0,93.0,0.28,0.285,0.0,0.133,7.3e-05,0.0129,3
toaster pastries,"KELLOGG, KELLOGG'S POP TARTS, Blueberry",Baked Products,412.0,4.6,13.3,68.41,30.9,1.1,0.38,0.0,0.0,3.8,0.33,0.29,24.0,3.5,16.0,0.0,88.0,1.27,0.289,0.0,0.0,0.00015,0.0,1
toaster pastries,"KELLOGG, KELLOGG'S POP TARTS, Frosted blueberry",Baked Products,391.0,4.6,10.0,71.77,31.2,1.1,0.38,0.0,0.0,3.8,0.33,0.29,24.0,3.5,16.0,0.0,85.0,1.23,0.0,0.0,0.0,0.00015,0.0,1
toaster pastries,"KELLOGG, KELLOGG'S POP TARTS, Brown sugar cinnamon",Baked Products,438.0,5.4,18.4,64.4,25.4,1.5,0.4,0.0,0.0,4.0,0.34,0.3,31.0,3.6,16.0,0.0,63.0,1.22,0.0,0.0,0.0,8e-05,0.0,1
toaster pastries,"KELLOGG, KELLOGG'S POP TARTS, Frosted brown sugar cinnamon",Baked Products,417.0,4.6,13.8,69.0,32.3,1.4,0.75,0.0,0.0,5.2,0.52,0.43,0.0,5.4,9.0,0.0,50.0,0.3,0.381,0.0,0.0,0.0,0.0,1
toaster pastries,"KELLOGG, KELLOGG'S POP TARTS, Frosted cherry",Baked Products,397.0,4.2,10.2,72.0,36.0,1.0,0.39,0.0,0.0,3.85,0.33,0.29,25.0,3.5,14.0,0.0,80.0,1.46,0.289,0.0,0.0,0.00019,0.0,1
toaster pastries,"KELLOGG, KELLOGG'S POP TARTS, Frosted chocolate fudge",Baked Products,384.0,4.9,9.3,70.4,35.0,2.1,0.38,0.0,0.0,3.8,0.33,0.29,192.0,3.5,23.0,0.0,99.0,0.5,0.0,0.0,0.0,0.0,0.0,1
toaster pastries,"KELLOGG, KELLOGG'S POP TARTS, Frosted raspberry",Baked Products,399.0,4.2,10.6,71.62,35.4,1.0,0.4,0.0,0.0,3.8,0.33,0.29,22.0,3.5,16.0,0.0,88.0,1.21,0.289,0.0,0.0,8e-05,0.0,1
toaster pastries,"KELLOGG, KELLOGG'S POP TARTS, S'mores",Baked Products,392.0,6.2,10.5,69.6,36.5,1.4,0.4,0.0,0.0,3.8,0.3,0.3,29.0,3.5,21.0,0.0,75.0,0.4,0.0,0.0,0.0,0.0001,0.0,1
toaster pastries,"KELLOGG, KELLOGG'S POP TARTS, Strawberry",Baked Products,398.0,4.7,10.5,71.1,33.0,1.1,0.4,0.0,0.0,3.8,0.3,0.3,24.0,3.5,11.0,0.0,55.0,0.3,0.0,0.0,0.0,0.0,0.0,1
toaster pastries,"KELLOGG, KELLOGG'S POP TARTS, Frosted strawberry",Baked Products,390.0,4.1,9.8,71.7,30.3,1.3,0.4,0.0,0.0,3.8,0.33,0.29,0.0,4.8,6.0,0.0,44.0,0.3,0.368,0.0,0.0,0.0,0.0,1
toaster pastries,"KELLOGG, KELLOGG'S POP TARTS, Frosted wild berry",Baked Products,390.0,4.0,9.5,72.4,31.7,1.3,0.4,0.0,0.0,3.8,0.33,0.29,0.0,3.5,6.0,0.0,42.0,0.3,0.289,0.0,0.0,0.0,0.0,1
toaster pastries,"KELLOGG, KELLOGG'S LOW FAT POP TARTS, Frosted brown sugar cinnamon",Baked Products,366.0,4.7,5.9,73.7,30.5,5.5,0.4,0.0,0.0,4.0,0.34,0.3,200.0,3.6,0.0,0.0,0.0,0.0,0.0,0.0,0.0,0.0,0.0,1
toaster pastries,"KELLOGG, KELLOGG'S LOW FAT POP TARTS, Frosted strawberry",Baked Products,363.0,4.2,5.4,74.4,29.4,5.6,0.4,0.0,0.0,4.0,0.34,0.3,200.0,3.6,0.0,0.0,0.0,0.0,0.3,0.0,0.0,0.0,0.0,1
kellogg,"KELLOGG'S EGGO, Buttermilk Pancake",Baked Products,245.0,5.3,8.0,38.6,10.0,1.0,0.34,1.4,0.0,3.4,0.29,0.26,78.0,3.9,1.0,0.0,194.0,0.1,0.0,0.001,0.0,0.0,0.0,0
kellogg,"KELLOG'S NUTRI-GRAIN CEREAL BARS, Mixed Berry",Baked Products,370.0,4.3,7.6,72.8,33.6,1.9,1.4,0.0,0.0,13.5,1.1,1.0,39.0,4.9,26.0,0.0,98.0,4.1,0.0,0.0,0.0,0.0001,0.0,1
kellogg's,"EGGO, Waffles, Homestyle, Low Fat",Baked Products,229.0,6.3,3.5,44.9,4.5,1.3,0.57,0.0,0.0,5.7,0.49,0.43,378.0,6.4,17.0,0.0,286.0,0.5,0.429,0.0017,0.0,0.0,0.0,0
kellogg's,"EGGO, NUTRI-GRAIN, Waffles, Low Fat",Baked Products,201.0,6.5,3.5,39.0,3.9,4.0,0.57,0.0,0.0,5.7,0.49,0.43,143.0,6.4,53.0,0.0,351.0,0.9,0.0,0.0017,0.0,0.0,0.0,0
kellogg's eggo lowfat blueberry nutri-grain waffles,No_descr,Baked Products,208.0,5.95,2.83,42.71,8.89,3.5,0.51,0.0,0.0,5.13,0.44,0.38,61.0,4.62,54.0,0.0,77.0,0.0,0.0,0.00154,0.0,0.0,0.0,0
archway home style cookies,Sugar Free Oatmeal,Baked Products,442.0,5.54,20.92,67.2,1.26,1.9,0.0,0.0,0.0,1.81,0.17,0.27,20.0,1.96,0.0,0.0,0.0,0.0,0.0,0.0,0.0,0.0,0.0,3
archway home style cookies,Chocolate Chip Ice Box,Baked Products,497.0,4.28,24.4,65.02,34.06,2.0,0.0,0.0,0.0,2.06,0.17,0.25,14.0,2.63,0.0,0.0,0.0,0.0,0.0,0.0,0.0,0.0,0.0,1
archway home style cookies,Coconut Macaroon,Baked Products,460.0,3.02,22.55,61.23,45.16,5.1,0.0,0.0,0.0,0.22,0.06,0.02,5.0,0.82,0.0,0.0,0.0,0.0,0.0,0.0,0.0,0.0,0.0,1
archway home style cookies,Date Filled Oatmeal,Baked Products,400.0,4.67,12.05,68.16,34.27,2.1,0.0,0.0,0.0,1.99,0.17,0.28,28.0,2.26,0.0,0.0,0.0,0.0,0.0,0.0,0.0,0.0,0.0,1
archway home style cookies,Dutch Cocoa,Baked Products,431.0,4.5,14.99,69.44,35.35,2.6,0.0,0.0,0.0,2.22,0.18,0.26,13.0,3.36,0.0,0.0,0.0,0.0,0.0,0.0,0.0,0.0,0.0,1
archway home style cookies,Frosty Lemon,Baked Products,430.0,4.41,17.11,64.78,33.35,0.7,0.0,0.0,0.0,1.95,0.2,0.24,41.0,1.62,0.0,0.0,0.0,0.0,0.0,0.0,0.0,0.0,0.0,1
archway home style cookies,Iced Molasses,Baked Products,420.0,3.5,14.43,69.12,38.43,1.0,0.0,0.0,0.0,2.39,0.19,0.26,24.0,4.1,0.0,0.0,0.0,0.0,0.0,0.0,0.0,0.0,0.0,1
archway home style cookies,Iced Oatmeal,Baked Products,435.0,4.89,16.53,66.76,37.2,2.0,0.0,0.0,0.0,1.64,0.15,0.27,32.0,2.19,0.0,0.0,0.0,0.0,0.0,0.0,0.0,0.0,0.0,1
archway home style cookies,Molasses,Baked Products,403.0,4.25,12.06,69.41,36.35,1.2,0.0,0.0,0.0,2.71,0.23,0.3,29.0,4.68,0.0,0.0,0.0,0.0,0.0,0.0,0.0,0.0,0.0,1
archway home style cookies,Oatmeal,Baked Products,421.0,5.48,14.08,68.17,34.5,2.9,0.0,0.0,0.0,1.88,0.18,0.3,35.0,2.45,0.0,0.0,0.0,0.0,0.0,0.0,0.0,0.0,0.0,1
archway home style cookies,Oatmeal Raisin,Baked Products,406.0,5.17,12.08,69.27,39.55,2.7,0.0,0.0,0.0,1.69,0.16,0.28,38.0,2.4,0.0,0.0,0.0,0.0,0.0,0.0,0.0,0.0,0.0,1
archway home style cookies,Old Fashioned Molasses,Baked Products,406.0,4.27,11.83,70.55,36.09,1.1,0.0,0.0,0.0,2.84,0.24,0.31,32.0,4.99,0.0,0.0,0.0,0.0,0.0,0.0,0.0,0.0,0.0,1
archway home style cookies,Old Fashioned Windmill Cookies,Baked Products,468.0,5.17,17.55,72.23,32.64,1.8,0.0,0.0,0.0,2.94,0.25,0.34,36.0,3.06,0.0,0.0,0.0,0.0,0.0,0.0,0.0,0.0,0.0,1
archway home style cookies,Peanut Butter,Baked Products,480.0,9.0,24.28,58.48,32.55,2.8,0.0,0.0,0.0,4.37,0.2,0.24,35.0,2.72,0.0,0.0,0.0,0.0,0.0,0.0,0.0,0.0,0.0,1
archway home style cookies,Raspberry Filled,Baked Products,400.0,4.35,13.26,65.92,31.76,2.2,0.0,0.0,0.0,2.13,0.18,0.34,20.0,2.32,0.0,0.0,0.0,0.0,0.0,0.0,0.0,0.0,0.0,1
archway home style cookies,Strawberry Filled,Baked Products,400.0,4.35,13.26,65.92,31.76,2.2,0.0,0.0,0.0,2.13,0.18,0.34,20.0,2.32,0.0,0.0,0.0,0.0,0.0,0.0,0.0,0.0,0.0,1
archway home style cookies,Reduced Fat Ginger Snaps,Baked Products,424.0,4.67,11.14,76.23,36.28,1.1,0.0,0.0,0.0,2.86,0.22,0.32,62.0,12.57,0.0,0.0,0.0,0.0,0.0,0.0,0.0,0.0,0.0,1
artificial blueberry muffin mix,dry,Baked Products,407.0,4.7,8.7,77.45,0.0,0.0,0.0,0.0,0.0,0.0,0.0,0.0,0.0,0.0,0.0,0.0,0.0,0.0,0.0,0.0,0.0,0.0,0.0,3
kraft,STOVE TOP Stuffing Mix Chicken Flavor,Baked Products,381.0,12.6,4.1,73.1,10.1,2.5,0.0,3.3,0.0,3.84,0.29,0.39,63.0,4.32,0.0,0.0,129.0,0.0,0.0,0.0,0.0,0.0,0.0,3
george weston bakeries,"Brownberry Sage and Onion Stuffing Mix, dry",Baked Products,390.0,13.3,5.1,72.7,0.0,5.4,0.0,0.0,0.0,0.0,0.0,0.0,0.0,3.81,0.0,0.0,0.0,0.0,0.0,0.0,0.0,0.0,0.0,3
keebler,KEEBLER Chocolate Graham SELECTS,Baked Products,465.0,7.1,16.6,71.8,26.5,0.0,0.0,0.0,0.0,0.0,0.0,0.0,0.0,0.0,0.0,0.0,0.0,0.0,0.0,0.0,0.0,0.0,0.0,1
keebler,Vanilla Wafers,Baked Products,462.0,4.0,17.4,73.1,31.6,1.4,0.0,0.0,0.0,2.6,0.23,0.42,0.0,0.0,0.0,0.0,42.0,0.0,0.0,0.0,0.0,0.0,0.0,1
continental mills,"KRUSTEAZ Almond Poppyseed Muffin Mix, Artificially Flavored, dry",Baked Products,418.0,5.6,10.3,75.6,40.0,1.7,0.0,0.0,0.0,0.0,0.0,0.0,82.0,2.47,0.0,0.0,0.0,0.0,0.0,0.0,0.0,0.0,0.0,1
mckee baking,"LITTLE DEBBIE NUTTY BARS, Wafers with Peanut Butter, Chocolate Covered",Baked Products,548.0,8.0,32.8,55.2,34.0,0.0,0.0,2.0,0.0,0.0,0.0,0.0,0.0,0.0,0.0,0.0,0.0,0.0,0.0,0.0,0.0,0.0,0.0,1
martha white foods,"Martha White's Chewy Fudge Brownie Mix, dry",Baked Products,407.0,4.42,6.16,83.58,54.76,2.9,0.0,0.0,0.0,1.67,0.13,0.2,17.0,3.81,0.0,0.0,0.0,0.26,0.0,0.0,0.0,0.0,0.0,1
martha white foods,"Martha White's Buttermilk Biscuit Mix, dry",Baked Products,388.0,7.81,13.23,59.41,4.46,1.5,0.02,0.2,0.0,3.93,0.38,0.49,168.0,4.06,0.0,0.0,0.0,0.9,0.0,0.00016,0.0,0.0,0.0,3
mission foods,"MISSION Flour Tortillas, Soft Taco, 8 inch",Baked Products,287.0,8.7,6.0,49.6,0.0,0.0,0.0,0.0,0.0,0.0,0.0,0.0,191.0,1.99,0.0,0.0,0.0,0.0,0.0,0.0,0.0,0.0,0.0,0
nabisco,NABISCO GRAHAMS Crackers,Baked Products,424.0,6.99,10.0,76.2,23.0,3.4,0.1,0.0,0.0,3.78,0.24,0.228,79.0,4.13,59.0,0.0,202.0,1.94,0.0,0.0,0.0,3e-05,0.0,1
nabisco,"NABISCO OREO CRUNCHIES, Cookie Crumb Topping",Baked Products,476.0,4.78,21.5,70.23,36.0,3.2,0.032,0.0,0.0,1.845,0.165,0.122,24.0,4.9,48.0,0.0,103.0,1.23,0.0,2e-05,0.0,0.00027,0.0,1
nabisco,NABISCO RITZ Crackers,Baked Products,492.0,7.23,23.21,63.51,8.14,2.3,0.06,0.0,3.49,4.88,0.265,0.442,154.0,4.47,19.0,0.54,273.0,0.61,0.0,0.0,0.111,0.000124,0.0046,3
pillsbury,"Buttermilk Biscuits, Artificial Flavor, refrigerated dough",Baked Products,236.0,6.4,2.79,47.07,4.46,1.6,0.0,0.0,0.0,0.0,0.0,0.0,23.0,2.6,0.0,0.0,0.0,0.0,0.0,0.0,0.0,0.0,0.0,0
pillsbury,"Chocolate Chip Cookies, refrigerated dough",Baked Products,450.0,3.82,21.26,60.75,37.67,1.7,0.0,0.0,0.0,0.0,0.0,0.0,14.0,2.03,0.0,0.0,0.0,0.0,0.0,0.0,0.0,0.0,0.0,1
pillsbury,"Crusty French Loaf, refrigerated dough",Baked Products,243.0,8.59,2.88,46.35,5.06,2.6,0.0,0.0,0.0,0.0,0.0,0.0,19.0,2.27,0.0,0.0,0.0,0.0,0.0,0.0,0.0,0.0,0.0,3
pillsbury,"Traditional Fudge Brownie Mix, dry",Baked Products,441.0,4.8,12.1,78.3,49.6,0.0,0.0,0.0,0.0,0.0,0.0,0.0,0.0,2.81,0.0,0.0,0.0,0.0,0.0,0.0,0.0,0.0,0.0,1
pillsbury grands,"Buttermilk Biscuits, refrigerated dough",Baked Products,293.0,6.16,11.34,42.41,4.6,1.5,0.0,0.0,0.0,0.0,0.0,0.0,23.0,2.34,0.0,0.0,0.0,0.0,0.0,0.0,0.0,0.0,0.0,3
pillsbury golden layer buttermilk biscuits,"Artificial Flavor, refrigerated dough",Baked Products,307.0,5.88,13.24,41.18,5.88,1.2,0.0,0.0,0.0,0.0,0.0,0.0,0.0,2.12,0.0,0.0,0.0,0.0,0.0,0.0,0.0,0.0,0.0,3
pillsbury,"Cinnamon Rolls with Icing, refrigerated dough",Baked Products,330.0,4.34,11.27,53.42,21.34,1.4,0.0,0.1,0.0,0.0,0.0,0.0,28.0,1.93,0.0,0.0,0.0,0.0,0.0,0.0,0.0,0.0,0.0,1
kraft foods,"SHAKE 'N' BAKE ORIGINAL RECIPE, Coating for Pork, dry",Baked Products,377.0,6.1,3.7,79.8,0.0,0.0,0.0,0.0,0.0,0.0,0.0,0.0,0.0,0.0,0.0,0.0,0.0,0.0,0.0,0.0,0.0,0.0,0.0,3
george weston bakeries,Thomas English Muffins,Baked Products,232.0,8.0,1.8,46.0,0.0,0.0,0.0,0.0,0.0,0.0,0.0,0.0,180.0,1.4,0.0,0.0,0.0,0.0,0.0,0.0,0.0,0.0,0.0,0
heinz,"WEIGHT WATCHER, Chocolate Eclair, frozen",Baked Products,241.0,4.4,6.9,40.3,16.8,2.1,0.0,0.0,0.0,0.0,0.0,0.0,48.0,0.7,0.0,0.0,0.0,0.0,0.0,0.0,0.0,0.0,0.0,0
interstate brands corp,WONDER Hamburger Rolls,Baked Products,273.0,8.07,4.15,50.84,11.06,2.6,0.0,0.0,0.0,0.0,0.0,0.0,87.0,2.22,0.0,0.0,0.0,0.0,0.0,0.0,0.0,0.0,0.0,3
general mills,"BETTY CROCKER SUPERMOIST Yellow Cake Mix, dry",Baked Products,413.0,3.8,8.1,81.3,43.9,0.0,0.0,0.0,0.0,0.0,0.0,0.0,161.0,0.0,0.0,0.0,0.0,0.0,0.0,0.0,0.0,0.0,0.0,1
nabisco,NABISCO SNACKWELL'S Fat Free Devil's Food Cookie Cakes,Baked Products,305.0,5.0,1.09,74.25,43.38,1.6,0.021,0.1,0.0,1.345,0.171,0.087,30.0,2.78,25.0,0.0,71.0,0.46,0.0,7.000000000000001e-05,0.0,0.000168,0.0017,1
crackers,"cheese, sandwich-type with cheese filling",Baked Products,490.0,8.92,24.41,58.76,12.33,1.9,0.114,2.6,1.99,3.478,0.457,0.508,89.0,2.13,28.0,0.497,288.0,0.57,0.011,0.0008,0.128,0.000242,0.01,3
usda commodity,"Bakery, Flour Mix",Baked Products,400.0,8.47,12.9,62.53,0.0,7.1,0.08,0.0,0.0,5.904,0.857,0.597,187.0,4.11,20.0,0.738,630.0,0.55,0.0,0.0,0.291,0.000103,0.0066,3
usda commodity,"Bakery, Flour Mix Low-fat",Baked Products,361.0,9.07,4.7,70.59,0.0,3.5,0.093,0.0,0.0,5.904,0.423,0.65,181.0,4.11,28.0,0.779,633.0,0.68,0.0,0.0,0.291,0.0001409999999999,0.0067,3
waffles,"buttermilk, frozen, ready-to-heat",Baked Products,273.0,6.58,9.22,41.05,4.3,2.2,0.972,0.0,0.62,6.675,0.665,0.499,279.0,6.04,19.0,0.215,388.0,0.48,0.401,0.0028599999999999,0.096,4e-05,0.0095,0
waffle,"buttermilk, frozen, ready-to-heat, toasted",Baked Products,309.0,7.42,9.49,48.39,4.41,2.6,1.11,0.0,0.68,7.942,0.648,0.563,299.0,6.59,22.0,0.223,444.0,0.48,0.437,0.00162,0.107,3.7e-05,0.0103,3
waffle,"buttermilk, frozen, ready-to-heat, microwaved",Baked Products,289.0,6.92,9.4,44.16,4.5,2.4,1.105,0.0,0.63,6.73,0.695,0.576,125.0,6.53,20.0,0.235,410.0,0.58,0.429,0.00244,0.099,6.3e-05,0.0101,3
waffle,"plain, frozen, ready-to-heat, microwave",Baked Products,298.0,6.71,9.91,45.41,5.04,2.4,1.016,0.0,0.95,7.785,0.655,0.544,197.0,5.81,25.0,0.154,410.0,0.45,0.0,0.00218,0.106,3.8e-05,0.0128,3
pancakes,"plain, frozen, ready-to-heat, microwave (includes buttermilk)",Baked Products,239.0,5.88,4.73,43.33,7.06,2.5,0.278,0.0,0.38,3.345,0.335,0.363,72.0,1.64,16.0,0.141,350.0,0.44,0.216,0.0,0.086,3.5000000000000004e-05,0.0074,0
toaster pastries,"fruit, frosted (include apples, blueberry, cherry, strawberry)",Baked Products,385.0,4.01,9.02,71.83,31.0,1.8,0.495,0.0,0.74,6.174,0.495,0.519,12.0,4.35,11.0,0.322,71.0,0.36,0.202,1e-05,0.115,6.2e-05,0.0034,1
toaster pastries,"fruit, toasted (include apple, blueberry, cherry, strawberry)",Baked Products,409.0,4.7,11.03,72.7,28.99,1.0,0.465,0.0,0.9,5.25,0.415,0.365,11.0,3.92,12.0,0.332,76.0,0.38,0.467,0.0,0.076,6.8e-05,0.0050999999999999,1
muffin,"blueberry, commercially prepared, low-fat",Baked Products,255.0,4.23,4.22,50.05,27.05,4.2,0.042,0.9,0.39,1.375,0.175,0.163,35.0,2.0,10.0,0.785,125.0,1.27,0.01,0.00016,0.073,8e-05,0.0098,1
pie crust,"Cookie-type, Graham Cracker, Ready Crust",Baked Products,501.0,5.1,24.83,64.3,18.13,1.9,0.076,0.0,1.85,3.22,0.213,0.184,29.0,2.6,23.0,1.287,117.0,1.25,0.0,0.0,0.097,0.000223,0.0026,3
pie crust,"Cookie-type, Chocolate, Ready Crust",Baked Products,484.0,6.08,22.42,64.48,26.31,2.7,0.043,0.0,1.79,3.073,0.265,0.336,32.0,4.3,40.0,1.833,120.0,2.1,0.0,0.0,0.108,0.00077,0.0025,1
pie,"Dutch Apple, Commercially Prepared",Baked Products,290.0,2.17,11.5,44.54,22.02,1.6,0.039,5.7,0.96,1.094,0.067,0.193,14.0,0.91,8.0,0.233,29.0,0.19,0.018,0.0,0.032,0.000148,0.0022,1
pie crust,"deep dish, frozen, unbaked, made with enriched flour",Baked Products,468.0,5.52,28.74,46.79,0.0,1.4,0.047,0.0,1.24,2.5,0.143,0.227,20.0,2.26,15.0,0.476,68.0,0.46,0.0,0.0,0.111,7.9e-05,0.0045,3
pie crust,"refrigerated, regular, baked",Baked Products,506.0,3.41,28.69,58.52,0.0,1.4,0.02,0.0,0.05,1.285,0.037,0.14,12.0,1.15,9.0,0.209,52.0,0.22,0.0,0.0,0.047,5.1e-05,0.0045,3
pie crust,"deep dish, frozen, baked, made with enriched flour",Baked Products,521.0,6.1,31.84,52.47,0.0,2.3,0.04,0.0,1.39,2.867,0.13,0.263,23.0,2.47,17.0,0.533,77.0,0.52,0.0,0.0,0.144,8.9e-05,0.005,3
pie crust,"refrigerated, regular, unbaked",Baked Products,445.0,2.97,25.46,51.11,0.0,1.8,0.02,0.0,0.05,1.145,0.052,0.067,10.0,1.02,8.0,0.181,45.0,0.2,0.0,0.0,0.037,4.5e-05,0.004,3
crackers,"whole-wheat, reduced fat",Baked Products,416.0,11.34,7.59,75.52,1.22,10.9,0.197,0.0,1.08,5.225,0.022,0.185,39.0,3.56,120.0,2.285,364.0,2.99,0.0,0.0,0.03,0.000447,0.0141,3
crackers,"wheat, reduced fat",Baked Products,444.0,9.34,13.37,71.52,15.01,3.4,0.15,0.0,1.18,5.123,0.27,0.625,80.0,5.02,47.0,2.127,258.0,1.74,0.0,0.00014,0.197,0.000223,0.0104,3
waffles,"chocolate chip, frozen, ready-to-heat",Baked Products,297.0,5.8,10.1,45.68,13.1,1.5,0.57,0.0,0.0,5.7,0.49,0.43,357.0,6.4,16.0,0.393,272.0,0.4,0.429,0.0017,0.117,0.000221,0.0130999999999999,3
tostada shells,corn,Baked Products,474.0,6.15,23.38,64.43,0.0,5.8,0.363,0.0,0.0,1.553,0.094,0.353,76.0,1.53,76.0,0.363,203.0,1.23,0.0,0.0,0.0,0.000148,0.0022,3
bread,salvadoran sweet cheese (quesadilla salvadorena),Baked Products,374.0,7.12,17.12,47.84,24.9,0.7,0.04,0.0,0.96,1.2,0.08,0.02,73.0,0.98,11.0,0.24,200.0,0.8,0.141,0.00035,0.048,3e-05,0.0133,1
bread,"pound cake type, pan de torta salvadoran",Baked Products,390.0,7.06,17.45,51.29,18.1,1.7,0.05,0.0,1.42,4.7,0.18,0.07,46.0,2.2,19.0,0.26,300.0,0.62,0.0,0.0,0.0,3e-05,0.0135,3
bread,"pan dulce, sweet yeast bread",Baked Products,367.0,9.42,11.58,56.38,12.5,2.3,0.057,1.2,0.29,3.463,0.23,0.377,86.0,2.87,24.0,0.46,94.0,0.84,0.005,0.00011,0.155,0.000121,0.0261999999999999,3
keikitos (muffins),Latino bakery item,Baked Products,467.0,6.81,25.24,53.16,25.81,1.2,0.0,0.0,0.0,0.0,0.0,0.0,63.0,2.53,12.0,0.207,255.0,0.52,0.0,0.0,0.0,7.199999999999999e-05,0.0153,1
cake,"pound, BIMBO Bakeries USA, Panque Casero, home baked style",Baked Products,418.0,6.62,21.7,48.94,28.77,1.0,0.03,0.0,0.0,0.62,0.15,0.08,52.0,1.51,13.0,0.193,119.0,0.59,0.0,0.0,0.0,5.6e-05,0.017,1
pan dulce,"LA RICURA, Salpora de Arroz con Azucar, cookie-like, contains wheat flour and rice flour",Baked Products,445.0,8.81,16.11,66.28,21.86,1.2,0.0,0.0,0.0,0.0,0.0,0.0,52.0,2.52,22.0,0.572,297.0,0.82,0.0,0.0,0.0,0.000262,0.022,1
pastry,Pastelitos de Guava (guava pastries),Baked Products,379.0,5.48,18.5,47.76,17.0,2.2,0.053,0.0,0.95,2.493,0.117,0.19,14.0,2.12,15.0,0.265,56.0,0.42,0.0,0.0,0.0,7.9e-05,0.0175,3
crackers,"snack, GOYA CRACKERS",Baked Products,433.0,14.25,13.35,64.35,2.35,3.8,0.0,0.0,0.0,0.0,0.0,0.0,16.0,5.66,39.0,0.625,145.0,1.17,0.0,0.0,0.0,0.000155,0.0,3
crackers,"cream, GAMESA SABROSAS",Baked Products,484.0,7.01,20.37,64.55,9.37,2.4,0.065,0.0,1.59,5.08,0.24,0.298,26.0,7.38,25.0,0.778,98.0,0.66,0.0,0.00046,0.253,0.000111,0.0095,3
crackers,"cream, LA MODERNA RIKIS CREAM CRACKERS",Baked Products,464.0,7.19,19.5,64.88,10.41,2.4,0.0,0.0,0.0,0.0,0.0,0.0,734.0,6.64,28.0,0.845,100.0,4.11,0.0,0.0008,0.0,0.000113,0.0,3
garlic bread,frozen,Baked Products,350.0,8.36,16.61,41.72,3.69,2.5,0.083,0.2,1.18,4.142,0.184,0.462,27.0,3.05,23.0,0.441,87.0,0.87,0.013,8e-05,0.221,0.000108,0.0166,3
cinnamon buns,frosted (includes honey buns),Baked Products,452.0,4.45,26.61,48.6,25.7,1.2,0.038,0.3,1.15,2.404,0.138,0.211,183.0,1.37,14.0,0.292,131.0,0.53,0.0,0.00016,0.109,6.2e-05,0.013,1
crackers,"cheese, reduced fat",Baked Products,418.0,10.0,11.67,68.19,0.0,3.3,0.044,0.0,1.88,7.17,0.75,1.087,67.0,4.8,22.0,0.517,162.0,0.9,0.009,3e-05,0.349,0.000118,0.0261999999999999,3
crackers,"saltines, whole wheat (includes multi-grain)",Baked Products,398.0,7.14,10.71,68.25,0.0,0.0,0.213,0.0,1.19,4.427,0.225,0.465,0.0,5.14,70.0,1.494,196.0,1.46,0.0,0.0,0.119,0.000266,0.0258,3
bread,"wheat, white wheat",Baked Products,238.0,10.66,2.15,43.91,5.0,9.2,0.08,0.0,0.38,4.455,0.255,0.51,684.0,4.89,26.0,0.634,103.0,0.95,0.0,0.0,0.162,0.000149,0.0161,3
bagel,wheat,Baked Products,250.0,10.2,1.53,48.89,6.12,4.1,0.147,0.0,0.32,3.37,0.209,0.403,20.0,2.76,51.0,1.43,142.0,1.1,0.0,0.0,0.108,0.000175,0.0287,3
cream puff,"eclair, custard or cream filled, iced",Baked Products,334.0,4.41,18.52,37.43,22.05,0.9,0.041,0.0,0.95,1.908,0.241,0.263,35.0,0.95,10.0,0.224,71.0,0.45,0.023,0.00017,0.1,6e-05,0.0155,1
tortillas,"ready-to-bake or -fry, flour, shelf stable",Baked Products,297.0,8.01,7.58,49.27,2.66,2.4,0.028,0.0,0.86,4.191,0.124,0.487,163.0,3.32,21.0,0.516,213.0,0.57,0.0,0.0,0.188,0.000115,0.0219,3
bread,potato,Baked Products,266.0,12.5,3.13,47.07,9.38,6.3,0.232,0.0,0.47,1.25,0.106,0.188,188.0,2.25,28.0,0.253,369.0,1.44,0.024,0.00015,0.149,9.4e-05,0.0095,3
bread,cheese,Baked Products,408.0,10.42,20.83,44.83,2.08,2.1,0.048,0.0,1.49,3.279,0.303,0.433,90.0,2.49,17.0,0.366,120.0,0.96,0.024,0.0002399999999999,0.159,8.599999999999999e-05,0.0198,3
focaccia,"Italian flatbread, plain",Baked Products,249.0,8.77,7.89,35.82,1.75,1.8,0.113,0.0,1.42,3.67,0.301,0.47,35.0,3.16,20.0,0.364,128.0,1.33,0.0,0.0,0.175,9.1e-05,0.0159,0
kashi,"TLC, Honey Sesame Crackers",Baked Products,398.0,8.7,10.4,72.2,16.1,5.8,0.09,1.0,0.0,1.5,0.08,0.21,126.0,2.4,24.0,0.0,332.0,0.8,0.012,0.0,0.0,0.0,0.0,3
kashi,"TLC, Original 7-Grain Crackers",Baked Products,385.0,13.9,11.9,63.2,13.5,9.0,0.37,0.0,0.9,4.7,0.27,0.35,136.0,3.8,97.0,0.0,557.0,3.0,0.0,0.0001,0.0,0.0,0.0,3
kashi,"TLC, Country Cheddar Crackers",Baked Products,445.0,9.8,15.5,68.0,3.7,2.5,0.01,3.0,0.0,0.3,0.03,0.06,63.0,1.1,2.0,0.0,19.0,0.0,0.052,0.0,0.0,0.0,0.0,3
kashi,"TLC, Toasted Asiago Crackers",Baked Products,420.0,12.7,13.8,66.4,7.1,9.6,0.3,0.0,0.0,2.8,0.11,0.33,160.0,2.9,57.0,0.0,448.0,1.5,0.0,0.0,0.0,0.0,0.0,3
kashi,Blueberry Waffle,Baked Products,192.0,5.7,7.1,34.6,4.6,9.0,0.03,1.0,0.0,1.6,0.05,0.15,51.0,1.9,37.0,0.0,361.0,1.0,0.0,0.0,0.0,0.0,0.0,3
kashi,"H2H Woven Wheat Cracker, Original",Baked Products,396.0,10.6,11.6,73.4,0.4,12.2,1.7,20.0,25.0,0.0,0.0,0.0,40.0,6.0,86.0,0.0,386.0,3.3,0.751,0.005,0.0,0.0,0.0,3
kashi,Original Waffle,Baked Products,197.0,6.0,7.4,35.4,4.2,9.3,0.03,0.0,0.0,1.7,0.05,0.16,53.0,2.0,39.0,0.0,381.0,1.1,0.0,0.0,0.0,0.0,0.0,3
kashi,"TLC, Fire Roasted Vegetable Crackers",Baked Products,389.0,12.0,12.2,64.6,7.3,8.7,0.29,4.0,0.9,4.7,0.24,0.39,67.0,2.4,71.0,0.0,469.0,1.5,0.1,0.0,0.0,0.0,0.0,3
kashi,"H2H Woven Wheat Cracker, Roasted Garlic",Baked Products,440.0,10.5,11.7,73.2,0.6,12.2,1.7,20.0,25.0,0.0,0.0,0.0,53.0,6.0,87.0,0.0,380.0,3.3,0.751,0.005,0.0,0.0,0.0,3
austin,"Cheddar Cheese on Wheat Crackers, sandwich-type",Baked Products,495.0,7.9,24.5,61.4,14.6,1.8,0.0,0.0,0.0,3.5,0.25,0.39,151.0,3.0,10.0,0.0,195.0,0.0,0.0,0.0,0.0,0.0,0.0,3
austin,"Cheddar Cheese on Cheese Crackers, sandwich-type",Baked Products,494.0,7.5,24.9,60.0,13.5,1.3,0.0,0.0,0.0,3.5,0.26,0.4,160.0,3.2,11.0,0.0,175.0,0.0,0.0,0.0,0.0,0.0,0.0,3
austin,"Chocolatey Peanut Butter Crackers, sandwich-type",Baked Products,479.0,7.7,20.8,66.2,17.3,2.0,0.0,0.0,0.0,3.5,0.26,0.41,0.0,3.1,11.0,0.0,116.0,0.0,0.0,0.0,0.0,0.0,0.0,3
austin,"Grilled Cheese on Wafer Crackers, sandwich-type",Baked Products,493.0,7.9,23.8,62.0,12.6,1.3,0.0,0.0,0.0,3.6,0.27,0.42,129.0,3.2,12.0,0.0,138.0,0.0,0.0,0.0,0.0,0.0,0.0,3
austin,"Cheddar Cheese on Cheese Crackers, sandwich-type, reduced fat",Baked Products,461.0,7.8,17.5,68.0,14.6,1.4,0.0,0.0,0.0,3.8,0.29,0.44,144.0,3.4,13.0,0.0,198.0,0.0,0.0,0.0,0.0,0.0,0.0,3
austin,"Peanut Butter on Cheese Crackers, sandwich-type, reduced fat",Baked Products,461.0,9.7,17.9,66.3,9.0,2.7,0.0,0.0,0.0,3.8,0.29,0.44,0.0,3.5,13.0,0.0,190.0,0.0,0.0,0.0,0.0,0.0,0.0,3
austin,"Peanut Butter on Toasty Crackers, sandwich-type, reduced fat",Baked Products,463.0,9.5,18.0,67.2,11.8,2.7,0.0,0.0,0.0,3.6,0.27,0.42,0.0,3.3,12.0,0.0,119.0,0.0,0.0,0.0,0.0,0.0,0.0,3
austin,"PB & J Crackers, sandwich-type",Baked Products,484.0,7.6,21.7,65.7,16.7,2.0,0.0,0.0,0.0,3.5,0.26,0.41,0.0,3.1,11.0,0.0,117.0,0.0,0.0,0.0,0.0,0.0,0.0,3
barbara dee,Winter Mints Cookies,Baked Products,515.0,3.9,26.0,67.1,35.8,2.0,0.0,0.0,0.0,2.3,0.17,0.26,0.0,2.6,20.0,0.0,48.0,0.2,0.0,0.0,0.0,0.0,0.0,1
kellogg's,"BEANATURAL, Original 3-Bean Chips",Baked Products,487.0,22.9,25.3,46.5,5.3,14.2,0.15,0.0,0.0,0.9,0.09,0.17,197.0,4.7,95.0,0.0,216.0,2.2,0.0,0.0,0.0,0.0,0.0,3
bear naked,Double Chocolate Cookies,Baked Products,423.0,6.6,16.9,66.9,35.2,7.0,0.0,0.0,0.0,0.3,0.04,0.07,0.0,3.7,54.0,0.0,88.0,0.8,0.0,0.0,0.0,0.0,0.0,1
bear naked,Fruit & Nut Cookies,Baked Products,443.0,7.5,21.4,61.6,29.4,7.1,0.06,0.0,0.9,0.5,0.09,0.09,0.0,2.1,37.0,0.0,86.0,0.6,0.0,0.0,0.0,0.0,0.0,1
kellogg's,"EGGO, Biscuit Scramblers, Bacon, Egg & Cheese",Baked Products,258.0,8.8,7.9,38.3,4.7,2.1,0.02,0.0,0.0,2.4,0.26,0.3,124.0,2.7,14.0,0.0,215.0,0.5,0.0,0.0001,0.0,0.0,0.0,0
kellogg's,"EGGO, Biscuit Scramblers, Egg & Cheese",Baked Products,254.0,8.8,7.6,38.3,4.7,2.3,0.03,0.0,0.0,2.4,0.27,0.3,133.0,2.7,14.0,0.0,217.0,0.5,0.0,0.0001,0.0,0.0,0.0,0
kellogg's,"EGGO, French Toaster Sticks, Cinnamon",Baked Products,250.0,4.8,6.9,42.6,16.2,1.0,0.44,0.0,0.0,4.4,0.38,0.33,111.0,5.0,12.0,0.0,300.0,0.4,0.334,0.0013,0.0,0.0,0.0,0
kellogg's,"EGGO, French Toaster Sticks, Original",Baked Products,239.0,5.3,7.0,39.4,10.9,0.9,0.44,0.0,0.0,4.4,0.38,0.33,111.0,5.0,13.0,0.0,326.0,0.4,0.334,0.0013,0.0,0.0,0.0,0
kellogg's,"EGGO, Mini Muffin Tops, Blueberry",Baked Products,293.0,5.0,10.2,45.8,18.1,1.0,0.43,0.0,0.0,4.3,0.37,0.33,217.0,5.9,13.0,0.0,342.0,0.4,0.326,0.0013,0.0,0.0,0.0,3
snacks,"beef jerky, chopped and formed",Snacks,410.0,33.2,25.6,11.0,9.0,1.8,0.179,0.0,0.49,1.732,0.142,0.154,20.0,5.42,51.0,0.111,407.0,8.11,0.0,0.00099,0.134,0.000227,0.0107,2
snacks,"corn-based, extruded, chips, plain",Snacks,538.0,6.17,33.36,56.9,0.27,4.0,0.167,0.0,7.23,0.842,0.078,0.047,138.0,1.2,72.0,0.333,194.0,1.29,0.003,0.0,0.008,0.000101,0.0076,3
snacks,"corn-based, extruded, chips, barbecue-flavor",Snacks,523.0,7.0,32.7,56.2,0.0,5.2,0.23,1.7,0.0,1.645,0.21,0.075,131.0,1.54,77.0,0.774,207.0,1.06,0.031,0.0,0.039,0.000166,0.0040999999999999,3
snacks,"corn-based, extruded, cones, plain",Snacks,510.0,5.8,26.9,62.9,0.0,1.1,0.04,0.0,0.0,1.41,0.24,0.32,3.0,2.54,11.0,0.087,44.0,0.21,0.016,0.0,0.003,4e-05,0.0038,3
snacks,"corn-based, extruded, onion-flavor",Snacks,499.0,7.7,22.6,65.1,4.83,3.9,0.148,1.8,2.69,3.18,0.31,0.22,29.0,3.72,28.0,0.202,72.0,0.33,0.008,0.0,0.176,0.000118,0.0106,3
snacks,"corn-based, extruded, puffs or twists, cheese-flavor",Snacks,560.0,5.85,36.01,53.53,3.19,1.4,0.079,0.0,4.18,4.706,0.159,0.16,56.0,2.53,17.0,0.058,133.0,0.4,0.0,0.0004799999999999,0.089,3.2e-05,0.0081,3
snacks,"KRAFT, CORNNUTS, plain",Snacks,446.0,8.5,15.64,71.86,0.61,6.9,0.229,0.0,1.98,1.694,0.13,0.041,9.0,1.67,113.0,0.455,275.0,1.78,0.0,0.0,0.0,0.000115,0.0148,3
snacks,"crisped rice bar, chocolate chip",Snacks,404.0,5.1,13.5,73.0,0.0,2.2,0.705,0.0,0.0,7.05,0.6,0.53,21.0,6.3,48.0,0.999,134.0,0.86,0.0,0.0,0.14,0.00031,0.0096999999999999,3
snacks,"fruit leather, pieces",Sweets,359.0,1.0,2.68,82.82,57.58,0.0,0.3,56.0,0.56,0.1,0.1,0.043,18.0,0.75,14.0,0.184,24.0,0.19,0.006,0.0,0.004,0.000171,0.0027,1
snacks,"fruit leather, rolls",Sweets,371.0,0.1,3.0,85.8,49.16,0.0,0.3,120.0,0.56,0.1,0.02,0.084,32.0,1.01,20.0,0.184,31.0,0.19,0.006,0.0,0.002,0.000171,0.0004,1
snacks,"granola bars, hard, plain",Snacks,471.0,10.1,19.8,64.4,28.57,5.3,0.085,0.9,2.09,1.581,0.119,0.264,61.0,2.95,97.0,1.777,277.0,2.03,0.002,0.0,0.023,0.000392,0.0162,1
snacks,"granola bars, hard, almond",Snacks,495.0,7.7,25.5,62.0,0.0,4.8,0.047,0.0,0.0,0.61,0.07,0.28,32.0,2.5,81.0,1.365,228.0,1.58,0.002,0.0,0.012,0.000127,0.015,3
snacks,"granola bars, hard, chocolate chip",Snacks,438.0,7.3,16.3,72.1,0.0,4.4,0.058,0.1,0.0,0.555,0.1,0.18,77.0,3.05,72.0,1.507,204.0,1.93,0.002,1e-05,0.013,0.000261,0.0125,3
snacks,"granola bars, soft, uncoated, plain",Snacks,443.0,7.4,17.2,67.3,0.0,4.6,0.1,0.0,0.0,0.515,0.165,0.295,105.0,2.56,74.0,1.53,230.0,1.5,0.0,0.00039,0.024,0.00027,0.0162,3
snacks,"granola bars, soft, uncoated, peanut butter",Snacks,426.0,10.5,15.8,64.4,0.0,4.3,0.103,0.0,0.0,3.142,0.148,0.228,91.0,2.13,86.0,1.4,250.0,1.86,0.002,0.0002,0.032,0.00066,0.0189,3
snacks,"granola bars, soft, uncoated, raisin",Snacks,448.0,7.6,17.8,66.4,0.0,4.2,0.103,0.0,0.0,1.101,0.163,0.231,101.0,2.44,72.0,1.26,220.0,1.3,0.0,0.0001799999999999,0.021,0.00028,0.0157,3
snacks,"granola bars, soft, coated, milk chocolate coating, chocolate chip",Snacks,466.0,5.8,24.9,63.8,0.0,3.4,0.1,0.0,0.0,0.72,0.25,0.09,103.0,2.33,66.0,0.93,199.0,1.3,0.007,0.00057,0.026,0.00035,0.0,3
snacks,"granola bars, soft, coated, milk chocolate coating, peanut butter",Snacks,508.0,10.2,31.1,53.4,23.74,2.8,0.106,0.6,4.17,3.29,0.21,0.1,108.0,1.45,67.0,1.35,227.0,1.47,0.005,0.0,0.025,0.000323,0.0130999999999999,1
snacks,"granola bars, soft, uncoated, peanut butter and chocolate chip",Snacks,432.0,9.8,20.0,62.2,0.0,4.2,0.1,0.0,0.0,3.15,0.12,0.12,80.0,1.94,88.0,1.35,262.0,1.7,0.002,0.00045,0.033,0.0004,0.0,3
snacks,"oriental mix, rice-based",Snacks,506.0,17.31,25.58,51.62,3.0,13.2,0.072,0.3,5.6,3.081,0.141,0.311,54.0,2.44,118.0,1.273,262.0,2.66,0.0,0.0,0.038,0.000134,0.0081,3
snacks,"GENERAL MILLS, CHEX MIX, traditional flavor",Snacks,424.0,8.83,10.0,74.77,4.85,3.9,0.092,0.0,0.0,4.352,0.21,0.342,34.0,2.99,41.0,0.824,154.0,1.08,0.0,0.0,0.085,0.000146,0.0099,3
snacks,"popcorn, air-popped",Snacks,387.0,12.94,4.54,77.78,0.87,14.5,0.157,0.0,0.29,2.308,0.083,0.104,7.0,3.19,144.0,1.113,358.0,3.08,0.01,0.0,0.031,0.000262,0.0,3
snacks,"popcorn, oil-popped, microwave, regular flavor, no trans fat",Snacks,583.0,7.29,43.55,45.06,0.46,8.1,0.109,0.3,2.43,1.195,0.057,0.134,4.0,1.98,79.0,0.629,199.0,3.1,0.008,0.0,0.025,0.000162,0.0022,3
snacks,"popcorn, cakes",Snacks,384.0,9.7,3.1,80.1,0.72,2.9,0.181,0.0,0.29,6.006,0.178,0.075,9.0,1.87,159.0,0.985,277.0,3.99,0.004,0.0,0.018,0.000569,0.0099,3
snacks,"popcorn, caramel-coated, with peanuts",Snacks,400.0,6.4,7.8,80.7,45.36,3.8,0.185,0.0,0.85,1.99,0.126,0.051,66.0,3.91,80.0,0.764,127.0,1.24,0.004,0.0,0.016,0.000297,0.0039,1
snacks,"popcorn, caramel-coated, without peanuts",Snacks,431.0,3.8,12.8,79.1,53.19,5.2,0.028,0.0,1.2,2.2,0.07,0.065,43.0,1.74,35.0,0.22,83.0,0.58,0.002,1e-05,0.005,0.0001189999999999,0.0036,1
snacks,"popcorn, cheese-flavor",Snacks,526.0,9.3,33.2,51.6,0.79,9.9,0.235,0.5,3.82,1.453,0.241,0.124,113.0,2.24,91.0,0.713,361.0,2.01,0.008,0.00053,0.011,0.00014,0.012,3
snacks,"pork skins, plain",Snacks,544.0,61.3,31.3,0.0,0.0,0.0,0.023,0.5,0.53,1.549,0.283,0.099,30.0,0.88,11.0,0.069,85.0,0.56,0.012,0.00064,0.0,9.4e-05,0.041,2
snacks,"potato chips, barbecue-flavor",Snacks,485.0,6.41,30.69,56.19,5.47,3.8,0.374,58.0,4.09,4.809,0.117,0.216,35.0,1.36,58.0,0.378,145.0,0.97,0.019,0.0,0.06,0.000244,0.0004,3
snacks,"potato chips, sour-cream-and-onion-flavor",Snacks,531.0,8.1,33.9,51.5,0.0,5.2,0.665,37.3,0.0,4.029,0.2,0.189,72.0,1.6,74.0,0.405,176.0,0.98,0.014,0.001,0.062,0.000299,0.0081,3
snacks,"potato chips, made from dried potatoes, reduced fat",Snacks,502.0,4.56,26.14,64.76,0.63,3.2,0.412,12.0,2.18,3.595,0.015,0.212,29.0,1.11,45.0,0.361,129.0,0.7,0.0,0.0,0.027,0.000153,0.0029,3
snacks,"potato chips, made from dried potatoes, sour-cream and onion-flavor",Snacks,547.0,6.6,37.0,51.3,0.0,1.2,0.476,9.5,0.0,2.5,0.1,0.18,64.0,1.4,55.0,0.405,169.0,0.71,0.323,0.0,0.023,6.3e-05,0.0,3
snacks,"pretzels, hard, plain, salted",Snacks,384.0,10.04,2.94,80.39,2.21,3.4,0.073,2.1,0.47,5.266,0.332,0.424,27.0,4.6,29.0,1.014,128.0,1.06,0.0,0.0,0.166,0.000156,0.0044,3
snacks,"pretzels, hard, confectioner's coating, chocolate-flavor",Snacks,457.0,7.5,16.7,70.9,38.8,2.4,0.172,0.5,0.62,0.8,0.2,0.099,74.0,2.0,41.0,0.562,145.0,0.92,0.0,0.0,0.009,0.0003019999999999,0.0145,1
snacks,"M&M MARS, COMBOS Snacks Cheddar Cheese Pretzel",Snacks,463.0,9.85,16.92,66.5,17.6,1.8,0.046,0.0,0.67,3.183,0.557,0.3,197.0,0.92,22.0,0.448,143.0,0.73,0.056,0.0001199999999999,0.008,0.0001189999999999,0.0057,3
snacks,"pretzels, hard, whole-wheat including both salted and unsalted",Snacks,362.0,11.1,2.6,81.3,0.0,7.7,0.274,1.0,0.0,6.537,0.291,0.44,28.0,2.69,30.0,2.662,125.0,0.62,0.0,0.0,0.054,0.00028,0.0,3
snacks,"rice cakes, brown rice, plain",Snacks,387.0,8.2,2.8,81.5,0.88,4.2,0.15,0.0,1.24,7.806,0.165,0.061,11.0,1.49,131.0,3.73,360.0,3.0,0.0,0.0,0.021,0.000445,0.0246,3
snacks,"rice cakes, brown rice, buckwheat",Snacks,380.0,9.0,3.5,80.1,0.0,3.8,0.13,0.0,0.0,8.096,0.103,0.056,11.0,1.14,151.0,6.18,380.0,2.5,0.0,0.0,0.021,0.00038,0.0163999999999999,3
snacks,"rice cakes, brown rice, sesame seed",Snacks,392.0,7.6,3.8,81.5,0.0,5.4,0.155,3.0,0.0,7.205,0.085,0.048,12.0,1.58,136.0,4.299,375.0,3.0,0.0,0.0,0.018,0.00039,0.0241,3
snacks,"tortilla chips, plain, white corn, salted",Snacks,472.0,7.1,20.68,67.78,0.78,5.4,0.179,0.0,3.53,0.838,0.07,0.14,106.0,1.52,84.0,0.388,225.0,1.38,0.0,0.0003599999999999,0.012,9.7e-05,0.0052,3
snacks,"tortilla chips, nacho cheese",Snacks,519.0,7.36,27.42,60.81,2.59,5.1,0.22,0.4,6.24,1.29,0.136,0.153,137.0,1.16,75.0,0.33,252.0,1.38,0.006,0.0,0.013,0.000102,0.0074,3
snacks,"tortilla chips, ranch-flavor",Snacks,501.0,7.19,24.63,62.74,3.03,4.0,0.2,0.0,0.0,1.3,0.06,0.048,134.0,1.38,87.0,0.365,252.0,1.43,0.0,0.0,0.0,0.000101,0.0073,3
snacks,"trail mix, regular",Snacks,462.0,13.8,29.4,44.9,0.0,0.0,0.298,1.4,0.0,4.712,0.198,0.462,78.0,3.05,158.0,1.034,345.0,3.22,0.001,0.0,0.071,0.000985,0.0,3
snacks,"trail mix, tropical",Snacks,442.0,6.3,17.1,65.6,0.0,0.0,0.327,7.6,0.0,1.482,0.115,0.45,57.0,2.64,96.0,0.966,186.0,1.17,0.002,0.0,0.042,0.000528,0.0,3
snacks,"trail mix, regular, with chocolate chips, salted nuts and seeds",Snacks,484.0,14.2,31.9,44.9,23.88,5.0,0.259,1.3,8.4,4.405,0.224,0.413,109.0,3.39,161.0,1.062,387.0,3.14,0.0,0.0,0.052,0.000844,0.0154,3
snacks,"tortilla chips, taco-flavor",Snacks,480.0,7.9,24.2,63.1,0.0,5.3,0.297,0.9,0.0,1.999,0.204,0.242,155.0,2.02,88.0,0.442,239.0,1.27,0.045,0.0,0.021,0.000186,0.0067,3
candies,"TOOTSIE ROLL, chocolate-flavor roll",Sweets,387.0,1.59,3.31,87.73,56.32,0.1,0.01,0.0,0.65,0.21,0.07,0.056,36.0,0.8,22.0,0.047,57.0,0.4,0.0,0.0,0.011,0.00013,0.0022,1
candies,ALMOND JOY Candy Bar,Sweets,479.0,4.13,26.93,59.51,48.34,5.0,0.0,0.7,0.0,0.0,0.0,0.0,64.0,1.27,0.0,0.0,112.0,0.0,0.0,0.0,0.0,0.0,0.0,1
candies,TWIZZLERS CHERRY BITES,Sweets,338.0,2.97,1.7,79.38,0.0,0.1,0.0,0.0,0.0,0.0,0.0,0.0,12.0,0.55,0.0,0.0,47.0,0.0,0.0,0.0,0.0,0.0,0.0,3
candies,"NESTLE, BIT-O'-HONEY Candy Chews",Sweets,375.0,2.0,7.5,80.89,48.0,0.2,0.009,0.8,0.3,0.069,0.044,0.06,35.0,0.2,7.0,0.038,28.0,0.49,0.0,6e-05,0.002,2.6e-05,0.0013,1
candies,"NESTLE, BUTTERFINGER Bar",Sweets,459.0,5.4,18.9,72.9,45.9,2.0,0.069,0.0,1.72,2.649,0.062,0.121,36.0,0.79,48.0,0.49,97.0,1.0,0.0,4e-05,0.028,0.000193,0.0029,1
candies,butterscotch,Sweets,391.0,0.03,3.3,90.4,80.46,0.0,0.0,0.0,0.09,0.002,0.016,0.012,4.0,0.01,0.0,0.001,1.0,0.09,0.028,0.0,0.0,1e-06,0.0006,1
candies,"carob, unsweetened",Sweets,540.0,8.15,31.36,56.29,34.11,3.8,0.13,0.5,1.57,1.04,0.178,0.1,303.0,1.29,36.0,0.14,126.0,3.53,0.001,0.00028,0.021,0.000183,0.0052,1
candies,caramels,Sweets,382.0,4.6,8.1,77.0,65.5,0.0,0.056,0.4,0.46,0.148,0.256,0.103,138.0,0.14,17.0,0.011,114.0,0.44,0.012,0.0003,0.004,1.7999999999999997e-05,0.0018,1
candies,CARAMELLO Candy Bar,Sweets,462.0,6.19,21.19,63.81,56.92,1.2,0.0,1.7,0.0,0.0,0.0,0.0,213.0,1.09,0.0,0.0,150.0,0.0,0.0,0.0,0.0,0.0,0.0,1
candies,"caramels, chocolate-flavor roll",Sweets,387.0,1.59,3.31,87.73,56.32,0.1,0.01,0.0,0.65,0.21,0.07,0.056,36.0,0.8,22.0,0.047,57.0,0.4,0.0,0.0,0.011,0.00013,0.0022,1
baking chocolate,"unsweetened, liquid",Sweets,472.0,12.1,47.7,36.2,0.0,18.1,0.072,0.0,0.0,2.1,0.279,0.05,54.0,4.15,265.0,1.65,340.0,3.68,0.001,0.0,0.019,0.00191,0.0079,3
baking chocolate,"unsweetened, squares",Sweets,642.0,14.32,52.31,28.42,0.91,16.6,0.027,0.0,0.4,1.355,0.1,0.147,101.0,17.4,327.0,4.167,400.0,9.63,0.0,0.0,0.028,0.003233,0.0081,4
candies,"confectioner's coating, yogurt",Sweets,522.0,5.87,27.0,63.94,62.36,0.0,0.056,0.5,1.11,0.154,0.261,0.064,205.0,0.14,18.0,0.003,157.0,0.7,0.001,0.00065,0.008,8e-06,0.0047,1
candies,semisweet chocolate,Sweets,480.0,4.2,30.0,63.9,54.5,5.9,0.035,0.0,0.26,0.427,0.09,0.055,32.0,3.13,115.0,0.8,132.0,1.62,0.0,0.0,0.013,0.0007,0.0042,1
candies,sweet chocolate,Sweets,507.0,3.9,34.2,60.4,51.48,5.5,0.043,0.0,0.26,0.67,0.24,0.02,24.0,2.76,113.0,0.494,147.0,1.5,0.0,0.0,0.003,0.000574,0.0028,1
candies,sweet chocolate coated fondant,Sweets,366.0,2.2,9.3,80.4,71.42,2.1,0.01,0.0,0.13,0.575,0.058,0.026,17.0,1.56,63.0,0.4,95.0,0.45,0.0,0.0,0.003,0.00043,0.0016,1
candies,HERSHEY'S GOLDEN ALMOND SOLITAIRES,Sweets,570.0,11.97,37.13,46.91,37.13,4.4,0.0,0.0,0.0,0.0,0.0,0.0,203.0,2.5,0.0,0.0,0.0,0.0,0.0,0.0,0.0,0.0,0.0,1
candies,"confectioner's coating, butterscotch",Sweets,539.0,2.2,29.05,67.1,67.1,0.0,0.016,0.1,0.68,0.049,0.075,0.015,34.0,0.08,5.0,0.002,31.0,0.11,0.0,0.0001,0.001,3e-06,0.0013,1
candies,"confectioner's coating, peanut butter",Sweets,529.0,18.3,29.8,46.88,38.3,5.0,0.17,0.3,1.36,8.2,0.2,0.232,110.0,1.7,110.0,1.4,310.0,2.0,0.0,0.0002,0.077,0.0004,0.0039,1
candies,white chocolate,Sweets,539.0,5.87,32.09,59.24,59.0,0.2,0.056,0.5,0.96,0.745,0.282,0.063,199.0,0.24,12.0,0.008,176.0,0.74,0.009,0.00056,0.007,6e-05,0.0045,1
ice creams,"vanilla, light",Sweets,180.0,4.78,4.83,29.46,22.12,0.3,0.045,1.2,0.12,0.136,0.255,0.053,161.0,0.19,14.0,0.005,103.0,0.73,0.128,0.00047,0.006,1.7e-05,0.002,0
ice creams,"vanilla, rich",Sweets,249.0,3.5,16.2,22.29,20.65,0.0,0.045,0.0,0.51,0.082,0.167,0.041,117.0,0.34,11.0,0.004,105.0,0.47,0.182,0.00039,0.009,8e-06,0.0035,0
ice creams,"french vanilla, soft-serve",Sweets,222.0,4.1,13.0,22.2,21.16,0.7,0.048,0.8,0.61,0.095,0.182,0.049,131.0,0.21,12.0,0.005,116.0,0.52,0.162,0.0005,0.009,3e-05,0.003,0
candies,YORK Peppermint Pattie,Sweets,384.0,2.19,7.17,80.99,63.78,2.0,0.0,0.0,0.0,0.0,0.0,0.0,11.0,0.92,0.0,0.0,0.0,0.0,0.0,0.0,0.0,0.0,0.0,1
candies,TWIZZLERS NIBS CHERRY BITS,Sweets,347.0,2.3,2.64,79.37,51.35,0.6,0.0,0.0,0.0,0.0,0.0,0.0,8.0,0.28,0.0,0.0,24.0,0.0,0.0,0.0,0.0,0.0,0.0,1
candies,SYMPHONY Milk Chocolate Bar,Sweets,531.0,8.51,30.57,58.01,53.96,1.7,0.0,2.2,0.0,0.0,0.0,0.0,251.0,0.91,0.0,0.0,206.0,0.0,0.0,0.0,0.0,0.0,0.0,1
desserts,"flan, caramel custard, prepared-from-recipe",Sweets,145.0,4.53,4.03,22.78,23.15,0.0,0.044,0.0,0.23,0.082,0.21,0.032,83.0,0.38,9.0,0.01,96.0,0.47,0.046,0.0003599999999999,0.009,2.8e-05,0.0087,0
ice creams,vanilla,Sweets,207.0,3.5,11.0,23.6,21.22,0.7,0.048,0.6,0.3,0.116,0.24,0.041,128.0,0.09,14.0,0.008,105.0,0.69,0.118,0.00039,0.005,2.3e-05,0.0018,0
ice creams,"vanilla, light, soft-serve",Sweets,126.0,4.9,2.6,21.8,18.69,0.0,0.046,0.9,0.06,0.118,0.198,0.052,157.0,0.06,14.0,0.008,121.0,0.53,0.029,0.0005,0.005,2.7e-05,0.0036,0
sherbet,orange,Sweets,144.0,1.1,2.0,30.4,24.32,1.3,0.023,2.3,0.01,0.063,0.097,0.027,54.0,0.14,8.0,0.011,40.0,0.48,0.012,0.00013,0.004,2.8e-05,0.0015,0
candies,5TH AVENUE Candy Bar,Sweets,482.0,8.78,23.98,62.68,47.19,3.1,0.11,0.4,2.7,3.9,0.09,0.14,73.0,1.2,62.0,0.05,141.0,1.12,0.014,0.0001799999999999,0.036,0.0002099999999999,0.0006,1
candies,"fondant, prepared-from-recipe",Sweets,373.0,0.0,0.02,93.18,88.9,0.0,0.0,0.0,0.0,0.0,0.016,0.005,3.0,0.01,0.0,0.0,0.0,0.04,0.0,0.0,0.0,3e-06,0.0006,1
candies,"fudge, chocolate, prepared-from-recipe",Sweets,411.0,2.39,10.41,76.44,73.12,1.7,0.012,0.0,0.18,0.176,0.085,0.026,49.0,1.77,36.0,0.422,71.0,1.11,0.044,8.999999999999999e-05,0.004,0.000329,0.0025,1
candies,"fudge, chocolate, with nuts, prepared-from-recipe",Sweets,461.0,4.38,18.93,67.93,63.37,2.5,0.088,0.2,0.26,0.315,0.095,0.067,57.0,1.97,55.0,0.885,114.0,1.43,0.038,7.000000000000001e-05,0.016,0.000526,0.0029,1
candies,"fudge, peanut butter, prepared-from-recipe",Sweets,387.0,3.78,6.59,77.75,73.36,0.7,0.066,0.0,1.01,1.439,0.082,0.022,42.0,0.22,20.0,0.164,68.0,0.48,0.009,0.00014,0.009,5.6e-05,0.0022,1
candies,"fudge, vanilla, prepared-from-recipe",Sweets,383.0,1.05,5.45,82.15,79.77,0.0,0.009,0.0,0.14,0.038,0.074,0.014,38.0,0.02,3.0,0.002,30.0,0.15,0.046,8e-05,0.001,4e-06,0.0017,1
candies,"fudge, vanilla with nuts",Sweets,435.0,3.0,13.69,74.61,71.0,0.9,0.077,0.1,0.22,0.179,0.085,0.051,47.0,0.41,24.0,0.466,73.0,0.56,0.041,7.000000000000001e-05,0.012,0.000219,0.0022,1
candies,"NESTLE, GOOBERS Chocolate Covered Peanuts",Sweets,512.0,9.7,34.0,53.0,43.0,9.7,0.0,0.3,0.0,0.0,0.0,0.0,89.0,1.1,0.0,0.0,0.0,0.0,0.0,0.0,0.0,0.0,0.0,1
candies,"gumdrops, starch jelly pieces",Sweets,396.0,0.0,0.0,98.9,58.97,0.1,0.005,0.0,0.0,0.01,0.013,0.006,3.0,0.4,1.0,0.01,1.0,0.0,0.0,0.0,0.0,1.2e-05,0.0008,1
candies,hard,Sweets,394.0,0.0,0.2,98.0,62.9,0.0,0.003,0.0,0.0,0.007,0.003,0.004,3.0,0.3,3.0,0.01,3.0,0.01,0.0,0.0,0.0,2.9e-05,0.0006,1
candies,jellybeans,Sweets,375.0,0.0,0.05,93.55,70.0,0.2,0.004,0.0,0.0,0.008,0.011,0.004,3.0,0.13,2.0,0.035,4.0,0.05,0.0,0.0,0.0,2.8e-05,0.0011,1
candies,KIT KAT Wafer Bar,Sweets,518.0,6.51,25.99,64.59,48.68,1.0,0.02,0.0,0.34,0.5,0.21,0.117,125.0,1.0,37.0,0.1,135.0,0.09,0.024,0.00056,0.018,0.00022,0.005,1
candies,KRACKEL Chocolate Bar,Sweets,512.0,6.62,26.58,63.96,52.53,2.2,0.04,0.8,0.0,0.26,0.19,0.05,158.0,1.06,13.0,0.0,123.0,0.49,0.0,0.0,0.0,2e-05,0.0035,1
candies,"NESTLE, BABY RUTH Bar",Sweets,459.0,5.4,21.6,64.8,54.0,2.0,0.042,0.0,0.93,1.251,0.121,0.058,47.0,0.63,43.0,0.351,94.0,0.72,0.0,6e-05,0.012,0.000225,0.0025,1
candies,TWIZZLERS Strawberry Twists Candy,Sweets,350.0,2.56,2.32,79.74,39.64,0.0,0.0,0.0,0.0,0.0,0.0,0.0,0.0,0.51,0.0,0.0,0.0,0.0,0.0,0.0,0.0,0.0,0.0,1
syrups,"table blends, pancake, with butter",Sweets,296.0,0.0,1.6,74.1,0.0,0.0,0.0,0.0,0.0,0.02,0.009,0.011,2.0,0.09,2.0,0.086,10.0,0.04,0.014,0.0,0.0,0.0002089999999999,0.0007,3
ice creams,"chocolate, light",Sweets,187.0,5.0,7.19,25.7,24.71,0.8,0.023,1.2,0.2,0.126,0.129,0.023,159.0,0.69,20.0,0.101,83.0,0.43,0.071,0.00014,0.004,0.000103,0.0022,0
candies,"MARS SNACKFOOD US, MARS Almond Bar",Sweets,467.0,8.1,23.0,62.7,52.1,2.0,0.06,0.7,7.75,0.945,0.312,0.041,168.0,1.1,72.0,0.367,234.0,1.11,0.015,0.0003599999999999,0.009,0.00025,0.0016,1
candies,marshmallows,Sweets,318.0,1.8,0.2,81.3,57.56,0.1,0.003,0.0,0.0,0.078,0.001,0.001,3.0,0.23,2.0,0.008,8.0,0.04,0.0,0.0,0.001,9.7e-05,0.0017,1
candies,"halavah, plain",Sweets,469.0,12.49,21.52,60.49,0.0,4.5,0.348,0.1,0.0,2.856,0.088,0.424,33.0,4.53,218.0,0.873,607.0,4.32,0.0,4e-05,0.065,0.001202,0.0115,3
candies,"NESTLE, OH HENRY! Bar",Sweets,462.0,7.7,23.0,65.5,46.2,1.9,0.086,0.0,2.21,2.545,0.121,0.149,69.0,0.5,51.0,0.535,140.0,1.19,0.0,0.0002,0.044,0.0003529999999999,0.0032,1
candies,"NESTLE, CHUNKY Bar",Sweets,475.0,7.5,27.5,60.0,52.5,2.5,0.0,0.0,0.0,0.0,0.0,0.0,100.0,0.9,0.0,0.0,0.0,0.0,0.0,0.0,0.0,0.0,0.0,1
candies,milk chocolate,Sweets,535.0,7.65,29.66,59.4,51.5,3.4,0.036,0.0,0.51,0.386,0.298,0.112,189.0,2.35,63.0,0.471,208.0,2.3,0.059,0.00075,0.011,0.000491,0.0045,1
puddings,"banana, dry mix, instant, prepared with 2% milk",Sweets,105.0,2.76,1.7,19.74,0.0,0.0,0.036,0.8,0.0,0.072,0.137,0.033,102.0,0.06,12.0,0.003,216.0,0.33,0.046,0.0003,0.004,1e-05,0.002,0
puddings,"banana, dry mix, regular, prepared with 2% milk",Sweets,101.0,2.9,1.73,18.43,0.0,0.0,0.034,0.7,0.0,0.075,0.144,0.031,109.0,0.05,13.0,0.004,83.0,0.35,0.05,0.00025,0.004,1e-05,0.0021,0
puddings,"chocolate, dry mix, instant, prepared with 2% milk",Sweets,105.0,3.15,1.92,18.89,0.0,0.4,0.038,0.8,0.0,0.108,0.147,0.034,104.0,0.4,19.0,0.062,238.0,0.43,0.046,0.00031,0.005,6.8e-05,0.0023,0
baking chocolate,"mexican, squares",Sweets,426.0,3.64,15.59,77.41,69.4,4.0,0.034,0.1,0.36,1.829,0.105,0.057,34.0,2.18,95.0,0.449,142.0,1.26,0.0,0.0,0.005,0.00067,0.0018,1
chocolate-flavored hazelnut spread,No_descr,Sweets,541.0,5.41,29.73,62.16,54.05,5.4,0.082,0.0,4.96,0.427,0.17,0.085,108.0,4.38,64.0,0.868,152.0,1.06,0.001,0.00027,0.014,0.0004689999999999,0.0036,1
candies,milk chocolate coated peanuts,Sweets,519.0,13.1,33.5,49.7,37.59,4.7,0.1,0.0,2.4,4.249,0.174,0.116,104.0,1.31,96.0,0.945,212.0,2.6,0.041,0.00053,0.051,0.000544,0.0054,1
candies,milk chocolate coated raisins,Sweets,390.0,4.1,14.8,68.4,62.22,3.1,0.074,0.2,0.29,0.4,0.161,0.084,86.0,1.71,45.0,0.358,143.0,1.25,0.029,0.00037,0.007,0.000373,0.0026,1
syrups,"table blends, pancake, reduced-calorie",Sweets,165.0,0.0,0.0,44.55,32.8,0.0,0.003,0.0,0.0,0.004,0.003,0.025,10.0,0.03,2.0,0.022,43.0,0.2,0.0,0.0,0.0,1.7999999999999997e-05,0.0005,1
syrups,"table blends, pancake",Sweets,234.0,0.0,0.0,61.47,21.47,0.0,0.0,0.0,0.0,0.0,0.008,0.024,3.0,0.03,2.0,0.068,9.0,0.08,0.0,0.0,0.0,0.0,0.0,1
candies,HERSHEY'S POT OF GOLD Almond Bar,Sweets,577.0,12.82,38.46,46.15,38.46,3.8,0.0,0.0,0.0,0.0,0.0,0.0,192.0,1.85,0.0,0.0,0.0,0.0,0.0,0.0,0.0,0.0,0.0,1
candies,"milk chocolate, with almonds",Sweets,526.0,9.0,34.4,53.4,43.9,6.2,0.045,0.2,3.14,0.742,0.435,0.06,224.0,1.63,90.0,0.624,264.0,1.34,0.052,0.00067,0.013,0.000422,0.004,1
candies,"milk chocolate, with rice cereal",Sweets,511.0,7.64,29.37,59.67,51.06,3.3,0.055,0.6,0.5,0.672,0.323,0.131,187.0,2.65,62.0,0.477,207.0,2.29,0.065,0.0008,0.021,0.000488,0.0046,1
candies,"MARS SNACKFOOD US, MILKY WAY Bar",Sweets,456.0,4.01,17.23,71.17,59.69,1.0,0.014,0.7,0.89,0.154,0.103,0.046,115.0,0.49,20.0,0.147,67.0,0.69,0.031,0.0001799999999999,0.004,0.000147,0.002,1
candies,SKOR Toffee Bar,Sweets,535.0,3.13,32.18,61.72,59.89,1.3,0.0,0.5,0.0,0.13,0.1,0.02,0.0,0.57,10.0,0.0,61.0,0.17,0.0,0.0,0.0,4e-05,0.0,1
toppings,strawberry,Sweets,254.0,0.2,0.1,66.3,27.38,0.7,0.012,13.7,0.1,0.161,0.024,0.011,6.0,0.28,4.0,0.167,5.0,0.06,0.001,0.0,0.006,3.2e-05,0.0008,1
candies,"truffles, prepared-from-recipe",Sweets,510.0,6.21,33.76,44.88,38.31,2.5,0.032,0.1,1.82,0.299,0.25,0.087,157.0,1.75,48.0,0.351,171.0,1.55,0.144,0.00049,0.009,0.000366,0.0034,1
baking chocolate,"MARS SNACKFOOD US, M&M's Semisweet Chocolate Mini Baking Bits",Sweets,517.0,4.44,26.15,65.96,53.07,6.7,0.0,0.0,0.0,0.0,0.0,0.0,34.0,2.91,0.0,0.0,0.0,0.0,0.0,0.0,0.0,0.0,0.0,1
candies,"MARS SNACKFOOD US, M&M's Peanut Chocolate Candies",Sweets,515.0,9.57,26.13,60.48,50.75,3.7,0.09,0.0,2.85,3.362,0.106,0.063,102.0,1.16,69.0,0.664,190.0,1.76,0.022,0.00032,0.055,0.000505,0.0040999999999999,1
candies,"MARS SNACKFOOD US, M&M's Milk Chocolate Candies",Sweets,492.0,4.33,21.13,71.19,63.68,2.8,0.025,0.5,0.36,0.27,0.213,0.079,105.0,1.11,44.0,0.329,146.0,1.61,0.056,0.00053,0.008,0.0003439999999999,0.0033,1
candies,MOUNDS Candy Bar,Sweets,486.0,4.6,26.6,58.59,46.19,3.7,0.09,0.4,0.19,0.277,0.058,0.049,21.0,2.09,55.0,0.948,91.0,1.1,0.0,0.0,0.006,0.0004,0.0066,1
candies,MR. GOODBAR Chocolate Bar,Sweets,538.0,10.22,33.21,54.34,47.22,3.8,0.07,0.9,3.17,3.44,0.14,0.14,110.0,1.39,47.0,0.0,163.0,0.93,0.035,0.00033,0.038,0.00017,0.0,1
candies,"NESTLE, 100 GRAND Bar",Sweets,468.0,2.5,19.33,70.97,51.9,1.0,0.016,0.7,0.42,0.198,0.119,0.058,76.0,0.34,25.0,0.172,86.0,0.99,0.038,0.00029,0.005,0.000185,0.0025,1
candies,"NESTLE, CRUNCH Bar and Dessert Topping",Sweets,500.0,5.0,26.0,67.0,55.0,1.9,0.0,0.5,0.0,0.0,0.0,0.0,100.0,0.7,0.0,0.0,0.0,0.0,0.0,0.0,0.0,0.0,0.0,1
baking chocolate,"MARS SNACKFOOD US, M&M's Milk Chocolate Mini Baking Bits",Sweets,502.0,4.78,23.36,68.4,62.54,2.7,0.0,0.6,0.0,0.0,0.0,0.0,116.0,1.23,0.0,0.0,0.0,0.0,0.0,0.0,0.0,0.0,0.0,1
candies,peanut bar,Sweets,522.0,15.5,33.7,47.4,42.22,4.1,0.153,0.0,4.1,7.922,0.14,0.1,78.0,0.97,110.0,1.243,308.0,3.94,0.0,0.0,0.075,0.000774,0.0047,1
candies,"peanut brittle, prepared-from-recipe",Sweets,486.0,7.57,18.98,71.24,51.33,2.5,0.079,0.0,2.56,2.646,0.044,0.134,27.0,1.22,42.0,0.593,106.0,0.87,0.039,1e-05,0.046,0.000254,0.0026,1
candies,"NESTLE, RAISINETS Chocolate Covered Raisins",Sweets,422.0,4.4,17.0,71.0,59.0,2.2,0.0,1.6,0.0,0.0,0.0,0.0,85.0,1.2,0.0,0.0,0.0,0.0,0.0,0.0,0.0,0.0,0.0,1
candies,REESE'S Peanut Butter Cups,Sweets,515.0,10.24,30.53,55.36,47.17,3.6,0.1,0.3,0.15,4.49,0.11,0.16,78.0,1.21,62.0,0.0,161.0,1.28,0.017,0.00026,0.05,0.0002399999999999,0.0014,1
candies,REESE'S PIECES Candy,Sweets,497.0,12.46,24.77,59.86,53.25,3.0,0.11,0.0,0.99,6.06,0.22,0.18,69.0,0.49,88.0,1.1,207.0,1.15,0.0,0.00011,0.055,0.00041,0.0008,1
candies,ROLO Caramels in Milk Chocolate,Sweets,474.0,5.08,20.93,67.95,63.93,0.9,0.0,0.9,1.1,0.04,0.12,0.02,145.0,0.42,0.0,0.0,71.0,0.0,0.034,0.00033,0.0,0.0,0.0,1
candies,"NESTLE, AFTER EIGHT Mints",Sweets,432.0,1.67,11.9,79.53,66.6,2.4,0.0,0.0,0.0,0.0,0.0,0.0,13.0,0.57,0.0,0.0,0.0,0.0,0.0,0.0,0.0,0.0,0.0,1
candies,sesame crunch,Sweets,516.0,11.6,33.3,50.3,31.17,7.7,0.491,0.0,0.16,3.703,0.159,0.444,639.0,4.27,251.0,1.609,412.0,3.76,0.0,0.0,0.051,0.00095,0.004,1
candies,"MARS SNACKFOOD US, SNICKERS Bar",Sweets,491.0,7.53,23.85,61.51,50.47,2.3,0.09,0.5,1.5,3.6,0.13,0.06,93.0,0.72,72.0,0.35,190.0,2.5,0.046,0.00016,0.031,0.00027,0.0078,1
candies,"MARS SNACKFOOD US, STARBURST Fruit Chews, Original fruits",Sweets,408.0,0.41,8.21,82.57,58.12,0.0,0.0,58.7,0.33,0.005,0.002,0.001,0.0,0.01,1.0,0.015,5.0,0.0,0.0,0.0,0.001,1.2e-05,0.0008,1
candies,"MARS SNACKFOOD US, M&M's MINIs Milk Chocolate Candies",Sweets,502.0,4.78,23.36,68.4,62.54,2.7,0.0,0.6,0.0,0.0,0.0,0.0,116.0,1.23,0.0,0.0,0.0,0.0,0.0,0.0,0.0,0.0,0.0,1
candies,"MARS SNACKFOOD US, 3 MUSKETEERS Bar",Sweets,436.0,2.6,12.75,77.77,66.89,1.5,0.015,0.2,0.98,0.23,0.056,0.034,54.0,0.67,29.0,0.16,69.0,0.55,0.02,0.00016,0.004,0.000155,0.0019,1
candies,"MARS SNACKFOOD US, TWIX Caramel Cookie Bars",Sweets,502.0,4.91,24.85,64.8,48.25,1.1,0.025,0.6,0.74,1.109,0.208,0.155,106.0,0.81,27.0,0.273,105.0,1.06,0.02,0.00033,0.039,0.000197,0.0043,1
candies,"MARS SNACKFOOD US, TWIX Peanut Butter Cookie Bars",Sweets,536.0,9.18,32.67,54.15,36.13,3.1,0.114,0.3,3.42,2.379,0.145,0.098,75.0,1.32,61.0,0.942,173.0,1.61,0.02,0.00026,0.015,0.00029,0.0129,1
candies,WHATCHAMACALLIT Candy Bar,Sweets,494.0,8.04,23.68,63.23,48.86,1.9,0.04,0.9,1.27,2.47,0.21,0.11,118.0,1.13,28.0,0.33,138.0,0.43,0.038,0.00037,0.018,0.0001199999999999,0.0007,1
chewing gum,No_descr,Sweets,360.0,0.0,0.3,96.7,66.08,2.4,0.0,0.0,0.0,0.0,0.0,0.0,0.0,0.0,0.0,0.0,0.0,0.0,0.0,0.0,0.0,0.0,0.0006,1
candies,SPECIAL DARK Chocolate Bar,Sweets,556.0,5.54,32.4,60.49,47.56,6.5,0.0,0.0,0.0,0.0,0.01,0.0,30.0,2.13,31.0,0.0,51.0,0.01,0.0,0.0,0.0,2e-05,0.0003,1
cocoa,"dry powder, unsweetened",Sweets,228.0,19.6,13.7,57.9,1.75,37.0,0.118,0.0,0.1,2.185,0.241,0.078,128.0,13.86,499.0,3.837,734.0,6.81,0.0,0.0,0.032,0.0037879999999999,0.0143,3
cocoa,"dry powder, unsweetened, processed with alkali",Sweets,220.0,18.1,13.1,58.3,1.76,29.8,0.118,0.0,0.1,2.4,0.46,0.11,111.0,15.52,476.0,3.737,728.0,6.37,0.0,0.0,0.032,0.003607,0.0132,3
desserts,"egg custard, baked, prepared-from-recipe",Sweets,104.0,5.02,4.58,11.0,11.0,0.0,0.048,0.0,0.22,0.105,0.24,0.038,107.0,0.35,11.0,0.01,113.0,0.54,0.049,0.00039,0.01,2.8e-05,0.0088,0
egg custards,dry mix,Sweets,410.0,6.9,6.4,82.8,0.0,0.0,0.216,0.4,0.0,0.32,0.412,0.145,228.0,1.93,45.0,0.02,332.0,1.05,0.063,0.00117,0.03,4.6e-05,0.0166,3
egg custards,"dry mix, prepared with whole milk",Sweets,122.0,3.99,4.0,17.6,4.82,0.0,0.064,0.1,0.06,0.132,0.22,0.061,139.0,0.34,16.0,0.007,130.0,0.51,0.052,0.00052,0.009,3e-05,0.006,0
cocoa,"dry powder, unsweetened, HERSHEY'S European Style Cocoa",Sweets,400.0,20.0,10.0,60.0,0.0,20.0,0.0,0.0,0.0,0.0,0.0,0.0,0.0,36.0,0.0,0.0,0.0,0.0,0.0,0.0,0.0,0.0,0.0,3
gelatin desserts,dry mix,Sweets,381.0,7.8,0.0,90.5,86.04,0.0,0.001,0.0,0.0,0.009,0.041,0.003,3.0,0.13,2.0,0.011,141.0,0.01,0.0,0.0,0.003,0.000118,0.0067,1
gelatin desserts,"dry mix, prepared with water",Sweets,62.0,1.22,0.0,14.19,13.49,0.0,0.0,0.0,0.0,0.001,0.006,0.0,3.0,0.02,1.0,0.002,22.0,0.01,0.0,0.0,0.001,2.4e-05,0.0011,0
gelatin desserts,"dry mix, reduced calorie, with aspartame",Sweets,198.0,15.67,0.0,80.21,0.0,0.1,0.0,0.0,0.0,0.0,0.0,0.0,8.0,0.06,2.0,0.0,1293.0,0.0,0.0,0.0,0.0,0.0,0.0,3
gelatin desserts,"dry mix, reduced calorie, with aspartame, prepared with water",Sweets,20.0,0.83,0.0,4.22,0.0,0.0,0.0,0.0,0.0,0.0,0.0,0.0,3.0,0.01,1.0,0.0,68.0,0.0,0.0,0.0,0.0,7e-06,0.0,0
gelatins,"dry powder, unsweetened",Sweets,335.0,85.6,0.1,0.0,0.0,0.0,0.007,0.0,0.0,0.085,0.23,0.025,55.0,1.11,22.0,0.105,39.0,0.14,0.0,0.0,0.03,0.002161,0.0395,2
candies,YORK BITES,Sweets,394.0,1.78,7.32,81.64,75.0,2.0,0.0,0.0,0.0,0.0,0.0,0.0,10.0,0.94,1.0,0.0,3.0,0.01,0.0,0.0,0.0,0.0,0.0,1
desserts,"mousse, chocolate, prepared-from-recipe",Sweets,225.0,4.14,16.0,16.07,14.81,0.6,0.058,0.1,0.51,0.146,0.205,0.045,96.0,0.55,20.0,0.059,117.0,0.64,0.14,0.00047,0.015,7.5e-05,0.0074,0
puddings,"chocolate, ready-to-eat",Sweets,142.0,2.09,4.6,23.01,17.17,0.0,0.018,0.3,0.31,0.123,0.072,0.024,51.0,1.27,18.0,0.118,56.0,0.34,0.014,8.999999999999999e-05,0.003,9.2e-05,0.0,0
puddings,"chocolate, dry mix, instant",Sweets,378.0,2.3,1.9,87.9,67.86,3.6,0.012,0.0,0.07,0.234,0.055,0.01,12.0,1.29,45.0,0.367,72.0,0.62,0.0,0.0,0.003,0.000354,0.0025,1
puddings,"chocolate, dry mix, instant, prepared with whole milk",Sweets,111.0,3.1,3.1,18.8,0.0,1.0,0.038,0.9,0.0,0.096,0.141,0.033,102.0,0.29,18.0,0.042,239.0,0.42,0.026,0.0003,0.004,6.4e-05,0.0017,0
desserts,"apple crisp, prepared-from-recipe",Sweets,161.0,1.75,3.43,30.84,19.68,1.4,0.04,2.2,0.38,0.846,0.081,0.083,35.0,0.82,8.0,0.13,28.0,0.18,0.029,0.0,0.024,7.099999999999999e-05,0.0035,0
flan,"caramel custard, dry mix",Sweets,348.0,0.0,0.0,91.6,0.0,0.0,0.0,0.0,0.0,0.0,0.0,0.0,24.0,0.08,0.0,0.007,1.0,0.04,0.0,0.0,0.0,1.5e-05,0.0213,3
puddings,"chocolate, dry mix, regular",Sweets,362.0,2.6,2.1,89.3,42.88,4.5,0.016,0.0,0.01,0.33,0.071,0.015,53.0,1.82,67.0,0.537,88.0,0.9,0.0,0.0,0.004,0.000518,0.0033,1
puddings,"chocolate, dry mix, regular, prepared with whole milk",Sweets,120.0,3.16,3.15,19.64,11.96,0.8,0.03,0.0,0.06,0.133,0.157,0.038,106.0,0.34,20.0,0.097,87.0,0.48,0.039,0.00031,0.004,0.000111,0.0037,0
puddings,"chocolate, dry mix, regular, prepared with 2% milk",Sweets,111.0,3.28,2.06,19.76,11.85,0.8,0.032,0.1,0.03,0.136,0.171,0.033,112.0,0.34,21.0,0.106,94.0,0.57,0.047,0.00037,0.004,9.5e-05,0.0027,0
puddings,"coconut cream, dry mix, instant, prepared with 2% milk",Sweets,107.0,2.9,2.3,19.2,0.0,0.1,0.038,0.8,0.0,0.086,0.138,0.034,102.0,0.15,14.0,0.019,201.0,0.33,0.045,0.0003,0.004,2.5e-05,0.002,0
puddings,"rice, ready-to-eat",Sweets,108.0,3.23,2.15,18.39,11.59,0.3,0.052,1.3,0.07,0.217,0.183,0.027,95.0,0.11,8.0,0.077,82.0,0.43,0.019,0.00015,0.004,2.3e-05,0.0032,0
puddings,"rice, dry mix",Sweets,376.0,2.7,0.1,91.2,0.0,0.7,0.013,0.0,0.0,2.013,0.012,0.248,14.0,1.79,8.0,0.3,39.0,0.31,0.0,0.0,0.001,6.2e-05,0.0005,3
puddings,"rice, dry mix, prepared with whole milk",Sweets,121.0,3.25,2.82,20.68,0.0,0.1,0.034,0.7,0.0,0.441,0.138,0.074,103.0,0.37,13.0,0.059,85.0,0.38,0.029,0.0002399999999999,0.004,2e-05,0.0018,0
puddings,"tapioca, dry mix",Sweets,369.0,0.1,0.1,94.3,65.0,0.2,0.001,0.0,0.0,0.004,0.006,0.001,4.0,0.12,2.0,0.033,4.0,0.08,0.0,0.0,0.0,2.9e-05,0.0009,1
puddings,"tapioca, dry mix, prepared with whole milk",Sweets,115.0,2.84,2.89,19.43,0.0,0.0,0.033,0.7,0.0,0.073,0.14,0.03,103.0,0.06,12.0,0.009,81.0,0.34,0.025,0.00025,0.004,1.3e-05,0.0019,0
puddings,"vanilla, ready-to-eat",Sweets,130.0,1.45,3.78,22.6,16.97,0.0,0.019,0.2,0.3,0.057,0.071,0.019,49.0,0.09,4.0,0.011,41.0,0.16,0.002,0.00015,0.002,1.7999999999999997e-05,0.0,0
puddings,"vanilla, dry mix, instant",Sweets,377.0,0.0,0.6,92.9,92.9,0.0,0.002,0.0,0.02,0.006,0.028,0.002,12.0,0.01,1.0,0.0,705.0,0.06,0.001,2e-05,0.0,9.3e-05,0.0007,1
puddings,"vanilla, dry mix, instant, prepared with whole milk",Sweets,114.0,2.7,2.9,19.7,18.03,0.0,0.036,0.8,0.0,0.074,0.136,0.033,101.0,0.07,12.0,0.007,197.0,0.33,0.025,0.0003,0.004,2.4e-05,0.0016,0
puddings,"lemon, dry mix, instant, prepared with 2% milk",Sweets,107.0,2.76,1.71,20.2,0.0,0.0,0.036,0.8,0.0,0.072,0.137,0.033,101.0,0.06,11.0,0.003,207.0,0.33,0.046,0.0003,0.004,8.999999999999999e-06,0.002,0
egg custards,"dry mix, prepared with 2% milk",Sweets,112.0,4.13,2.83,17.61,4.63,0.0,0.066,0.2,0.03,0.135,0.235,0.056,146.0,0.33,17.0,0.016,137.0,0.61,0.061,0.00058,0.008,1.2e-05,0.0049,0
puddings,"vanilla, dry mix, regular",Sweets,379.0,0.3,0.4,93.5,79.34,0.6,0.0,0.0,0.0,0.001,0.013,0.0,5.0,0.08,0.0,0.008,2.0,0.02,0.0,0.0,0.0,2.1e-05,0.0009,1
puddings,"vanilla, dry mix, regular, prepared with whole milk",Sweets,113.0,2.8,2.9,18.92,17.09,0.1,0.028,0.0,0.06,0.078,0.149,0.036,99.0,0.04,9.0,0.005,74.0,0.33,0.04,0.00031,0.004,2.5e-05,0.0033,0
puddings,"rice, dry mix, prepared with 2% milk",Sweets,111.0,3.29,1.63,20.81,0.0,0.1,0.035,0.7,0.0,0.443,0.141,0.075,105.0,0.37,13.0,0.057,87.0,0.38,0.046,0.0002399999999999,0.004,1.7999999999999997e-05,0.0019,0
puddings,"tapioca, dry mix, prepared with 2% milk",Sweets,105.0,2.88,1.67,19.56,0.0,0.0,0.033,0.7,0.0,0.075,0.143,0.03,105.0,0.06,12.0,0.007,82.0,0.35,0.047,0.00025,0.004,1.2e-05,0.002,0
puddings,"vanilla, dry mix, regular, prepared with 2% milk",Sweets,101.0,2.94,1.73,18.53,0.0,0.0,0.034,0.7,0.0,0.075,0.146,0.031,108.0,0.06,12.0,0.004,83.0,0.34,0.048,0.00025,0.004,1.3e-05,0.0021,0
rennin,"chocolate, dry mix, prepared with 2% milk",Sweets,85.0,3.24,2.06,13.47,0.0,0.5,0.042,0.9,0.0,0.108,0.155,0.037,126.0,0.3,20.0,0.066,98.0,0.51,0.05,0.00033,0.005,8.1e-05,0.0023,0
rennin,"vanilla, dry mix, prepared with 2% milk",Sweets,77.0,3.06,1.77,12.34,0.0,0.0,0.04,0.9,0.0,0.079,0.153,0.036,121.0,0.05,13.0,0.003,95.0,0.36,0.051,0.00033,0.005,1.2e-05,0.0021,0
candies,"praline, prepared-from-recipe",Sweets,485.0,3.3,25.9,59.59,55.79,3.5,0.077,0.3,0.5,0.415,0.053,0.203,43.0,1.29,49.0,1.682,104.0,1.67,0.001,0.0,0.006,0.000494,0.0018,1
frozen novelties,"ice type, fruit, no sugar added",Sweets,24.0,0.5,0.1,6.2,0.0,0.0,0.0,0.0,0.0,0.15,0.0,0.0,2.0,0.13,2.0,0.021,0.0,0.04,0.0,0.0,0.0,1.7e-05,0.0002,0
puddings,"tapioca, ready-to-eat",Sweets,130.0,1.95,3.88,21.69,14.91,0.0,0.024,0.3,0.15,0.065,0.097,0.024,71.0,0.11,6.0,0.011,60.0,0.22,0.0,0.0002099999999999,0.003,1.7999999999999997e-05,0.0,0
puddings,"coconut cream, dry mix, regular, prepared with 2% milk",Sweets,104.0,3.1,2.5,17.8,0.0,0.2,0.145,0.7,0.0,0.091,0.146,0.032,113.0,0.2,16.0,0.037,89.0,0.37,0.049,0.00026,0.004,2.5e-05,0.0023,0
desserts,"rennin, chocolate, dry mix",Sweets,363.0,2.4,3.3,91.5,0.0,5.1,0.032,0.0,0.0,0.306,0.063,0.014,166.0,2.55,81.0,0.643,129.0,1.58,0.0,0.0,0.006,0.000735,0.0029,3
rennin,"chocolate, dry mix, prepared with whole milk",Sweets,96.0,3.2,3.34,13.34,0.0,0.5,0.041,0.8,0.0,0.106,0.152,0.036,124.0,0.3,20.0,0.068,97.0,0.5,0.027,0.00032,0.005,8.3e-05,0.0021,0
desserts,"rennin, vanilla, dry mix",Sweets,383.0,0.0,0.0,99.0,0.0,0.0,0.001,0.0,0.0,0.001,0.021,0.0,117.0,0.07,1.0,0.009,91.0,0.04,0.0,0.0,0.0,5.8e-05,0.0007,3
rennin,"vanilla, dry mix, prepared with whole milk",Sweets,89.0,3.03,3.07,12.21,0.0,0.0,0.039,0.9,0.0,0.077,0.151,0.035,119.0,0.05,12.0,0.004,93.0,0.35,0.027,0.00033,0.005,1.4e-05,0.0019,0
desserts,"rennin, tablets, unsweetened",Sweets,84.0,1.0,0.1,19.8,0.0,0.0,0.0,0.0,0.0,0.0,0.0,0.0,3733.0,7.07,18.0,0.895,340.0,6.36,0.0,0.0,0.0,0.0002,0.0,0
frostings,"chocolate, creamy, ready-to-eat",Sweets,397.0,1.1,17.6,63.2,57.7,0.9,0.005,0.0,1.56,0.119,0.017,0.013,8.0,1.42,21.0,0.24,79.0,0.29,0.0,0.0,0.001,0.0002,0.0008,1
frostings,"coconut-nut, ready-to-eat",Sweets,433.0,1.5,24.0,52.7,40.0,2.5,0.047,0.2,1.09,0.212,0.019,0.035,13.0,0.54,19.0,0.673,63.0,0.41,0.0,0.0,0.002,0.000125,0.0025,1
frostings,"cream cheese-flavor, ready-to-eat",Sweets,415.0,0.1,17.3,67.32,63.54,0.0,0.0,0.0,0.0,0.011,0.006,0.0,3.0,0.16,2.0,0.013,3.0,0.02,0.0,0.0,0.0,2e-05,0.0005,1
frostings,"vanilla, creamy, ready-to-eat",Sweets,418.0,0.0,16.23,67.89,63.1,0.0,0.0,0.0,1.53,0.22,0.302,0.01,3.0,0.16,1.0,0.0,18.0,0.07,0.0,0.0,0.008,0.0,0.0001,1
flan,"caramel custard, dry mix, prepared with 2% milk",Sweets,103.0,2.99,1.72,18.82,0.0,0.0,0.035,0.7,0.0,0.077,0.148,0.032,113.0,0.06,12.0,0.003,86.0,0.36,0.052,0.00026,0.004,1e-05,0.0053,0
flan,"caramel custard, dry mix, prepared with whole milk",Sweets,113.0,2.95,3.0,18.68,0.0,0.0,0.034,0.7,0.0,0.075,0.145,0.031,111.0,0.06,12.0,0.005,84.0,0.35,0.029,0.00026,0.004,1.1e-05,0.0052,0
puddings,"vanilla, ready-to-eat, fat free",Sweets,89.0,2.02,0.0,20.16,15.12,0.0,0.019,1.2,0.0,0.052,0.088,0.022,40.0,0.36,7.0,0.004,54.0,0.23,0.001,0.0002099999999999,0.003,1.3e-05,0.0017,0
puddings,"tapioca, ready-to-eat, fat free",Sweets,94.0,1.44,0.35,21.31,14.18,0.0,0.02,0.3,0.01,0.101,0.075,0.013,52.0,0.11,5.0,0.011,66.0,0.17,0.0,0.00031,0.002,1.7999999999999997e-05,0.0,0
puddings,"chocolate, ready-to-eat, fat free",Sweets,93.0,1.93,0.3,20.87,15.75,0.3,0.016,0.0,0.0,0.087,0.074,0.018,39.0,1.69,15.0,0.078,54.0,0.3,0.0,0.00015,0.003,8.3e-05,0.0016,0
candies,HERSHEY'S MILK CHOCOLATE WITH ALMOND BITES,Sweets,568.0,9.76,35.73,51.72,44.59,3.6,0.07,1.8,0.0,0.62,0.38,0.07,0.0,1.5,59.0,0.01,227.0,1.34,0.0,0.0,0.0,0.0002,0.0034,1
candies,REESE'S BITES,Sweets,521.0,11.34,29.85,55.18,48.03,3.1,0.1,0.8,0.0,4.33,0.21,0.15,112.0,0.85,63.0,0.65,194.0,1.06,0.0,0.0,0.0,0.0003,0.0016,1
candies,REESE'S NUTRAGEOUS Candy Bar,Sweets,517.0,11.28,32.09,52.8,40.22,3.9,0.1,0.5,0.0,5.25,0.1,0.18,68.0,1.23,68.0,0.0,175.0,1.29,0.0,0.0,0.0,0.00027,0.0002,1
frostings,"chocolate, creamy, dry mix",Sweets,389.0,1.3,5.2,92.0,0.0,2.4,0.08,0.0,0.0,0.142,0.029,0.006,11.0,1.19,38.0,0.333,62.0,0.81,0.0,0.0,0.003,0.000294,0.0016,3
frostings,"chocolate, creamy, dry mix, prepared with butter",Sweets,408.0,1.11,13.06,71.8,0.01,1.9,0.063,0.0,0.26,0.115,0.026,0.005,12.0,0.93,30.0,0.259,51.0,0.64,0.076,2e-05,0.003,0.00023,0.0014,3
candies,HEATH BITES,Sweets,530.0,3.94,30.38,63.39,60.02,2.0,0.0,0.8,0.0,0.09,0.11,0.02,86.0,0.78,6.0,0.0,71.0,0.11,0.0,0.0,0.0,3e-05,0.0,1
frostings,"vanilla, creamy, dry mix",Sweets,410.0,0.3,4.9,93.8,0.0,0.1,0.001,0.0,0.0,0.001,0.002,0.0,3.0,0.0,2.0,0.012,4.0,0.01,0.0,0.0,0.0,3.5000000000000004e-05,0.0008,3
frostings,"white, fluffy, dry mix",Sweets,371.0,2.3,0.0,94.9,0.0,0.0,0.001,0.0,0.0,1.0,0.058,0.001,4.0,0.09,3.0,0.007,7.0,0.01,0.0,1e-05,0.003,3.7e-05,0.0040999999999999,3
frostings,"white, fluffy, dry mix, prepared with water",Sweets,244.0,1.5,0.0,62.6,0.0,0.0,0.001,0.0,0.0,0.66,0.026,0.001,4.0,0.06,2.0,0.005,5.0,0.02,0.0,1e-05,0.002,2.7e-05,0.0026,0
candies,"HERSHEY'S, ALMOND JOY BITES",Sweets,563.0,5.58,34.5,57.54,51.71,4.3,0.06,1.0,0.0,0.33,0.16,0.04,109.0,1.33,38.0,0.0,129.0,0.79,0.0,0.0,0.0,0.0001799999999999,0.0,1
candies,"HERSHEY, REESESTICKS crispy wafers, peanut butter, milk chocolate",Sweets,521.0,9.53,31.34,55.38,40.33,3.3,0.08,0.6,2.77,3.64,0.1,0.13,70.0,1.3,49.0,0.0,144.0,0.99,0.014,0.00015,0.04,0.0002,0.0007,1
candies,"HERSHEY, KIT KAT BIG KAT Bar",Sweets,520.0,6.24,27.84,63.64,53.96,1.9,0.0,1.3,0.0,0.18,0.17,0.05,138.0,0.84,2.0,0.0,112.0,0.07,0.0,0.0,0.0,1e-05,0.0,1
candies,"REESE'S, FAST BREAK, milk chocolate peanut butter and soft nougats",Sweets,474.0,8.66,23.42,61.6,53.08,2.9,0.07,0.4,0.0,3.57,0.1,0.13,61.0,0.96,48.0,0.0,130.0,0.94,0.0,0.0,0.0,0.0001799999999999,0.0,1
candies,"MARS SNACKFOOD US, DOVE Milk Chocolate",Sweets,546.0,5.94,31.72,59.78,55.45,2.4,0.0,0.8,0.0,0.0,0.0,0.0,160.0,1.11,0.0,0.0,0.0,0.0,0.0,0.0,0.0,0.0,0.0,1
candies,"MARS SNACKFOOD US, DOVE Dark Chocolate",Sweets,520.0,5.19,32.45,59.4,46.27,7.6,0.0,0.0,0.0,0.0,0.0,0.0,37.0,3.18,0.0,0.0,0.0,0.0,0.0,0.0,0.0,0.0,0.0,1
candies,"MARS SNACKFOOD US, MILKY WAY Caramels, milk chocolate covered",Sweets,463.0,4.28,19.17,68.49,58.65,0.7,0.0,0.7,0.0,0.0,0.0,0.0,141.0,0.34,0.0,0.0,0.0,0.0,0.0,0.0,0.0,0.0,0.0,1
candies,"MARS SNACKFOOD US, MILKY WAY Caramels. dark chocolate covered",Sweets,458.0,3.82,20.42,67.56,54.08,2.8,0.0,0.4,0.0,0.0,0.0,0.0,83.0,1.2,0.0,0.0,0.0,0.0,0.0,0.0,0.0,0.0,0.0,1
ice creams,"vanilla, light, no sugar added",Sweets,169.0,3.97,7.45,21.42,6.46,0.0,0.029,0.9,0.29,0.074,0.122,0.029,136.0,0.19,9.0,0.006,75.0,0.31,0.086,0.00052,0.004,3e-05,0.0019,0
frozen novelties,fruit and juice bars,Sweets,87.0,1.2,0.1,20.2,17.48,1.0,0.025,9.5,0.0,0.159,0.018,0.011,5.0,0.19,4.0,0.165,6.0,0.05,0.001,0.0,0.007,0.0,0.0002,0
ice creams,"chocolate, light, no sugar added",Sweets,173.0,3.54,5.74,26.79,5.65,0.9,0.042,0.7,0.3,0.111,0.18,0.044,121.0,0.48,15.0,0.009,106.0,0.4,0.075,0.00038,0.005,1.7999999999999997e-05,0.0029,0
candies,dark chocolate coated coffee beans,Sweets,540.0,7.5,30.0,59.95,42.5,7.5,0.038,0.0,0.23,0.578,0.266,0.018,100.0,2.7,107.0,0.558,135.0,1.32,0.0,0.0,0.003,0.0005629999999999,0.0028,1
snacks,"GENERAL MILLS, BETTY CROCKER Fruit Roll Ups, berry flavored, with vitamin C",Snacks,373.0,0.1,3.5,85.2,38.7,0.0,0.0,120.0,0.0,0.0,0.0,0.0,0.0,0.0,0.0,0.0,0.0,0.0,0.0,0.0,0.0,0.0,0.0032,1
ice creams,chocolate,Sweets,216.0,3.8,11.0,28.2,25.36,1.2,0.055,0.7,0.3,0.226,0.194,0.042,109.0,0.93,29.0,0.14,107.0,0.58,0.118,0.00029,0.016,0.000135,0.0025,0
ice creams,strawberry,Sweets,192.0,3.2,8.4,27.6,0.0,0.9,0.05,7.7,0.0,0.17,0.255,0.045,120.0,0.21,14.0,0.078,100.0,0.34,0.096,0.0003,0.012,3.7e-05,0.0019,0
snacks,"FARLEY CANDY, FARLEY Fruit Snacks, with vitamins A, C, and E",Snacks,341.0,4.4,0.0,80.9,0.0,0.0,0.0,90.3,0.0,0.0,0.0,0.0,0.0,0.0,0.0,0.0,0.0,0.0,0.0,0.0,0.0,0.0,0.0,3
snacks,"SUNKIST, SUNKIST Fruit Roll, strawberry, with vitamins A, C, and E",Snacks,342.0,0.6,1.0,82.7,0.0,7.7,0.0,81.6,0.0,0.0,0.0,0.0,0.0,0.0,0.0,0.0,0.0,0.0,0.0,0.0,0.0,0.0,0.0,3
snacks,"fruit leather, pieces, with vitamin C",Snacks,373.0,0.1,3.5,85.2,0.0,3.5,0.3,120.0,0.0,0.1,0.1,0.043,18.0,0.75,14.0,0.0,24.0,0.19,0.0,0.0,0.0,0.000171,0.0032,3
candies,milk chocolate coated coffee beans,Sweets,549.0,7.41,33.18,55.25,50.75,5.7,0.031,0.0,0.44,0.332,0.315,0.098,169.0,2.29,64.0,0.535,188.0,2.02,0.051,0.00065,0.01,0.000492,0.0043,1
frozen novelties,"ice type, lime",Sweets,128.0,0.4,0.0,32.6,32.6,0.0,0.001,1.0,0.0,0.007,0.0,0.001,2.0,0.16,1.0,0.02,1.0,0.02,0.0,0.0,0.0,1.3e-05,0.0001,0
frozen novelties,"ice type, italian, restaurant-prepared",Sweets,53.0,0.03,0.02,13.5,0.0,0.0,0.002,0.5,0.0,0.715,0.01,0.005,1.0,0.09,0.0,0.02,0.0,0.03,0.0,0.0,0.005,1e-05,0.0001,0
frozen novelties,"ice type, pop",Sweets,79.0,0.0,0.24,19.23,13.66,0.0,0.0,0.7,0.0,0.0,0.0,0.0,0.0,0.54,1.0,0.0,0.0,0.15,0.0,0.0,0.0,0.0,0.0002,0
candies,"MARS SNACKFOOD US, M&M's Crispy Chocolate Candies",Sweets,475.0,4.28,19.32,72.4,58.94,2.0,0.0,0.5,0.0,0.0,0.0,0.0,90.0,0.86,0.0,0.0,0.0,0.0,0.0,0.0,0.0,0.0,0.0,1
frozen yogurts,"vanilla, soft-serve",Sweets,159.0,4.0,5.6,24.2,24.0,0.0,0.08,0.8,0.11,0.287,0.224,0.037,143.0,0.3,14.0,0.012,129.0,0.42,0.059,0.00029,0.006,4e-05,0.0033,0
fruit butters,apple,Sweets,173.0,0.39,0.3,42.47,35.3,1.5,0.037,0.6,0.05,0.076,0.019,0.009,14.0,0.31,4.0,0.315,8.0,0.06,0.001,0.0,0.001,8e-05,0.0004,1
candies,"MARS SNACKFOOD US, SNICKERS MUNCH bar",Sweets,536.0,15.25,36.22,43.64,30.87,4.7,0.0,0.0,0.0,0.0,0.0,0.0,54.0,1.02,0.0,0.0,0.0,0.0,0.0,0.0,0.0,0.0,0.0,1
honey,No_descr,Sweets,304.0,0.3,0.0,82.4,82.12,0.2,0.024,0.5,0.0,0.121,0.038,0.0,6.0,0.42,2.0,0.08,4.0,0.22,0.0,0.0,0.002,3.5999999999999994e-05,0.0008,1
jams and preserves,No_descr,Sweets,278.0,0.37,0.07,68.86,48.5,1.1,0.02,8.8,0.12,0.036,0.076,0.016,20.0,0.49,4.0,0.04,19.0,0.06,0.0,0.0,0.011,0.0001,0.002,1
jellies,No_descr,Sweets,266.0,0.15,0.02,69.95,51.22,1.0,0.02,0.9,0.0,0.036,0.026,0.001,7.0,0.19,6.0,0.132,6.0,0.03,0.0,0.0,0.002,1.1e-05,0.0004,1
candies,"fudge, chocolate marshmallow, with nuts, prepared-by-recipe",Sweets,474.0,3.24,21.11,67.69,0.0,2.1,0.054,0.3,0.59,0.232,0.082,0.042,49.0,1.11,46.0,0.47,88.0,0.76,0.068,3e-05,0.011,0.000319,0.0023,3
candies,"MARS SNACKFOOD US, SNICKERS Almond bar",Sweets,472.0,5.4,22.4,64.67,53.93,2.6,0.0,0.7,0.0,0.0,0.0,0.0,132.0,0.85,0.0,0.0,0.0,0.0,0.0,0.0,0.0,0.0,0.0,1
marmalade,orange,Sweets,246.0,0.3,0.0,66.3,60.0,0.7,0.019,4.8,0.06,0.052,0.025,0.005,38.0,0.15,2.0,0.02,4.0,0.04,0.003,0.0,0.009,8.999999999999999e-05,0.0006,1
molasses,No_descr,Sweets,290.0,0.0,0.1,74.73,74.72,0.0,0.67,0.0,0.0,0.93,0.002,0.041,205.0,4.72,242.0,1.53,31.0,0.29,0.0,0.0,0.0,0.0004869999999999,0.0178,1
candies,"MARS SNACKFOOD US, POP'ABLES SNICKERS Brand Bite Size Candies",Sweets,480.0,7.15,24.32,61.07,51.69,2.3,0.0,0.5,0.0,0.0,0.0,0.0,96.0,0.72,0.0,0.0,0.0,0.0,0.0,0.0,0.0,0.0,0.0,1
candies,"MARS SNACKFOOD US, POP'ABLES MILKY WAY Brand Bite Size Candies",Sweets,463.0,3.3,18.0,71.85,61.08,1.0,0.0,0.6,0.0,0.0,0.0,0.0,91.0,0.5,0.0,0.0,0.0,0.0,0.0,0.0,0.0,0.0,0.0,1
candies,"MARS SNACKFOOD US, POP'ABLES 3 MUSKETEERS Brand Bite Size Candies",Sweets,443.0,2.59,15.17,75.94,67.0,1.3,0.0,0.4,0.0,0.0,0.0,0.0,60.0,0.58,0.0,0.0,0.0,0.0,0.0,0.0,0.0,0.0,0.0,1
candies,"MARS SNACKFOOD US, STARBURST Fruit Chews, Fruit and Creme",Sweets,408.0,0.41,8.36,82.43,57.98,0.0,0.0,58.3,0.0,0.0,0.0,0.0,0.0,0.01,0.0,0.0,0.0,0.0,0.0,0.0,0.0,0.0,0.0,1
pectin,"unsweetened, dry mix",Sweets,325.0,0.3,0.3,90.4,0.0,8.6,0.01,0.0,0.0,0.005,0.06,0.008,7.0,2.71,1.0,0.07,2.0,0.47,0.0,0.0,0.001,0.0004199999999999,0.0,3
pie fillings,"apple, canned",Sweets,100.0,0.1,0.1,26.1,13.8,1.0,0.016,1.7,0.04,0.035,0.011,0.012,4.0,0.29,2.0,0.027,7.0,0.04,0.002,0.0,0.0,5.5e-05,0.0003,0
candies,"MARS SNACKFOOD US, STARBURST Fruit Chews, Tropical fruits",Sweets,409.0,0.41,8.31,82.76,58.18,0.0,0.0,59.4,0.0,0.0,0.0,0.0,0.0,0.01,0.0,0.0,0.0,0.0,0.0,0.0,0.0,0.0,0.0,1
pie fillings,"canned, cherry",Sweets,115.0,0.37,0.07,28.0,0.0,0.6,0.037,3.6,0.0,0.14,0.016,0.025,11.0,0.24,7.0,0.03,15.0,0.05,0.01,0.0,0.004,8e-05,0.0004,0
candies,"MARS SNACKFOOD US, STARBURST Sour Fruit Chews",Sweets,400.0,0.39,7.78,79.73,56.1,0.0,0.0,56.6,0.0,0.0,0.0,0.0,0.0,0.01,0.0,0.0,0.0,0.0,0.0,0.0,0.0,0.0,0.0,1
puddings,"banana, dry mix, instant",Sweets,367.0,0.0,0.6,92.7,76.57,0.0,0.001,0.0,0.0,0.002,0.003,0.001,6.0,0.12,2.0,0.01,804.0,0.04,0.0,1e-05,0.0,2.1e-05,0.0008,1
puddings,"banana, dry mix, instant, prepared with whole milk",Sweets,115.0,2.62,2.8,19.76,17.38,0.0,0.03,0.0,0.06,0.074,0.14,0.038,94.0,0.05,9.0,0.005,206.0,0.32,0.038,0.00037,0.004,2.4e-05,0.0032,0
puddings,"banana, dry mix, regular",Sweets,366.0,0.0,0.4,93.0,74.32,0.3,0.0,0.0,0.0,0.0,0.0,0.0,20.0,0.05,8.0,0.013,5.0,0.09,0.0,0.0,0.0,2e-05,0.0009,1
puddings,"banana, dry mix, regular, prepared with whole milk",Sweets,111.0,2.74,2.89,18.44,15.98,0.0,0.028,0.0,0.06,0.077,0.147,0.036,101.0,0.04,10.0,0.006,74.0,0.34,0.04,0.00031,0.004,2.5e-05,0.0033,0
puddings,"coconut cream, dry mix, instant",Sweets,415.0,0.9,10.0,83.5,64.0,4.0,0.041,0.3,0.08,0.219,0.053,0.013,8.0,0.72,17.0,0.489,721.0,0.3,0.0,0.0,0.002,0.0001509999999999,0.004,1
puddings,"coconut cream, dry mix, instant, prepared with whole milk",Sweets,117.0,2.9,3.5,19.1,0.0,0.1,0.037,0.8,0.0,0.084,0.136,0.033,100.0,0.15,14.0,0.019,200.0,0.33,0.024,0.0003,0.004,2.6e-05,0.002,0
puddings,"coconut cream, dry mix, regular",Sweets,434.0,1.0,11.36,81.84,80.54,1.6,0.05,0.3,0.07,0.102,0.029,0.01,8.0,0.57,15.0,0.462,35.0,0.35,0.0,0.0,0.002,0.0001429999999999,0.0036,1
puddings,"coconut cream, dry mix, regular, prepared with whole milk",Sweets,114.0,3.0,3.8,17.7,0.0,0.2,0.144,0.7,0.0,0.089,0.143,0.032,111.0,0.2,16.0,0.037,88.0,0.36,0.026,0.00025,0.004,2.7e-05,0.0023,0
candies,"MARS SNACKFOOD US, COCOAVIA Chocolate Bar",Sweets,539.0,5.81,29.3,62.99,39.19,8.7,1.364,42.6,12.27,0.0,0.0,0.0,1164.0,3.47,0.0,0.0,0.0,0.0,0.0,0.00409,0.0,0.0,0.0,1
candies,"MARS SNACKFOOD US, COCOAVIA Blueberry and Almond Chocolate Bar",Sweets,525.0,6.35,28.68,60.37,38.99,9.1,1.364,34.2,9.2,0.0,0.0,0.0,985.0,3.18,0.0,0.0,0.0,0.0,0.0,0.00273,0.0,0.0,0.0,1
candies,"MARS SNACKFOOD US, COCOAVIA Crispy Chocolate Bar",Sweets,517.0,8.21,26.23,62.06,34.96,7.8,1.5,37.9,10.13,0.0,0.0,0.0,1070.0,3.45,0.0,0.0,0.0,0.0,0.0,0.003,0.0,0.0,0.0,1
puddings,"lemon, dry mix, instant",Sweets,378.0,0.0,0.7,95.4,0.0,0.0,0.001,0.0,0.0,0.001,0.003,0.001,2.0,0.08,0.0,0.009,752.0,0.05,0.0,1e-05,0.0,1.5e-05,0.0008,3
puddings,"lemon, dry mix, instant, prepared with whole milk",Sweets,115.0,2.7,2.9,20.1,0.0,0.0,0.035,0.8,0.0,0.07,0.135,0.032,99.0,0.06,11.0,0.003,205.0,0.32,0.024,0.0003,0.004,1.1e-05,0.0018,0
puddings,"lemon, dry mix, regular",Sweets,363.0,0.1,0.5,91.8,0.0,0.1,0.005,0.0,0.0,0.019,0.024,0.005,5.0,0.17,4.0,0.025,3.0,0.02,0.0,0.0,0.0,2.4e-05,0.0011,3
pudding,"lemon, dry mix, regular, prepared with sugar, egg yolk and water",Sweets,109.0,0.65,1.12,24.2,13.51,0.0,0.012,0.0,0.1,0.003,0.023,0.006,8.0,0.13,1.0,0.005,16.0,0.1,0.015,6e-05,0.004,1.3e-05,0.0024,0
sugars,brown,Sweets,380.0,0.12,0.0,98.09,97.02,0.0,0.041,0.0,0.0,0.11,0.0,0.0,83.0,0.71,9.0,0.064,4.0,0.03,0.0,0.0,0.001,4.7e-05,0.0012,1
sugars,granulated,Sweets,387.0,0.0,0.0,99.98,99.8,0.0,0.0,0.0,0.0,0.0,0.019,0.0,1.0,0.05,0.0,0.004,0.0,0.01,0.0,0.0,0.0,7e-06,0.0006,1
sugars,powdered,Sweets,389.0,0.0,0.0,99.77,97.81,0.0,0.0,0.0,0.0,0.0,0.019,0.0,1.0,0.06,0.0,0.004,0.0,0.01,0.0,0.0,0.0,7e-06,0.0006,1
sweeteners,"tabletop, aspartame, EQUAL, packets",Sweets,365.0,2.17,0.0,89.08,80.7,0.0,0.0,0.0,0.0,0.0,0.0,0.0,0.0,0.04,0.0,0.0,0.0,0.01,0.0,0.0,0.0,0.0,0.0005,1
sugars,maple,Sweets,354.0,0.1,0.2,90.9,84.87,0.0,0.003,0.0,0.0,0.04,0.013,0.009,90.0,1.61,19.0,4.422,3.0,6.06,0.0,0.0,0.0,9.9e-05,0.0008,1
syrups,"chocolate, HERSHEY'S Genuine Chocolate Flavored Lite Syrup",Sweets,153.0,1.4,0.97,34.56,28.57,0.0,0.009,0.0,0.01,0.178,0.04,0.008,11.0,0.0,36.0,0.278,54.0,0.48,0.0,0.0,0.002,0.000276,0.0012,0
syrups,"chocolate, fudge-type",Sweets,350.0,4.6,8.9,62.9,34.82,2.8,0.02,0.2,2.63,0.25,0.091,0.034,49.0,1.3,48.0,0.371,97.0,0.83,0.001,6e-05,0.004,0.000348,0.0023,1
syrups,"corn, dark",Sweets,286.0,0.0,0.0,77.59,77.59,0.0,0.009,0.0,0.0,0.02,0.009,0.011,18.0,0.37,8.0,0.1,11.0,0.04,0.0,0.0,0.0,5.3e-05,0.0029,1
syrups,"corn, light",Sweets,283.0,0.0,0.2,76.79,76.77,0.0,0.0,0.0,0.0,0.0,0.0,0.059,13.0,0.0,1.0,0.0,0.0,0.44,0.0,0.0,0.0,0.0,0.0007,1
syrups,"corn, high-fructose",Sweets,281.0,0.0,0.0,76.0,75.65,0.0,0.0,0.0,0.0,0.0,0.019,0.0,0.0,0.03,0.0,0.094,0.0,0.02,0.0,0.0,0.0,2.9e-05,0.0007,1
syrups,malt,Sweets,318.0,6.2,0.0,71.3,71.3,0.0,0.5,0.0,0.0,8.12,0.393,0.011,61.0,0.96,72.0,0.1,236.0,0.14,0.0,0.0,0.012,0.0002,0.0123,1
syrups,maple,Sweets,260.0,0.04,0.06,67.04,60.46,0.0,0.002,0.0,0.0,0.081,1.27,0.066,102.0,0.11,21.0,2.908,2.0,1.47,0.0,0.0,0.0,1.7999999999999997e-05,0.0006,1
syrups,sorghum,Sweets,290.0,0.0,0.0,74.9,74.9,0.0,0.67,0.0,0.0,0.1,0.155,0.1,150.0,3.8,100.0,1.53,56.0,0.41,0.0,0.0,0.0,0.00013,0.0017,1
candies,"MARS SNACKFOOD US, SNICKERS CRUNCHER",Sweets,488.0,6.86,24.38,62.85,46.54,1.9,0.0,0.5,0.0,0.0,0.0,0.0,90.0,0.68,0.0,0.0,0.0,0.0,0.0,0.0,0.0,0.0,0.0,1
syrups,"table blends, pancake, with 2% maple",Sweets,265.0,0.0,0.1,69.6,42.0,0.0,0.0,0.0,0.0,0.003,0.017,0.005,5.0,0.07,2.0,0.185,10.0,0.23,0.0,0.0,0.0,4.5e-05,0.0004,1
syrups,"table blends, cane and 15% maple",Sweets,278.0,0.0,0.1,69.52,68.2,0.1,0.0,0.0,0.0,0.005,0.014,0.001,12.0,0.19,2.0,0.495,0.0,0.63,0.0,0.0,0.0,1.7e-05,0.0005,1
syrups,"table blends, corn, refiner, and sugar",Sweets,319.0,0.0,0.0,83.9,0.0,0.0,0.009,0.0,0.0,0.02,0.047,0.006,23.0,0.74,9.0,0.088,8.0,0.03,0.0,0.0,0.003,6e-05,0.0008,3
candies,"MARS SNACKFOOD US, SKITTLES Wild Berry Bite Size Candies",Sweets,402.0,0.19,4.25,90.76,75.92,0.0,0.0,67.1,0.0,0.0,0.0,0.0,0.0,0.0,0.0,0.0,0.0,0.0,0.0,0.0,0.0,0.0,0.0,1
toppings,butterscotch or caramel,Sweets,252.0,1.5,0.1,65.9,0.0,0.9,0.014,0.3,0.0,0.039,0.095,0.012,53.0,0.2,7.0,0.05,47.0,0.19,0.027,8.999999999999999e-05,0.002,2.4e-05,0.0,3
toppings,marshmallow cream,Sweets,322.0,0.8,0.3,79.0,46.8,0.1,0.002,0.0,0.0,0.076,0.001,0.001,3.0,0.22,2.0,0.008,8.0,0.04,0.0,0.0,0.001,9.5e-05,0.0019,1
toppings,pineapple,Sweets,253.0,0.1,0.1,66.4,21.01,0.4,0.028,3.1,0.01,0.101,0.018,0.038,6.0,0.12,6.0,0.07,3.0,0.05,0.001,0.0,0.002,5.2e-05,0.0007,1
toppings,nuts in syrup,Sweets,448.0,4.5,22.0,58.08,36.72,2.3,0.178,0.3,0.23,0.373,0.12,0.18,35.0,1.05,54.0,1.207,118.0,1.05,0.0,0.0,0.026,0.00054,0.0021,1
candies,"MARS SNACKFOOD US, SKITTLES Tropical Bite Size Candies",Sweets,405.0,0.19,4.34,90.77,75.76,0.0,0.0,67.1,0.0,0.0,0.0,0.0,0.0,0.0,0.0,0.0,0.0,0.0,0.0,0.0,0.0,0.0,0.0,1
candies,"MARS SNACKFOOD US, SKITTLES Sours Original",Sweets,401.0,0.18,4.0,91.02,73.16,0.0,0.0,61.1,0.0,0.0,0.0,0.0,0.0,0.01,0.0,0.0,0.0,0.0,0.0,0.0,0.0,0.0,0.0,1
candies,"MARS SNACKFOOD US, SKITTLES Original Bite Size Candies",Sweets,405.0,0.19,4.37,90.78,75.84,0.0,0.003,66.8,0.17,0.007,0.023,0.0,0.0,0.0,1.0,0.063,1.0,0.02,0.0,0.0,0.0,3.5999999999999994e-05,0.001,1
frostings,"vanilla, creamy, dry mix, prepared with margarine",Sweets,413.0,0.34,12.74,74.28,0.0,0.1,0.002,0.0,0.0,0.003,0.006,0.001,6.0,0.01,2.0,0.0,6.0,0.01,0.08,1e-05,0.0,2.8e-05,0.0006,3
frostings,"chocolate, creamy, dry mix, prepared with margarine",Sweets,404.0,1.1,12.87,71.02,0.0,1.9,0.063,0.0,0.0,0.112,0.026,0.006,12.0,0.93,30.0,0.0,50.0,0.63,0.08,1e-05,0.002,0.000227,0.0012,3
frostings,"glaze, prepared-from-recipe",Sweets,341.0,0.44,0.53,83.65,80.44,0.0,0.006,0.0,0.0,0.039,0.045,0.006,17.0,0.03,2.0,0.014,13.0,0.06,0.004,5e-05,0.001,6e-06,0.001,1
candies,"fudge, chocolate marshmallow, prepared-from-recipe",Sweets,453.0,2.26,17.48,71.34,64.06,1.7,0.017,0.2,0.32,0.163,0.077,0.022,45.0,0.96,36.0,0.232,67.0,0.58,0.075,3e-05,0.005,0.000217,0.0021,1
candies,"taffy, prepared-from-recipe",Sweets,397.0,0.03,3.33,91.56,68.48,0.0,0.0,0.0,0.09,0.002,0.012,0.028,8.0,0.01,0.0,0.0,1.0,0.21,0.027,1e-05,0.0,0.0,0.0007,1
candies,"toffee, prepared-from-recipe",Sweets,560.0,1.07,32.75,64.72,63.47,0.0,0.009,0.2,0.94,0.029,0.068,0.008,34.0,0.03,4.0,0.002,32.0,0.12,0.319,0.00011,0.002,3e-06,0.0008,1
candies,"divinity, prepared-from-recipe",Sweets,364.0,1.32,0.06,89.05,78.96,0.0,0.001,0.0,0.0,0.015,0.065,0.012,5.0,0.02,2.0,0.003,2.0,0.09,0.0,1e-05,0.0,5e-06,0.003,1
frozen novelties,"ice type, pineapple-coconut",Sweets,113.0,0.0,2.6,23.9,0.0,0.7,0.016,13.2,0.0,0.034,0.005,0.006,0.0,3.53,5.0,0.161,9.0,0.11,0.0,0.0,0.001,4.4e-05,0.0009,0
frozen yogurts,"chocolate, soft-serve",Sweets,160.0,4.0,6.0,24.9,0.0,2.2,0.074,0.3,0.0,0.305,0.211,0.036,147.0,1.25,27.0,0.121,139.0,0.49,0.044,0.00029,0.011,0.000131,0.0024,0
snacks,banana chips,Snacks,519.0,2.3,33.6,58.4,35.34,7.7,0.26,6.3,0.24,0.71,0.017,0.085,18.0,1.25,76.0,1.56,56.0,0.75,0.004,0.0,0.014,0.000205,0.0015,1
snacks,"cornnuts, barbecue-flavor",Snacks,436.0,9.0,14.3,71.7,0.0,8.4,0.187,0.4,0.0,1.507,0.142,0.35,17.0,1.7,109.0,0.487,283.0,1.88,0.017,0.0,0.0,0.000136,0.0,3
snacks,"crisped rice bar, almond",Snacks,458.0,7.0,20.4,64.6,0.0,3.6,1.764,11.5,0.0,17.635,1.499,1.323,74.0,6.35,71.0,1.601,167.0,5.29,0.0,0.0,0.0,0.000247,0.0,3
snacks,"granola bars, soft, uncoated, chocolate chip",Snacks,418.0,5.65,16.57,70.2,28.92,3.8,0.066,0.0,0.31,0.765,0.082,0.169,41.0,2.19,64.0,1.263,176.0,1.3,0.0,0.0,0.016,0.000273,0.0111,1
snacks,"granola bars, soft, uncoated, chocolate chip, graham and marshmallow",Snacks,427.0,6.1,15.5,70.8,0.0,4.0,0.05,0.0,0.0,1.0,0.15,0.14,89.0,2.57,71.0,1.28,202.0,1.3,0.002,0.0,0.021,0.00028,0.0154,3
snacks,"granola bars, soft, uncoated, nut and raisin",Snacks,454.0,8.0,20.4,63.6,0.0,5.6,0.12,0.0,0.0,2.61,0.19,0.19,84.0,2.18,91.0,1.2,241.0,1.6,0.002,0.0002399999999999,0.03,0.00038,0.0154,3
snacks,"beef sticks, smoked",Snacks,550.0,21.5,49.6,5.4,0.0,0.0,0.205,6.8,0.0,4.54,0.436,0.141,68.0,3.4,21.0,0.086,180.0,2.42,0.013,0.001,0.0,0.00013,0.0,4
snacks,"pork skins, barbecue-flavor",Snacks,538.0,57.9,31.8,1.6,0.0,0.0,0.156,1.5,0.0,3.355,0.432,0.084,43.0,1.04,0.0,0.074,220.0,0.71,0.065,0.00013,0.031,0.00035,0.0,2
frostings,"glaze, chocolate, prepared-from-recipe, with butter, NFSMI Recipe No. C-32",Sweets,359.0,1.42,7.17,72.18,64.3,1.1,0.011,0.1,0.19,0.111,0.066,0.018,32.0,0.6,20.0,0.14,48.0,0.37,0.069,8.999999999999999e-05,0.002,0.000136,0.0016,1
snack,"potato chips, made from dried potatoes, plain",Snacks,545.0,4.62,35.28,55.38,0.76,2.9,0.493,1.2,13.72,2.653,0.07,0.21,17.0,0.8,40.0,0.26,110.0,0.58,0.0,0.0,0.019,0.000136,0.0004,3
snacks,"potato chips, plain, salted",Snacks,532.0,6.39,33.98,53.83,0.33,3.1,0.531,21.6,10.45,4.762,0.088,0.213,21.0,1.28,63.0,0.43,153.0,1.09,0.0,0.0,0.029,0.000234,0.0025,3
snacks,"potato chips, made from dried potatoes, cheese-flavor",Snacks,551.0,7.0,37.0,50.6,0.0,3.4,0.521,8.5,0.0,2.6,0.12,0.18,110.0,1.6,53.0,0.058,163.0,0.64,0.001,0.0,0.018,5.6e-05,0.0081,3
snacks,"rice cakes, brown rice, corn",Snacks,385.0,8.4,3.2,81.2,0.0,2.9,0.14,0.0,0.0,6.435,0.104,0.08,9.0,1.17,114.0,5.08,320.0,2.22,0.0,0.0,0.019,0.0004199999999999,0.0,3
snacks,"rice cakes, brown rice, multigrain",Snacks,387.0,8.5,3.5,80.1,0.0,3.0,0.137,0.0,0.0,6.602,0.184,0.067,21.0,1.96,137.0,5.22,370.0,2.53,0.0,0.0,0.02,0.0004269999999999,0.0,3
snacks,potato sticks,Snacks,522.0,6.7,34.4,53.3,0.22,3.4,0.32,47.3,9.11,4.785,0.116,0.096,18.0,2.27,64.0,0.423,172.0,0.99,0.0,0.0,0.04,0.000315,0.0081,3
snacks,"rice cakes, brown rice, rye",Snacks,386.0,8.1,3.8,79.9,0.0,4.0,0.15,0.0,0.0,7.04,0.09,0.091,21.0,1.8,144.0,2.977,380.0,3.0,0.0,0.0,0.005,0.00039,0.0,3
snacks,"sesame sticks, wheat-based, salted",Snacks,541.0,10.9,36.7,46.5,0.19,2.8,0.086,0.0,3.85,1.552,0.063,0.123,170.0,0.74,45.0,0.904,138.0,1.17,0.0,0.0,0.022,0.000406,0.0171,3
snacks,corn cakes,Snacks,387.0,8.1,2.4,83.4,23.47,1.9,0.14,0.0,0.0,5.15,0.05,0.25,19.0,1.4,114.0,1.815,157.0,2.0,0.07,0.0,0.019,0.0004199999999999,0.0099,1
snacks,"granola bars, hard, peanut butter",Snacks,483.0,9.8,23.8,62.3,0.0,2.9,0.096,0.2,0.0,1.97,0.09,0.21,41.0,2.4,55.0,0.922,139.0,1.25,0.001,0.0,0.018,0.0002179999999999,0.015,3
snacks,"potato chips, cheese-flavor",Snacks,496.0,8.5,27.2,57.7,0.0,5.2,0.348,54.1,0.0,5.0,0.158,0.155,72.0,1.84,75.0,0.446,299.0,0.91,0.01,0.0,0.0,0.00025,0.0,3
snacks,"potato chips, reduced fat",Snacks,471.0,7.1,20.8,66.9,0.22,5.9,0.671,25.7,5.47,7.0,0.267,0.208,21.0,1.35,89.0,0.44,193.0,0.07,0.0,0.0,0.027,0.0006,0.0081,3
snacks,"potato chips, fat-free, made with olestra",Snacks,274.0,7.74,0.7,65.0,0.0,6.8,0.158,28.3,0.0,4.37,0.05,0.329,35.0,2.4,69.0,0.77,174.0,3.5,0.0,0.0,0.083,0.00044,0.0009,3
snacks,"tortilla chips, nacho-flavor, reduced fat",Snacks,445.0,8.7,15.2,71.6,0.0,4.8,0.231,0.2,0.0,0.415,0.274,0.222,159.0,1.63,97.0,0.436,318.0,0.0,0.024,0.0,0.026,0.0001429999999999,0.0,3
tortilla chips,"low fat, baked without fat",Snacks,415.0,11.0,5.7,80.0,0.67,5.3,0.18,0.2,0.77,0.42,0.28,0.22,159.0,1.6,97.0,0.0,318.0,1.15,0.005,0.0,0.016,0.00011,0.0157,3
cheese puffs and twists,"corn based, baked, low fat",Snacks,432.0,8.5,12.1,72.35,7.29,10.7,0.71,21.4,4.25,7.14,0.61,0.54,357.0,1.28,41.0,0.0,357.0,2.14,0.044,0.00214,0.097,8.5e-05,0.0096,3
snacks,"granola bar, fruit-filled, nonfat",Snacks,342.0,5.9,0.9,77.6,45.24,7.4,1.59,1.7,0.22,0.4,0.07,0.03,3.0,4.0,50.0,0.0,122.0,1.42,0.001,0.0001799999999999,0.527,0.000234,0.0083,1
popcorn,"sugar syrup/caramel, fat-free",Snacks,381.0,2.0,1.4,90.06,64.68,2.5,0.047,0.0,0.13,0.342,0.058,0.038,18.0,0.8,27.0,0.0,55.0,0.62,0.002,0.0,0.004,0.00014,0.0036,1
snacks,"potato chips, fat free, salted",Snacks,379.0,9.64,0.6,83.76,3.69,7.5,0.8,9.3,0.04,6.446,0.115,1.08,35.0,3.57,70.0,0.0,167.0,0.74,0.001,0.0,0.045,0.000174,0.0081,3
snacks,"KELLOGG, KELLOGG'S RICE KRISPIES TREATS Squares",Snacks,414.0,3.4,9.0,80.5,19.36,0.6,0.9,0.0,0.0,9.1,0.8,0.7,3.0,2.2,13.0,1.601,42.0,0.5,0.27,0.0,0.381,0.0001,0.011,1
snacks,"KELLOGG, KELLOGG'S Low Fat Granola Bar, Crunchy Almond/Brown Sugar",Snacks,390.0,8.0,7.4,78.0,0.0,6.2,1.0,0.0,0.0,9.5,0.8,0.7,35.0,8.6,87.0,1.797,248.0,2.2,0.713,0.0,0.0,0.0007,0.0,3
snacks,"M&M MARS, KUDOS Whole Grain Bar, chocolate chip",Snacks,420.0,4.47,13.02,72.31,38.78,2.6,0.117,0.1,10.79,1.539,0.201,0.169,1084.0,1.4,70.0,1.067,207.0,1.41,0.015,0.00014,0.013,0.000312,0.0,1
snacks,"KELLOGG'S, NUTRI-GRAIN Cereal Bars, fruit",Snacks,324.0,4.69,8.76,69.54,30.84,6.9,1.35,7.8,0.0,13.5,1.15,0.61,541.0,4.9,41.0,0.795,115.0,4.1,0.604,0.0,0.024,0.000126,0.0077,1
snacks,"tortilla chips, low fat, made with olestra, nacho cheese",Snacks,318.0,8.44,3.53,65.22,2.82,6.4,0.241,5.5,3.53,1.3,0.13,0.206,128.0,4.8,99.0,0.57,245.0,3.4,0.009,0.00027,0.016,0.00014,0.0094,3
snacks,"potato chips, made from dried potatoes, fat-free, made with olestra",Snacks,253.0,5.06,0.93,56.0,0.59,7.3,0.532,108.8,0.0,3.397,0.016,0.177,20.0,1.14,48.0,0.394,132.0,0.78,0.0,0.0,0.067,0.000165,0.0029,3
snacks,taro chips,Snacks,498.0,2.3,24.9,68.1,3.82,7.2,0.438,5.0,11.34,0.515,0.029,0.174,60.0,1.2,84.0,0.001,131.0,0.38,0.007,0.0,0.02,0.00028,0.0018,3
candies,"semisweet chocolate, made with butter",Sweets,477.0,4.2,29.7,63.4,0.0,5.9,0.05,0.0,0.0,0.427,0.09,0.055,32.0,3.13,115.0,0.8,132.0,1.62,0.003,0.0,0.003,0.0007,0.0032,3
gelatin desserts,"dry mix, with added ascorbic acid, sodium-citrate and salt",Sweets,381.0,7.8,0.0,90.5,0.0,0.0,0.01,62.8,0.0,0.008,0.021,0.002,3.0,0.15,2.0,0.016,142.0,0.01,0.0,0.0,0.003,0.000118,0.0036,3
gelatin desserts,"dry mix, reduced calorie, with aspartame, added phosphorus, potassium, sodium, vitamin C",Sweets,345.0,55.3,0.0,33.3,0.0,0.0,0.049,490.0,0.0,0.04,0.108,0.012,2.0,0.02,1.0,0.049,0.0,0.07,0.0,0.0,0.014,0.001016,0.0255,2
gelatin desserts,"dry mix, reduced calorie, with aspartame, no added sodium",Sweets,345.0,55.3,0.0,33.3,0.0,0.0,0.049,0.0,0.0,0.04,0.108,0.012,2.0,0.02,1.0,0.049,1293.0,0.07,0.0,0.0,0.014,0.001016,0.0255,2
puddings,"banana, dry mix, instant, with added oil",Sweets,386.0,0.0,4.4,89.0,0.0,0.0,0.001,0.0,0.0,0.002,0.003,0.001,6.0,0.12,2.0,0.01,804.0,0.04,0.0,1e-05,0.0,2.1e-05,0.0008,3
puddings,"banana, dry mix, regular, with added oil",Sweets,387.0,0.0,5.0,88.4,0.0,0.3,0.0,0.0,0.0,0.0,0.0,0.0,20.0,0.05,8.0,0.013,5.0,0.09,0.0,0.0,0.0,2e-05,0.0009,3
puddings,"lemon, dry mix, regular, with added oil, potassium, sodium",Sweets,366.0,0.1,1.5,90.3,0.0,0.1,0.005,0.0,0.0,0.019,0.024,0.005,0.0,0.17,4.0,0.025,3.0,0.02,0.0,0.0,0.0,2.4e-05,0.0007,3
puddings,"tapioca, dry mix, with no added salt",Sweets,369.0,0.1,0.1,94.3,0.0,0.2,0.032,0.0,0.0,0.004,0.006,0.001,4.0,0.12,2.0,0.033,4.0,0.08,0.0,0.0,0.0,2.9e-05,0.0001,3
puddings,"vanilla, dry mix, regular, with added oil",Sweets,369.0,0.3,1.1,92.4,0.0,0.0,0.0,0.0,0.0,0.0,0.0,0.0,15.0,0.05,5.0,0.013,3.0,0.09,0.0,0.0,0.0,2e-05,0.0009,3
jams and preserves,apricot,Sweets,242.0,0.7,0.2,64.4,43.4,0.3,0.02,8.8,0.13,0.036,0.022,0.0,20.0,0.49,4.0,0.04,3.0,0.06,0.01,0.0,0.001,0.0001,0.002,1
syrups,"table blends, pancake, with 2% maple, with added potassium",Sweets,265.0,0.0,0.1,69.6,0.0,0.0,0.0,0.0,0.0,0.02,0.017,0.005,5.0,0.07,2.0,0.185,10.0,0.23,0.0,0.0,0.0,4.5e-05,0.0006,3
snacks,"corn cakes, very low sodium",Snacks,387.0,8.1,2.4,83.4,0.0,0.0,0.14,0.0,0.0,5.15,0.05,0.25,19.0,1.4,114.0,1.815,157.0,2.0,0.012,0.0,0.019,0.0004199999999999,0.0099,3
snacks,"corn-based, extruded, puffs or twists, cheese-flavor, unenriched",Snacks,558.0,5.76,35.76,54.1,2.76,2.2,0.064,0.0,5.12,5.743,0.2,0.155,58.0,1.1,20.0,0.095,108.0,0.6,0.0,0.0004799999999999,0.18,6.3e-05,0.003,3
snacks,"corn-based, extruded, chips, barbecue-flavor, made with enriched masa flour",Snacks,523.0,7.0,32.7,56.2,0.0,0.0,0.23,1.7,0.0,6.3,0.48,0.42,131.0,4.9,77.0,0.774,207.0,1.06,0.031,0.0,0.2,0.000166,0.0067,3
snacks,"popcorn, air-popped, white popcorn",Snacks,382.0,12.0,4.2,77.9,0.0,15.1,0.245,0.0,0.0,1.944,0.283,0.203,10.0,2.66,131.0,0.943,300.0,3.44,0.001,0.0,0.023,0.0004199999999999,0.0099,3
snacks,"popcorn, oil-popped, white popcorn, salt added",Snacks,500.0,9.0,28.1,57.2,0.0,10.0,0.209,0.3,0.0,1.55,0.136,0.134,10.0,2.78,108.0,0.879,250.0,2.64,0.001,0.0,0.017,0.000221,0.0073,3
snacks,"potato chips, plain, made with partially hydrogenated soybean oil, salted",Snacks,536.0,7.0,34.6,52.9,0.0,4.8,0.66,31.1,0.0,3.827,0.197,0.167,24.0,1.63,67.0,0.44,165.0,1.09,0.0,0.0,0.045,0.000306,0.0081,3
snacks,"potato chips, plain, made with partially hydrogenated soybean oil, unsalted",Snacks,536.0,7.0,34.6,52.9,0.0,4.8,0.66,31.1,0.0,3.827,0.197,0.167,24.0,1.63,67.0,0.44,165.0,1.09,0.0,0.0,0.045,0.000306,0.0081,3
snacks,"potato chips, plain, unsalted",Snacks,536.0,7.0,34.6,52.9,0.22,4.8,0.66,31.1,9.11,3.827,0.197,0.167,24.0,1.63,67.0,0.44,165.0,1.09,0.0,0.0,0.045,0.000306,0.0081,3
snacks,"pretzels, hard, plain, made with unenriched flour, salted",Snacks,381.0,9.1,3.5,79.2,0.0,2.8,0.116,0.0,0.0,1.92,0.1,0.18,36.0,1.67,35.0,1.789,113.0,0.85,0.0,0.0,0.083,0.000264,0.0058,3
snacks,"pretzels, hard, plain, made with unenriched flour, unsalted",Snacks,381.0,9.1,3.5,79.2,0.0,2.8,0.116,0.0,0.0,1.92,0.1,0.18,36.0,1.67,35.0,1.789,113.0,0.85,0.0,0.0,0.083,0.000264,0.0058,3
snacks,"pretzels, hard, plain, made with enriched flour, unsalted",Snacks,381.0,9.1,3.5,79.2,2.21,2.8,0.116,0.0,0.35,5.251,0.623,0.461,36.0,4.32,35.0,1.789,113.0,0.85,0.0,0.0,0.233,0.000264,0.0058,3
snacks,"rice cakes, brown rice, plain, unsalted",Snacks,387.0,8.2,2.8,81.5,0.88,4.2,0.15,0.0,1.24,7.806,0.165,0.061,11.0,1.49,131.0,3.73,360.0,3.0,0.0,0.0,0.021,0.000445,0.0246,3
snacks,"rice cakes, brown rice, buckwheat, unsalted",Snacks,380.0,9.0,3.5,80.1,0.0,0.0,0.13,0.0,0.0,8.096,0.103,0.056,11.0,1.14,151.0,6.18,380.0,2.5,0.0,0.0,0.021,0.00038,0.0163999999999999,3
snacks,"rice cakes, brown rice, multigrain, unsalted",Snacks,387.0,8.5,3.5,80.1,0.0,0.0,0.137,0.0,0.0,6.602,0.184,0.067,21.0,1.96,137.0,5.22,370.0,2.53,0.0,0.0,0.02,0.0004269999999999,0.02,3
snacks,"rice cakes, brown rice, sesame seed, unsalted",Snacks,392.0,7.6,3.8,81.5,0.0,0.0,0.155,3.0,0.0,7.205,0.085,0.048,12.0,1.58,136.0,4.299,375.0,3.0,0.0,0.0,0.018,0.00039,0.0241,3
snacks,"sesame sticks, wheat-based, unsalted",Snacks,541.0,10.9,36.7,46.5,0.0,0.0,0.086,0.0,0.0,1.552,0.063,0.123,170.0,0.74,45.0,0.904,138.0,1.17,0.004,0.0,0.022,0.000406,0.0171,3
snacks,"trail mix, regular, unsalted",Snacks,462.0,13.8,29.4,44.9,0.0,0.0,0.298,1.4,0.0,4.712,0.198,0.462,78.0,3.05,158.0,1.034,345.0,3.22,0.001,0.0,0.071,0.000985,0.0,3
snacks,"trail mix, regular, with chocolate chips, unsalted nuts and seeds",Snacks,484.0,14.2,31.9,44.9,0.0,0.0,0.259,1.3,0.0,4.405,0.224,0.413,109.0,3.39,161.0,1.062,387.0,3.14,0.013,0.0,0.065,0.000844,0.0,3
potato chips,"without salt, reduced fat",Snacks,487.0,7.1,20.8,67.8,0.22,6.1,0.67,25.7,5.47,7.0,0.27,0.21,21.0,1.35,89.0,0.0,193.0,1.01,0.0,0.0,0.01,0.000348,0.0081,3
snacks,"tortilla chips, low fat, unsalted",Snacks,416.0,11.0,5.7,80.1,0.85,5.3,0.18,0.2,3.53,0.42,0.28,0.22,159.0,1.6,97.0,0.0,318.0,1.15,0.004,0.0,0.016,0.00011,0.0157,3
frozen novelties,"juice type, POPSICLE SCRIBBLERS",Sweets,81.0,0.0,0.24,19.68,14.57,0.0,0.0,1.2,0.0,0.0,0.0,0.0,5.0,0.3,3.0,0.0,2.0,0.07,0.0,0.0,0.0,0.0,0.0,0
snacks,"tortilla chips, nacho-flavor, made with enriched masa flour",Snacks,498.0,7.8,25.6,62.4,0.0,5.3,0.286,1.8,0.0,4.0,0.35,0.4,147.0,3.7,82.0,0.408,244.0,1.2,0.024,5e-05,0.13,0.000177,0.013,3
candies,sugar-coated almonds,Sweets,474.0,10.0,17.93,68.26,62.5,2.5,0.06,0.0,12.36,1.0,0.27,0.05,100.0,1.9,137.0,1.121,166.0,1.56,0.0,0.0,0.015,0.0005859999999999,0.0017,1
cocoa,"dry powder, hi-fat or breakfast, plain",Sweets,486.0,16.8,23.71,51.39,1.55,29.8,0.19,0.0,0.09,1.8,0.37,0.08,122.0,14.5,519.0,0.0,758.0,6.7,0.0,0.0,0.038,0.00361,0.0123,3
cocoa,"dry powder, hi-fat or breakfast, processed with alkali",Sweets,479.0,16.8,23.71,49.71,1.53,33.9,0.19,0.0,0.18,1.8,0.37,0.08,122.0,14.5,476.0,0.0,758.0,6.7,0.0,0.0,0.038,0.00361,0.0123,3
candies,soft fruit and nut squares,Sweets,390.0,2.31,9.52,73.81,45.95,2.4,0.082,0.2,0.1,0.178,0.039,0.047,17.0,0.93,25.0,0.539,54.0,0.53,0.0,0.0,0.011,0.000303,0.0014,1
ice creams,"vanilla, fat free",Sweets,138.0,4.48,0.0,30.06,6.3,1.0,0.047,0.0,0.0,0.14,0.248,0.051,149.0,0.0,21.0,0.0,150.0,1.06,0.2,0.00045,0.007,2.8e-05,0.0029,0
sweeteners,"tabletop, sucralose, SPLENDA packets",Sweets,336.0,0.0,0.0,91.17,80.33,0.0,0.0,0.0,0.0,0.0,0.0,0.0,0.0,0.0,0.0,0.0,0.0,0.0,0.0,0.0,0.0,0.0,0.0,1
frozen novelties,"No Sugar Added, FUDGESICLE pops",Sweets,105.0,3.6,0.97,22.28,3.93,1.6,0.042,0.7,0.3,0.111,0.18,0.044,101.0,0.94,15.0,0.009,106.0,0.4,0.007,0.00038,0.005,1.7999999999999997e-05,0.0029,0
frozen novelties,Fat Free FUDGESICLE bars,Sweets,127.0,5.55,0.66,26.94,20.1,1.7,0.0,1.0,0.0,0.0,0.0,0.0,159.0,0.91,0.0,0.0,0.0,0.0,0.0,0.0,0.0,0.0,0.0,0
frozen novelties,"ice type, sugar free, orange, cherry, and grape POPSICLE pops",Sweets,21.0,0.0,0.0,5.14,1.52,0.0,0.0,10.4,0.0,0.0,0.0,0.0,0.0,0.67,1.0,0.0,0.0,0.47,0.0,0.0,0.0,0.0,0.0,0
frozen novelties,"KLONDIKE, SLIM-A-BEAR Fudge Bar, 98% fat free, no sugar added",Sweets,124.0,4.31,1.88,30.07,7.1,6.0,0.0,0.9,0.0,0.0,0.0,0.0,138.0,0.71,0.0,0.0,0.0,0.0,0.0,0.0,0.0,0.0,0.0,0
ice creams,"BREYERS, All Natural Light Vanilla",Sweets,162.0,4.84,4.59,25.3,22.78,0.2,0.0,1.1,0.0,0.0,0.0,0.0,169.0,0.06,0.0,0.0,0.0,0.0,0.0,0.0,0.0,0.0,0.0,0
ice creams,"BREYERS, All Natural Light French Vanilla",Sweets,173.0,4.82,5.56,26.03,21.11,0.2,0.0,0.9,0.0,0.0,0.0,0.0,155.0,0.21,0.0,0.0,0.0,0.0,0.0,0.0,0.0,0.0,0.0,0
ice creams,"BREYERS, 98% Fat Free Vanilla",Sweets,137.0,3.3,2.2,30.51,20.93,5.4,0.0,0.8,0.0,0.0,0.0,0.0,122.0,0.09,0.0,0.0,0.0,0.0,0.0,0.0,0.0,0.0,0.0,0
ice creams,"BREYERS, All Natural Light Vanilla Chocolate Strawberry",Sweets,161.0,4.69,4.35,26.06,22.47,0.4,0.0,1.7,0.0,0.0,0.0,0.0,158.0,0.31,0.0,0.0,0.0,0.0,0.0,0.0,0.0,0.0,0.0,0
ice creams,"BREYERS, All Natural Light Mint Chocolate Chip",Sweets,196.0,4.69,7.09,28.39,25.38,0.6,0.0,1.4,0.0,0.0,0.0,0.0,160.0,0.52,0.0,0.0,0.0,0.0,0.0,0.0,0.0,0.0,0.0,0
ice creams,"BREYERS, No Sugar Added, Butter Pecan",Sweets,180.0,3.99,10.3,21.3,5.9,0.9,0.0,0.9,0.0,0.0,0.0,0.0,130.0,0.19,0.0,0.0,0.0,0.0,0.0,0.0,0.0,0.0,0.0,0
ice creams,"BREYERS, No Sugar Added, French Vanilla",Sweets,154.0,4.5,7.05,20.75,7.7,0.5,0.0,0.9,0.0,0.0,0.0,0.0,151.0,0.19,0.0,0.0,0.0,0.0,0.0,0.0,0.0,0.0,0.0,0
ice creams,"BREYERS, No Sugar Added, Vanilla",Sweets,143.0,3.68,6.2,21.92,6.09,0.5,0.0,0.8,0.0,0.0,0.0,0.0,133.0,0.09,0.0,0.0,0.0,0.0,0.0,0.0,0.0,0.0,0.0,0
ice creams,"BREYERS, No Sugar Added, Vanilla Fudge Twirl",Sweets,153.0,3.53,5.68,25.63,5.49,0.8,0.0,0.7,0.0,0.0,0.0,0.0,121.0,0.36,0.0,0.0,0.0,0.0,0.0,0.0,0.0,0.0,0.0,0
ice creams,"BREYERS, No Sugar Added, Vanilla Chocolate Strawberry",Sweets,143.0,3.71,6.26,21.7,6.15,0.7,0.0,0.8,0.0,0.0,0.0,0.0,132.0,0.27,0.0,0.0,0.0,0.0,0.0,0.0,0.0,0.0,0.0,0
frozen novelties,"KLONDIKE, SLIM-A-BEAR Chocolate Cone",Sweets,224.0,4.09,4.1,45.32,24.62,4.3,0.0,0.6,0.0,0.0,0.0,0.0,125.0,0.75,0.0,0.0,0.0,0.0,0.0,0.0,0.0,0.0,0.0,3
frozen novelties,"KLONDIKE, SLIM-A-BEAR Vanilla Sandwich",Sweets,239.0,3.9,5.85,42.75,21.82,4.3,0.0,0.7,0.0,0.0,0.0,0.0,142.0,0.38,0.0,0.0,0.0,0.0,0.0,0.0,0.0,0.0,0.0,3
frozen novelties,"KLONDIKE, SLIM-A-BEAR, No Sugar Added, Stickless Bar",Sweets,242.0,5.2,13.0,25.98,8.64,3.9,0.0,1.0,0.0,0.0,0.0,0.0,289.0,0.41,0.0,0.0,0.0,0.0,0.0,0.0,0.0,0.0,0.0,0
frozen novelties,No Sugar Added CREAMSICLE Pops,Sweets,72.0,3.69,0.61,12.88,2.75,3.6,0.0,0.4,0.0,0.0,0.0,0.0,137.0,0.28,0.0,0.0,0.0,0.0,0.0,0.0,0.0,0.0,0.0,0
frozen novelties,"Sugar Free, CREAMSICLE Pops",Sweets,49.0,1.37,2.33,11.95,0.43,7.5,0.0,0.0,0.0,0.0,0.0,0.0,23.0,0.03,0.0,0.0,0.0,0.0,0.0,0.0,0.0,0.0,0.0,0
ice creams,"BREYERS, All Natural Light French Chocolate",Sweets,201.0,5.3,7.28,29.68,24.04,1.0,0.0,1.0,0.0,0.0,0.0,0.0,158.0,0.85,0.0,0.0,0.0,0.0,0.0,0.0,0.0,0.0,0.0,0
ice creams,"BREYERS, 98% Fat Free Chocolate",Sweets,136.0,3.89,2.17,30.18,20.29,5.8,0.0,0.7,0.0,0.0,0.0,0.0,126.0,0.84,0.0,0.0,0.0,0.0,0.0,0.0,0.0,0.0,0.0,0
ice creams,"BREYERS, No Sugar Added, Chocolate Caramel",Sweets,151.0,3.54,5.8,25.17,5.81,1.0,0.0,0.7,0.0,0.0,0.0,0.0,121.0,0.59,0.0,0.0,0.0,0.0,0.0,0.0,0.0,0.0,0.0,0
candies,"REESE's Fast Break, milk chocolate, peanut butter, soft nougats, candy bar",Sweets,495.0,8.93,23.21,63.9,53.57,3.6,0.061,0.0,2.56,2.789,0.113,0.117,36.0,0.64,60.0,0.727,156.0,1.45,0.014,0.0001799999999999,0.028,0.000322,0.0037,1
candies,"MARS SNACKFOOD US, COCOAVIA Chocolate Covered Almonds",Sweets,573.0,9.51,37.07,50.22,26.92,10.4,0.714,27.3,4.82,0.0,0.0,0.0,840.0,3.56,0.0,0.0,0.0,0.0,0.0,0.00214,0.0,0.0,0.0,3
ice creams,"regular, low carbohydrate, vanilla",Sweets,216.0,3.17,12.7,22.23,6.35,4.8,0.048,0.6,0.3,0.116,0.24,0.041,128.0,0.09,14.0,0.008,105.0,0.69,0.118,0.00039,0.005,2.3e-05,0.0026,0
ice creams,"regular, low carbohydrate, chocolate",Sweets,237.0,3.8,12.7,26.8,6.35,4.8,0.055,0.7,0.3,0.226,0.194,0.042,109.0,0.93,29.0,0.14,107.0,0.58,0.118,0.00029,0.016,0.000135,0.0025,0
chocolate,"dark, 45- 59% cacao solids",Sweets,546.0,4.88,31.28,61.17,47.9,7.0,0.042,0.0,0.54,0.725,0.05,0.025,56.0,8.02,146.0,1.419,206.0,2.01,0.002,0.00023,0.0,0.001028,0.003,1
chocolate,"dark, 60-69% cacao solids",Sweets,579.0,6.12,38.31,52.42,36.71,8.0,0.034,0.0,0.59,0.838,0.049,0.032,62.0,6.32,176.0,1.325,260.0,2.65,0.003,0.0001799999999999,0.0,0.001248,0.0084,1
chocolate,"dark, 70-85% cacao solids",Sweets,598.0,7.79,42.63,45.9,23.99,10.9,0.038,0.0,0.59,1.054,0.078,0.034,73.0,11.9,228.0,1.948,308.0,3.31,0.002,0.00028,0.0,0.001766,0.0068,3
candies,"chocolate, dark, NFS (45-59% cacao solids 90%; 60-69% cacao solids 5%; 70-85% cacao solids 5%)",Sweets,550.0,5.09,32.2,59.97,46.14,7.2,0.041,0.0,0.55,0.747,0.051,0.026,57.0,8.13,152.0,1.44,214.0,2.11,0.002,0.00023,0.0,0.001076,0.0035,1
sweeteners,"for baking, brown, contains sugar and sucralose",Sweets,388.0,0.0,0.0,97.11,45.66,0.0,0.04,0.0,0.0,0.08,0.015,0.015,63.0,1.64,10.0,0.066,2.0,0.08,0.0,0.0,0.0,8.3e-05,0.0,1
sweeteners,"for baking, contains sugar and sucralose",Sweets,398.0,0.0,0.0,99.53,47.05,0.0,0.0,0.0,0.0,0.0,0.0,0.0,1.0,0.06,0.0,0.004,0.0,0.01,0.0,0.0,0.0,8e-06,0.0,1
sugar,turbinado,Sweets,399.0,0.0,0.0,99.8,99.19,0.0,0.0,0.0,0.0,0.0,0.0,0.0,12.0,0.37,2.0,0.046,1.0,0.03,0.0,0.0,0.0,8.999999999999999e-06,0.0,1
sweeteners,"sugar substitute, granulated, brown",Sweets,347.0,2.06,0.0,84.77,4.03,0.6,0.015,0.0,0.0,0.0,0.015,0.015,879.0,0.16,6.0,0.022,8.0,0.04,0.0,0.0,0.0,7e-06,0.0,3
candies,crispy bar with peanut butter filling,Sweets,542.0,9.53,31.34,55.53,40.33,3.3,0.08,0.6,2.77,3.64,0.1,0.13,70.0,1.3,49.0,0.0,144.0,0.99,0.015,0.00015,0.068,0.0002,0.0007,1
syrup,"maple, Canadian",Sweets,270.0,0.0,0.0,67.38,59.92,0.0,0.0,0.0,0.0,0.081,1.27,0.066,109.0,0.11,21.0,2.3,0.0,0.7,0.0,0.0,0.0,0.0,0.0,1
sweetener,"syrup, agave",Sweets,310.0,0.09,0.45,76.37,68.03,0.2,0.234,17.0,0.98,0.689,0.165,0.122,1.0,0.09,1.0,0.005,1.0,0.01,0.008,0.0,0.03,8.999999999999999e-06,0.0017,1
candies,"NESTLE, BUTTERFINGER Crisp",Sweets,465.0,6.67,18.33,68.45,48.33,1.7,0.146,0.1,1.31,2.438,0.094,0.133,33.0,0.6,89.0,1.077,153.0,1.23,0.0,5e-05,0.025,0.000421,0.011,1
candies,M&M MARS 3 MUSKETEERS Truffle Crisp,Sweets,538.0,6.41,28.85,63.15,57.69,0.0,0.028,0.0,0.6,0.306,0.239,0.089,150.0,1.88,50.0,0.374,165.0,1.83,0.046,0.0006,0.009,0.000391,0.0036,1
syrups,"chocolate, HERSHEY'S Sugar free, Genuine Chocolate Flavored, Lite Syrup",Sweets,43.0,2.87,2.03,14.2,0.27,2.9,0.018,0.0,0.02,0.371,0.071,0.017,0.0,2.06,74.0,0.579,113.0,0.99,0.0,0.0,0.005,0.000565,0.002,0
candies,M&M MARS Pretzel Chocolate Candies,Sweets,447.0,5.0,15.0,72.94,50.0,2.5,0.032,0.0,0.37,0.433,0.203,0.082,50.0,0.9,39.0,0.297,135.0,1.25,0.034,0.00045,0.019,0.000271,0.0033,1
sweetener,herbal extract powder from Stevia leaf,Sweets,0.0,0.0,0.0,100.0,0.0,0.0,0.0,0.0,0.0,0.0,0.0,0.0,0.0,0.0,0.0,0.0,0.0,0.0,0.0,0.0,0.0,0.0,0.0,0
candies,"fruit snacks, with high vitamin C",Sweets,352.0,0.08,0.0,87.97,68.18,0.0,0.001,136.4,0.0,0.008,0.008,0.025,0.0,0.0,1.0,0.014,3.0,0.19,0.0,0.0,0.001,1.5e-05,0.0011,1
amaranth grain,uncooked,Cereal Grains and Pasta,371.0,13.56,7.02,65.25,1.69,6.7,0.591,4.2,1.19,0.923,0.2,0.116,159.0,7.61,248.0,3.333,557.0,2.87,0.0,0.0,0.082,0.000525,0.0186999999999999,3
amaranth grain,cooked,Cereal Grains and Pasta,102.0,3.8,1.58,18.69,0.0,2.1,0.113,0.0,0.19,0.235,0.022,0.015,47.0,2.1,65.0,0.854,148.0,0.86,0.0,0.0,0.0,0.000149,0.0055,0
arrowroot flour,No_descr,Cereal Grains and Pasta,357.0,0.3,0.1,88.15,0.0,3.4,0.005,0.0,0.0,0.0,0.0,0.001,40.0,0.33,3.0,0.47,5.0,0.07,0.0,0.0,0.007,4e-05,0.0,3
barley,hulled,Cereal Grains and Pasta,354.0,12.48,2.3,73.48,0.8,17.3,0.318,0.0,0.57,4.604,0.285,0.646,33.0,3.6,133.0,1.943,264.0,2.77,0.001,0.0,0.019,0.000498,0.0377,3
barley,"pearled, raw",Cereal Grains and Pasta,352.0,9.91,1.16,77.72,0.8,15.6,0.26,0.0,0.02,4.604,0.114,0.191,29.0,2.5,79.0,1.322,221.0,2.13,0.001,0.0,0.023,0.0004199999999999,0.0377,3
barley,"pearled, cooked",Cereal Grains and Pasta,123.0,2.26,0.44,28.22,0.28,3.8,0.115,0.0,0.01,2.063,0.062,0.083,11.0,1.33,22.0,0.259,54.0,0.82,0.0,0.0,0.016,0.0001049999999999,0.0086,0
buckwheat,No_descr,Cereal Grains and Pasta,343.0,13.25,3.4,71.5,0.0,10.0,0.21,0.0,0.0,7.02,0.425,0.101,18.0,2.2,231.0,1.3,347.0,2.4,0.0,0.0,0.03,0.0011,0.0083,3
buckwheat groats,"roasted, dry",Cereal Grains and Pasta,346.0,11.73,2.71,74.95,0.0,10.3,0.353,0.0,0.0,5.135,0.271,0.224,17.0,2.47,221.0,1.618,319.0,2.42,0.0,0.0,0.042,0.000624,0.0084,3
buckwheat groats,"roasted, cooked",Cereal Grains and Pasta,92.0,3.38,0.62,19.94,0.9,2.7,0.077,0.0,0.09,0.94,0.039,0.04,7.0,0.8,51.0,0.403,70.0,0.61,0.0,0.0,0.014,0.000146,0.0022,0
buckwheat flour,whole-groat,Cereal Grains and Pasta,335.0,12.62,3.1,70.59,2.6,10.0,0.582,0.0,0.32,6.15,0.19,0.417,41.0,4.06,251.0,2.03,337.0,3.12,0.0,0.0,0.054,0.000515,0.0057,3
bulgur,dry,Cereal Grains and Pasta,342.0,12.29,1.33,75.87,0.41,12.5,0.342,0.0,0.06,5.114,0.115,0.232,35.0,2.46,164.0,3.048,300.0,1.93,0.0,0.0,0.027,0.000335,0.0023,3
bulgur,cooked,Cereal Grains and Pasta,83.0,3.08,0.24,18.58,0.1,4.5,0.083,0.0,0.01,1.0,0.028,0.057,10.0,0.96,32.0,0.609,40.0,0.57,0.0,0.0,0.018,7.5e-05,0.0006,0
corn grain,yellow,Cereal Grains and Pasta,365.0,9.42,4.74,74.26,0.64,7.3,0.622,0.0,0.49,3.627,0.201,0.385,7.0,2.71,127.0,0.485,210.0,2.21,0.011,0.0,0.019,0.000314,0.0155,3
corn bran,crude,Cereal Grains and Pasta,224.0,8.36,0.92,85.64,0.0,79.0,0.152,0.0,0.42,2.735,0.1,0.01,42.0,2.79,64.0,0.14,72.0,1.56,0.004,0.0,0.004,0.000248,0.0165,3
corn flour,"whole-grain, yellow",Cereal Grains and Pasta,361.0,6.93,3.86,76.85,0.64,7.3,0.37,0.0,0.42,1.9,0.08,0.246,7.0,2.38,93.0,0.46,272.0,1.73,0.011,0.0,0.025,0.00023,0.0154,3
corn flour,"masa, enriched, white",Cereal Grains and Pasta,363.0,8.46,3.69,76.59,1.61,6.4,0.475,0.0,0.12,9.932,0.805,1.475,138.0,8.5,93.0,0.376,231.0,1.8,0.0,0.0,0.335,0.0002089999999999,0.0105,3
corn flour,"degermed, unenriched, yellow",Cereal Grains and Pasta,375.0,5.59,1.39,82.75,0.64,1.9,0.097,0.0,0.15,2.656,0.058,0.074,2.0,0.91,18.0,0.056,60.0,0.37,0.011,0.0,0.048,0.0001419999999999,0.008,3
corn flour,"masa, unenriched, white",Cereal Grains and Pasta,363.0,8.46,3.69,76.59,1.61,6.4,0.475,0.0,0.12,1.634,0.097,0.223,138.0,1.47,93.0,0.376,231.0,1.8,0.0,0.0,0.029,0.0002089999999999,0.0105,3
cornmeal,"whole-grain, yellow",Cereal Grains and Pasta,362.0,8.12,3.59,76.89,0.64,7.3,0.304,0.0,0.42,3.632,0.201,0.385,6.0,3.45,127.0,0.498,241.0,1.82,0.011,0.0,0.025,0.000193,0.0155,3
cornmeal,"degermed, enriched, yellow",Cereal Grains and Pasta,370.0,7.11,1.75,79.45,1.61,3.9,0.182,0.0,0.12,4.968,0.382,0.551,3.0,4.36,32.0,0.174,99.0,0.66,0.011,0.0,0.335,7.6e-05,0.0105,3
cornmeal,"self-rising, bolted, plain, enriched, yellow",Cereal Grains and Pasta,334.0,8.28,3.4,70.28,0.0,6.7,0.54,0.0,0.0,5.291,0.4,0.661,361.0,5.76,86.0,0.498,804.0,2.0,0.023,0.0,0.356,0.00015,0.0,3
cornmeal,"self-rising, bolted, with wheat flour added, enriched, yellow",Cereal Grains and Pasta,348.0,8.41,2.85,73.43,0.0,6.3,0.385,0.0,0.0,5.202,0.433,0.713,299.0,4.95,54.0,0.516,651.0,1.39,0.014,0.0,0.402,0.000139,0.0,3
cornmeal,"self-rising, degermed, enriched, yellow",Cereal Grains and Pasta,355.0,8.41,1.72,74.79,0.0,7.1,0.39,0.0,0.0,4.566,0.387,0.678,350.0,4.73,49.0,0.105,623.0,1.0,0.011,0.0,0.374,0.00013,0.0,3
cornstarch,No_descr,Cereal Grains and Pasta,381.0,0.26,0.05,91.27,0.0,0.9,0.0,0.0,0.0,0.0,0.0,0.0,2.0,0.47,3.0,0.053,13.0,0.06,0.0,0.0,0.0,5e-05,0.0028,3
couscous,dry,Cereal Grains and Pasta,376.0,12.76,0.64,77.43,0.0,5.0,0.11,0.0,0.0,3.49,0.078,0.163,24.0,1.08,44.0,0.78,170.0,0.83,0.0,0.0,0.02,0.000247,0.0,3
couscous,cooked,Cereal Grains and Pasta,112.0,3.79,0.16,23.22,0.1,1.4,0.051,0.0,0.13,0.983,0.027,0.063,8.0,0.38,8.0,0.084,22.0,0.26,0.0,0.0,0.015,4.1e-05,0.0275,0
hominy,"canned, white",Cereal Grains and Pasta,72.0,1.48,0.88,14.26,1.82,2.5,0.005,0.0,0.05,0.033,0.006,0.003,10.0,0.62,16.0,0.07,35.0,1.05,0.0,0.0,0.001,3e-05,0.003,0
millet,raw,Cereal Grains and Pasta,378.0,11.02,4.22,72.85,0.0,8.5,0.384,0.0,0.05,4.72,0.29,0.421,8.0,3.01,114.0,1.632,285.0,1.68,0.0,0.0,0.085,0.00075,0.0027,3
millet,cooked,Cereal Grains and Pasta,119.0,3.51,1.0,23.67,0.13,1.3,0.108,0.0,0.02,1.33,0.082,0.106,3.0,0.63,44.0,0.272,100.0,0.91,0.0,0.0,0.019,0.000161,0.0009,0
oat bran,raw,Cereal Grains and Pasta,246.0,17.3,7.03,66.22,1.45,15.4,0.165,0.0,1.01,0.934,0.22,1.17,58.0,5.41,235.0,5.63,734.0,3.11,0.0,0.0,0.052,0.000403,0.0452,3
oat bran,cooked,Cereal Grains and Pasta,40.0,3.21,0.86,11.44,0.0,2.6,0.025,0.0,0.0,0.144,0.034,0.16,10.0,0.88,40.0,0.964,119.0,0.53,0.0,0.0,0.006,6.6e-05,0.0077,0
quinoa,uncooked,Cereal Grains and Pasta,368.0,14.12,6.07,64.16,0.0,7.0,0.487,0.0,2.44,1.52,0.318,0.36,47.0,4.57,197.0,2.033,457.0,3.1,0.001,0.0,0.184,0.0005899999999999,0.0085,3
rice,"brown, long-grain, raw",Cereal Grains and Pasta,370.0,7.94,2.92,77.24,0.85,3.5,0.509,0.0,0.59,5.091,0.093,0.401,23.0,1.47,143.0,3.743,333.0,2.02,0.0,0.0,0.02,0.000277,0.0233999999999999,3
rice,"brown, long-grain, cooked",Cereal Grains and Pasta,111.0,2.58,0.9,22.96,0.35,1.8,0.145,0.0,0.17,1.528,0.025,0.096,10.0,0.42,43.0,0.905,83.0,0.63,0.0,0.0,0.004,0.0001,0.0098,0
oats,No_descr,Cereal Grains and Pasta,389.0,16.89,6.9,66.27,0.0,10.6,0.119,0.0,0.0,0.961,0.139,0.763,54.0,4.72,177.0,4.916,523.0,3.97,0.0,0.0,0.056,0.000626,0.0,3
rice,"brown, medium-grain, raw",Cereal Grains and Pasta,362.0,7.5,2.68,76.17,0.0,3.4,0.509,0.0,0.0,4.308,0.043,0.413,33.0,1.8,143.0,3.743,264.0,2.02,0.0,0.0,0.02,0.000277,0.0,3
rice,"brown, medium-grain, cooked",Cereal Grains and Pasta,112.0,2.32,0.83,23.51,0.0,1.8,0.149,0.0,0.0,1.33,0.012,0.102,10.0,0.53,44.0,1.097,77.0,0.62,0.0,0.0,0.004,8.1e-05,0.0,0
rice,"white, long-grain, regular, raw, enriched",Cereal Grains and Pasta,365.0,7.13,0.66,79.95,0.12,1.3,0.164,0.0,0.11,4.192,0.049,0.576,28.0,4.31,25.0,1.088,115.0,1.09,0.0,0.0,0.387,0.00022,0.0150999999999999,3
rice,"white, long-grain, regular, cooked, enriched",Cereal Grains and Pasta,130.0,2.69,0.28,28.17,0.05,0.4,0.093,0.0,0.04,1.476,0.013,0.163,10.0,1.2,12.0,0.472,43.0,0.49,0.0,0.0,0.097,6.900000000000001e-05,0.0075,0
rice,"white, long-grain, parboiled, enriched, dry",Cereal Grains and Pasta,374.0,7.51,1.03,80.89,0.33,1.8,0.452,0.0,0.03,5.048,0.05,0.603,71.0,3.33,27.0,1.035,153.0,1.02,0.0,0.0,0.431,0.0002839999999999,0.0198999999999999,3
rice,"white, long-grain, parboiled, enriched, cooked",Cereal Grains and Pasta,123.0,2.91,0.37,26.05,0.11,0.9,0.156,0.0,0.01,2.309,0.019,0.212,19.0,1.81,9.0,0.354,55.0,0.37,0.0,0.0,0.136,7.000000000000001e-05,0.0093,0
rice,"white, long-grain, precooked or instant, enriched, dry",Cereal Grains and Pasta,380.0,7.82,0.94,82.32,0.05,1.9,0.122,0.0,0.04,7.005,0.028,0.926,22.0,6.3,14.0,0.985,118.0,1.43,0.0,0.0,0.466,0.000177,0.0372,3
rice,"white, long-grain, precooked or instant, enriched, prepared",Cereal Grains and Pasta,124.0,2.18,0.5,26.76,0.0,0.6,0.05,0.0,0.01,1.737,0.008,0.075,8.0,1.77,5.0,0.343,37.0,0.49,0.0,0.0,0.118,3.7e-05,0.0048,0
rice,"white, medium-grain, raw, enriched",Cereal Grains and Pasta,360.0,6.61,0.58,79.34,0.0,1.4,0.145,0.0,0.11,5.093,0.048,0.578,9.0,4.36,35.0,1.1,108.0,1.16,0.0,0.0,0.386,0.00011,0.0150999999999999,3
rice,"white, medium-grain, cooked",Cereal Grains and Pasta,130.0,2.38,0.21,28.59,0.0,0.3,0.05,0.0,0.0,1.835,0.016,0.167,3.0,1.49,13.0,0.377,37.0,0.42,0.0,0.0,0.097,3.8e-05,0.0075,0
rice,"white, short-grain, raw",Cereal Grains and Pasta,358.0,6.5,0.52,79.15,0.0,2.8,0.171,0.0,0.0,4.113,0.048,0.565,3.0,4.23,23.0,1.037,95.0,1.1,0.0,0.0,0.389,0.0002099999999999,0.0150999999999999,3
rice,"white, short-grain, cooked",Cereal Grains and Pasta,130.0,2.36,0.19,28.73,0.0,0.0,0.059,0.0,0.0,1.493,0.016,0.164,1.0,1.46,8.0,0.357,33.0,0.4,0.0,0.0,0.099,7.199999999999999e-05,0.0075,0
rice,"white, glutinous, raw",Cereal Grains and Pasta,370.0,6.81,0.55,81.68,0.0,2.8,0.107,0.0,0.0,2.145,0.055,0.18,11.0,1.6,23.0,0.974,71.0,1.2,0.0,0.0,0.007,0.000171,0.0150999999999999,3
rice,"white, glutinous, cooked",Cereal Grains and Pasta,97.0,2.02,0.19,21.09,0.05,1.0,0.026,0.0,0.04,0.29,0.013,0.02,2.0,0.14,5.0,0.262,8.0,0.41,0.0,0.0,0.001,4.9000000000000005e-05,0.0056,0
rice,"white, steamed, Chinese restaurant",Cereal Grains and Pasta,151.0,3.2,0.27,33.88,0.0,0.9,0.022,0.0,0.0,0.566,0.015,0.016,5.0,0.39,5.0,0.448,33.0,0.68,0.0,0.0,0.005,4.8e-05,0.0,0
rice bran,crude,Cereal Grains and Pasta,316.0,13.35,20.85,49.69,0.9,21.0,4.07,0.0,4.92,33.995,0.284,2.753,57.0,18.54,781.0,14.21,1677.0,6.04,0.0,0.0,0.063,0.000728,0.0156,3
rice flour,white,Cereal Grains and Pasta,366.0,5.95,1.42,80.13,0.12,2.4,0.436,0.0,0.11,2.59,0.021,0.138,10.0,0.35,35.0,1.2,98.0,0.8,0.0,0.0,0.004,0.00013,0.0150999999999999,3
rye grain,No_descr,Cereal Grains and Pasta,338.0,10.34,1.63,75.86,0.98,15.1,0.294,0.0,0.85,4.27,0.251,0.316,24.0,2.63,110.0,2.577,332.0,2.65,0.001,0.0,0.038,0.000367,0.0139,3
rye flour,dark,Cereal Grains and Pasta,325.0,15.91,2.22,68.63,2.31,23.8,0.443,0.0,2.73,4.27,0.251,0.316,37.0,4.97,160.0,6.062,499.0,5.04,0.001,0.0,0.033,0.00056,0.018,3
rye flour,medium,Cereal Grains and Pasta,349.0,10.88,1.52,75.43,1.1,11.8,0.268,0.0,1.43,1.727,0.114,0.287,24.0,2.54,63.0,2.412,225.0,2.17,0.0,0.0,0.034,0.000331,0.0144,3
rye flour,light,Cereal Grains and Pasta,357.0,9.82,1.33,76.68,0.93,8.0,0.234,0.0,0.83,0.8,0.09,0.331,13.0,0.91,32.0,1.162,130.0,1.33,0.0,0.0,0.023,0.000213,0.0176,3
semolina,enriched,Cereal Grains and Pasta,360.0,12.68,1.05,72.83,0.0,3.9,0.103,0.0,0.26,5.99,0.571,0.811,17.0,4.36,47.0,0.619,136.0,1.05,0.0,0.0,0.261,0.000189,0.0894,3
sorghum grain,No_descr,Cereal Grains and Pasta,329.0,10.62,3.46,72.09,2.53,6.7,0.443,0.0,0.5,3.688,0.096,0.332,13.0,3.36,165.0,1.605,289.0,1.67,0.0,0.0,0.02,0.0002839999999999,0.0121999999999999,3
tapioca,"pearl, dry",Cereal Grains and Pasta,358.0,0.19,0.02,88.69,3.35,0.9,0.008,0.0,0.0,0.0,0.0,0.004,20.0,1.58,1.0,0.11,7.0,0.12,0.0,0.0,0.004,2e-05,0.0008,3
triticale,No_descr,Cereal Grains and Pasta,336.0,13.05,2.09,72.13,0.0,0.0,0.138,0.0,0.9,1.43,0.134,0.416,37.0,2.57,130.0,3.21,358.0,3.45,0.0,0.0,0.073,0.000457,0.0,3
triticale flour,whole-grain,Cereal Grains and Pasta,338.0,13.18,1.81,73.14,0.0,14.6,0.403,0.0,0.9,2.86,0.132,0.378,35.0,2.59,153.0,4.185,321.0,2.66,0.0,0.0,0.074,0.000559,0.0,3
wheat,hard red spring,Cereal Grains and Pasta,329.0,15.4,1.92,68.03,0.41,12.2,0.336,0.0,1.01,5.71,0.11,0.504,25.0,3.6,124.0,4.055,332.0,2.78,0.0,0.0,0.043,0.00041,0.0707,3
wheat,hard red winter,Cereal Grains and Pasta,327.0,12.61,1.54,71.18,0.41,12.2,0.3,0.0,1.01,5.464,0.115,0.383,29.0,3.19,126.0,3.985,288.0,2.65,0.0,0.0,0.038,0.000434,0.0707,3
wheat,soft red winter,Cereal Grains and Pasta,331.0,10.35,1.56,74.24,0.41,12.5,0.272,0.0,1.01,4.8,0.096,0.394,27.0,3.21,126.0,4.391,493.0,2.63,0.0,0.0,0.041,0.00045,0.0,3
wheat,hard white,Cereal Grains and Pasta,342.0,11.31,1.71,75.9,0.41,12.2,0.368,0.0,1.01,4.381,0.108,0.387,32.0,4.56,93.0,3.821,355.0,3.33,0.0,0.0,0.038,0.000363,0.0,3
wheat,soft white,Cereal Grains and Pasta,340.0,10.69,1.99,75.36,0.41,12.7,0.378,0.0,1.01,4.766,0.107,0.41,34.0,5.37,90.0,3.406,402.0,3.46,0.0,0.0,0.041,0.000426,0.0,3
wheat,durum,Cereal Grains and Pasta,339.0,13.68,2.47,71.13,0.0,0.0,0.419,0.0,0.0,6.738,0.121,0.419,34.0,3.52,144.0,3.012,508.0,4.16,0.0,0.0,0.043,0.000553,0.0894,3
wheat bran,crude,Cereal Grains and Pasta,216.0,15.55,4.25,64.51,0.41,42.8,1.303,0.0,1.49,13.578,0.577,0.523,73.0,10.57,611.0,11.5,1013.0,7.27,0.0,0.0,0.079,0.000998,0.0775999999999999,3
wheat germ,crude,Cereal Grains and Pasta,360.0,23.15,9.72,51.8,0.0,13.2,1.3,0.0,0.0,6.813,0.499,1.882,39.0,6.26,239.0,13.301,842.0,12.29,0.0,0.0,0.281,0.000796,0.0792,3
wheat flour,whole-grain,Cereal Grains and Pasta,340.0,13.21,2.5,71.97,0.41,10.7,0.407,0.0,0.71,4.957,0.165,0.502,34.0,3.6,137.0,4.067,357.0,2.6,0.0,0.0,0.044,0.00041,0.0617999999999999,3
wheat flour,"white, all-purpose, enriched, bleached",Cereal Grains and Pasta,364.0,10.33,0.98,76.31,0.27,2.7,0.044,0.0,0.06,5.904,0.494,0.785,15.0,4.64,22.0,0.682,108.0,0.7,0.0,0.0,0.291,0.0001439999999999,0.0339,3
wheat flour,"white, all-purpose, self-rising, enriched",Cereal Grains and Pasta,354.0,9.89,0.97,74.22,0.22,2.7,0.05,0.0,0.05,5.832,0.414,0.674,338.0,4.67,19.0,1.0,595.0,0.62,0.0,0.0,0.307,0.000112,0.0344,3
wheat flour,"white, bread, enriched",Cereal Grains and Pasta,361.0,11.98,1.66,72.53,0.31,2.4,0.037,0.0,0.4,7.554,0.512,0.812,15.0,4.41,25.0,0.792,97.0,0.85,0.0,0.0,0.288,0.000182,0.0397,3
wheat flour,"white, cake, enriched",Cereal Grains and Pasta,362.0,8.2,0.86,78.03,0.31,1.7,0.033,0.0,0.02,6.79,0.43,0.892,14.0,7.32,16.0,0.634,85.0,0.62,0.0,0.0,0.282,0.000139,0.0049,3
wheat flour,"white, tortilla mix, enriched",Cereal Grains and Pasta,405.0,9.66,10.63,67.14,0.0,0.0,0.04,0.0,1.64,5.82,0.493,0.735,205.0,7.05,21.0,0.614,210.0,0.64,0.0,0.0,0.215,0.0001,0.0,3
wheat,sprouted,Cereal Grains and Pasta,198.0,7.49,1.27,42.53,0.0,1.1,0.265,2.6,0.0,3.087,0.155,0.225,28.0,2.14,82.0,1.858,200.0,1.65,0.0,0.0,0.038,0.000261,0.0425,0
wild rice,raw,Cereal Grains and Pasta,357.0,14.73,1.08,74.9,2.5,6.2,0.391,0.0,0.82,6.733,0.262,0.115,21.0,1.96,177.0,1.329,433.0,5.96,0.001,0.0,0.095,0.000524,0.0028,3
wild rice,cooked,Cereal Grains and Pasta,101.0,3.99,0.34,21.34,0.73,1.8,0.135,0.0,0.24,1.287,0.087,0.052,3.0,0.6,32.0,0.282,82.0,1.34,0.0,0.0,0.026,0.000121,0.0008,0
rice flour,brown,Cereal Grains and Pasta,363.0,7.23,2.78,76.48,0.85,4.6,0.736,0.0,1.2,6.34,0.08,0.443,11.0,1.98,112.0,4.013,337.0,2.45,0.0,0.0,0.016,0.00023,0.0,3
pasta,"corn, dry",Cereal Grains and Pasta,357.0,7.46,2.08,79.26,0.0,11.0,0.206,0.0,0.0,2.43,0.087,0.231,4.0,0.93,119.0,0.483,253.0,1.79,0.009,0.0,0.025,0.000202,0.0079,3
pasta,"corn, cooked",Cereal Grains and Pasta,126.0,2.63,0.73,27.91,0.0,4.8,0.058,0.0,0.0,0.556,0.023,0.053,1.0,0.25,36.0,0.153,76.0,0.63,0.003,0.0,0.006,6.4e-05,0.0028,0
pasta,"fresh-refrigerated, plain, as purchased",Cereal Grains and Pasta,288.0,11.31,2.3,54.73,0.0,0.0,0.093,0.0,0.0,3.35,0.439,0.705,15.0,3.35,46.0,0.547,163.0,1.22,0.014,0.00031,0.284,0.000228,0.0,3
pasta,"fresh-refrigerated, plain, cooked",Cereal Grains and Pasta,131.0,5.15,1.05,24.93,0.0,0.0,0.034,0.0,0.0,0.992,0.15,0.209,6.0,1.14,18.0,0.224,63.0,0.56,0.006,0.00014,0.104,9.3e-05,0.0,0
pasta,"fresh-refrigerated, spinach, as purchased",Cereal Grains and Pasta,289.0,11.26,2.1,55.72,0.0,0.0,0.315,0.0,0.0,3.46,0.398,0.609,43.0,3.3,63.0,0.781,148.0,1.4,0.025,0.00031,0.262,0.000197,0.0,3
pasta,"fresh-refrigerated, spinach, cooked",Cereal Grains and Pasta,130.0,5.06,0.94,25.04,0.0,0.0,0.113,0.0,0.0,1.011,0.134,0.178,18.0,1.11,24.0,0.316,57.0,0.63,0.01,0.00014,0.096,8e-05,0.0,0
pasta,"homemade, made with egg, cooked",Cereal Grains and Pasta,130.0,5.28,1.74,23.54,0.0,0.0,0.037,0.0,0.0,1.257,0.174,0.173,10.0,1.16,14.0,0.183,52.0,0.44,0.017,0.0001,0.06,5.6e-05,0.0,0
pasta,"homemade, made without egg, cooked",Cereal Grains and Pasta,124.0,4.37,0.98,25.12,0.0,0.0,0.028,0.0,0.0,1.343,0.148,0.182,6.0,1.13,14.0,0.193,40.0,0.37,0.0,0.0,0.061,6e-05,0.0,0
macaroni,"dry, enriched",Cereal Grains and Pasta,371.0,13.04,1.51,74.67,2.67,3.2,0.142,0.0,0.11,7.177,0.4,0.891,21.0,3.3,53.0,0.917,189.0,1.41,0.0,0.0,0.391,0.000289,0.0632,3
macaroni,"cooked, enriched",Cereal Grains and Pasta,158.0,5.8,0.93,30.86,0.56,1.8,0.049,0.0,0.06,1.689,0.136,0.274,7.0,1.28,18.0,0.322,58.0,0.51,0.0,0.0,0.119,0.0001,0.0264,0
macaroni,"protein-fortified, dry, enriched, (n x 5.70)",Cereal Grains and Pasta,375.0,19.86,2.23,67.56,0.0,2.4,0.178,0.0,0.0,7.654,0.475,1.187,39.0,4.15,65.0,0.91,163.0,1.79,0.0,0.0,0.458,0.000278,0.0,3
macaroni,"protein-fortified, cooked, enriched, (n x 5.70)",Cereal Grains and Pasta,164.0,8.08,0.21,31.66,0.0,0.0,0.064,0.0,0.0,1.837,0.161,0.298,10.0,0.72,30.0,0.417,50.0,0.5,0.0,0.0,0.132,8.400000000000001e-05,0.0,0
macaroni,"vegetable, dry, enriched",Cereal Grains and Pasta,367.0,13.14,1.04,74.88,0.0,4.3,0.129,0.0,0.0,7.328,0.525,1.032,34.0,4.28,46.0,3.846,116.0,0.76,0.008,0.0,0.46,0.0002,0.0,3
macaroni,"vegetable, cooked, enriched",Cereal Grains and Pasta,128.0,4.53,0.11,26.61,1.15,4.3,0.024,0.0,0.21,1.071,0.061,0.112,11.0,0.49,19.0,0.986,50.0,0.44,0.005,0.0,0.106,9.2e-05,0.0198,0
macaroni,"whole-wheat, dry",Cereal Grains and Pasta,348.0,14.63,1.4,75.03,0.0,8.3,0.223,0.0,0.0,5.13,0.143,0.488,40.0,3.63,143.0,3.055,258.0,2.37,0.0,0.0,0.057,0.000454,0.0,3
macaroni,"whole-wheat, cooked",Cereal Grains and Pasta,124.0,5.33,0.54,26.54,0.8,2.8,0.079,0.0,0.3,0.707,0.045,0.108,15.0,1.06,30.0,1.379,89.0,0.81,0.0,0.0,0.005,0.000167,0.0259,0
noodles,"egg, dry, enriched",Cereal Grains and Pasta,384.0,14.16,4.44,71.27,1.88,3.3,0.216,0.0,0.37,8.387,0.426,1.133,35.0,4.01,58.0,0.855,241.0,1.92,0.017,0.00029,0.37,0.000297,0.0788,3
noodles,"egg, cooked, enriched",Cereal Grains and Pasta,138.0,4.54,2.07,25.16,0.4,1.2,0.046,0.0,0.17,2.077,0.136,0.289,12.0,1.47,21.0,0.315,76.0,0.65,0.006,8.999999999999999e-05,0.138,9.8e-05,0.0238999999999999,0
noodles,"egg, spinach, dry, enriched",Cereal Grains and Pasta,382.0,14.61,4.55,70.32,0.0,6.8,0.412,0.0,0.0,6.575,0.477,1.091,56.0,4.2,82.0,1.02,193.0,1.83,0.0,0.0004,0.354,0.000257,0.0,3
noodles,"egg, spinach, cooked, enriched",Cereal Grains and Pasta,132.0,5.04,1.57,24.25,0.71,2.3,0.114,0.0,0.55,1.474,0.123,0.245,19.0,1.09,24.0,0.317,57.0,0.63,0.01,0.00014,0.094,8e-05,0.0218,0
noodles,"chinese, chow mein",Cereal Grains and Pasta,475.0,8.11,15.43,72.8,5.71,3.7,0.11,0.0,2.3,5.95,0.421,0.578,20.0,4.73,52.0,0.0,161.0,1.4,0.0,0.0,0.165,0.000167,0.043,3
noodles,"japanese, soba, dry",Cereal Grains and Pasta,336.0,14.38,0.71,74.62,0.0,0.0,0.24,0.0,0.0,3.21,0.13,0.48,35.0,2.7,95.0,1.291,254.0,1.71,0.0,0.0,0.06,0.00023,0.0,3
noodles,"japanese, soba, cooked",Cereal Grains and Pasta,99.0,5.06,0.1,21.44,0.0,0.0,0.04,0.0,0.0,0.51,0.026,0.094,4.0,0.48,9.0,0.374,25.0,0.12,0.0,0.0,0.007,8e-06,0.0,0
noodles,"japanese, somen, dry",Cereal Grains and Pasta,356.0,11.35,0.81,74.1,0.0,4.3,0.05,0.0,0.0,0.875,0.026,0.101,23.0,1.32,28.0,0.479,80.0,0.45,0.0,0.0,0.014,0.0001439999999999,0.0083,3
noodles,"japanese, somen, cooked",Cereal Grains and Pasta,131.0,4.0,0.18,27.54,0.0,0.0,0.013,0.0,0.0,0.097,0.033,0.02,8.0,0.52,2.0,0.251,27.0,0.22,0.0,0.0,0.002,2.5e-05,0.0,0
noodles,"flat, crunchy, Chinese restaurant",Cereal Grains and Pasta,521.0,10.33,31.72,51.9,0.25,1.9,0.027,0.0,3.29,2.52,0.112,0.195,21.0,1.76,21.0,0.363,87.0,0.63,0.0,0.0,0.017,0.000122,0.0321,3
spaghetti,"dry, enriched",Cereal Grains and Pasta,371.0,13.04,1.51,74.67,2.67,3.2,0.142,0.0,0.11,7.177,0.4,0.891,21.0,3.3,53.0,0.917,189.0,1.41,0.0,0.0,0.391,0.000289,0.0632,3
spaghetti,"cooked, enriched, without added salt",Cereal Grains and Pasta,158.0,5.8,0.93,30.86,0.56,1.8,0.049,0.0,0.06,1.689,0.136,0.274,7.0,1.28,18.0,0.322,58.0,0.51,0.0,0.0,0.119,0.0001,0.0264,0
spaghetti,"protein-fortified, dry, enriched (n x 5.70)",Cereal Grains and Pasta,375.0,19.86,2.23,67.56,0.0,0.0,0.178,0.0,0.0,7.654,0.475,1.187,39.0,4.15,65.0,0.91,163.0,1.79,0.0,0.0,0.458,0.000278,0.0,3
spaghetti,"protein-fortified, cooked, enriched (N x 5.70)",Cereal Grains and Pasta,164.0,8.08,0.21,31.66,0.0,1.7,0.064,0.0,0.0,1.837,0.161,0.298,10.0,0.72,30.0,0.417,50.0,0.5,0.0,0.0,0.132,8.400000000000001e-05,0.0252,0
spaghetti,"whole-wheat, dry",Cereal Grains and Pasta,348.0,14.63,1.4,75.03,0.0,0.0,0.223,0.0,0.0,5.13,0.143,0.488,40.0,3.63,143.0,3.055,258.0,2.37,0.0,0.0,0.057,0.000454,0.073,3
spaghetti,"whole-wheat, cooked",Cereal Grains and Pasta,124.0,5.33,0.54,26.54,0.8,4.5,0.079,0.0,0.3,0.707,0.045,0.108,15.0,1.06,30.0,1.379,89.0,0.81,0.0,0.0,0.005,0.000167,0.0259,0
spaghetti,"spinach, dry",Cereal Grains and Pasta,372.0,13.35,1.57,74.81,2.72,10.6,0.323,0.0,0.74,4.55,0.196,0.373,58.0,2.13,174.0,2.645,332.0,2.76,0.023,0.0,0.048,0.000499,0.0635,3
spaghetti,"spinach, cooked",Cereal Grains and Pasta,130.0,4.58,0.63,26.15,0.0,0.0,0.096,0.0,0.0,1.53,0.103,0.097,30.0,1.04,62.0,1.504,108.0,1.08,0.008,0.0,0.012,0.000205,0.0221,0
wheat flours,"bread, unenriched",Cereal Grains and Pasta,361.0,11.98,1.66,72.53,0.31,2.4,0.037,0.0,0.4,1.0,0.06,0.08,15.0,0.9,25.0,0.792,97.0,0.85,0.0,0.0,0.033,0.000182,0.0397,3
barley flour or meal,No_descr,Cereal Grains and Pasta,345.0,10.5,1.6,74.52,0.8,10.1,0.396,0.0,0.57,6.269,0.114,0.37,32.0,2.68,96.0,1.034,296.0,2.0,0.0,0.0,0.008,0.000343,0.0377,3
barley malt flour,No_descr,Cereal Grains and Pasta,361.0,10.28,1.84,78.3,0.8,7.1,0.655,0.6,0.57,5.636,0.308,0.309,37.0,4.71,97.0,1.193,303.0,2.06,0.001,0.0,0.038,0.00027,0.0377,3
oat flour,partially debranned,Cereal Grains and Pasta,404.0,14.66,9.12,65.7,0.8,6.5,0.125,0.0,0.7,1.474,0.125,0.692,55.0,4.0,144.0,4.019,452.0,3.2,0.0,0.0,0.032,0.000437,0.034,3
rice noodles,dry,Cereal Grains and Pasta,364.0,5.95,0.56,80.18,0.12,1.6,0.015,0.0,0.11,0.221,0.017,0.031,18.0,0.7,12.0,0.498,153.0,0.74,0.0,0.0,0.003,7.8e-05,0.0150999999999999,3
rice noodles,cooked,Cereal Grains and Pasta,108.0,1.79,0.2,24.01,0.03,1.0,0.006,0.0,0.03,0.072,0.004,0.018,4.0,0.14,3.0,0.114,20.0,0.25,0.0,0.0,0.001,3.8e-05,0.0045,0
quinoa,cooked,Cereal Grains and Pasta,120.0,4.4,1.92,21.3,0.87,2.8,0.123,0.0,0.63,0.412,0.11,0.107,17.0,1.49,64.0,0.631,152.0,1.09,0.0,0.0,0.042,0.000192,0.0028,0
wheat,"KAMUT khorasan, uncooked",Cereal Grains and Pasta,337.0,14.54,2.13,70.58,7.84,11.1,0.259,0.0,0.61,6.375,0.184,0.566,22.0,3.77,130.0,2.735,364.0,3.68,0.001,0.0,0.0,0.000506,0.0815,3
wheat,"KAMUT khorasan, cooked",Cereal Grains and Pasta,132.0,5.71,0.83,27.6,3.07,4.3,0.07,0.0,0.24,2.305,0.03,0.095,9.0,1.76,48.0,1.03,147.0,1.84,0.0,0.0,0.011,0.000207,0.0319,0
spelt,uncooked,Cereal Grains and Pasta,338.0,14.57,2.43,70.19,6.82,10.7,0.23,0.0,0.79,6.843,0.113,0.364,27.0,4.44,136.0,2.983,401.0,3.28,0.0,0.0,0.045,0.000511,0.0116999999999999,3
spelt,cooked,Cereal Grains and Pasta,127.0,5.5,0.85,26.44,0.0,3.9,0.08,0.0,0.26,2.57,0.03,0.103,10.0,1.67,49.0,1.091,150.0,1.25,0.0,0.0,0.013,0.000215,0.004,0
teff,uncooked,Cereal Grains and Pasta,367.0,13.3,2.38,73.13,1.84,8.0,0.482,0.0,0.08,3.363,0.27,0.39,180.0,7.63,184.0,9.24,429.0,3.63,0.0,0.0,0.0,0.00081,0.0044,3
teff,cooked,Cereal Grains and Pasta,101.0,3.87,0.65,19.86,0.0,2.8,0.097,0.0,0.0,0.909,0.033,0.183,49.0,2.05,50.0,2.86,120.0,1.11,0.0,0.0,0.018,0.000226,0.0,0
macaroni,"protein-fortified, dry, enriched, (n x 6.25)",Cereal Grains and Pasta,374.0,21.78,2.23,65.65,0.0,2.4,0.178,0.0,0.0,7.654,0.475,1.187,39.0,4.15,65.0,0.91,163.0,1.79,0.0,0.0,0.458,0.000278,0.0,3
macaroni,"protein-fortified, cooked, enriched, (n x 6.25)",Cereal Grains and Pasta,164.0,8.86,0.21,30.88,0.0,1.5,0.064,0.0,0.0,1.837,0.161,0.298,10.0,0.72,30.0,0.417,50.0,0.5,0.0,0.0,0.132,8.400000000000001e-05,0.0,0
noodles,"egg, cooked, enriched, with added salt",Cereal Grains and Pasta,138.0,4.54,2.07,25.16,0.4,1.2,0.046,0.0,0.17,2.077,0.136,0.289,12.0,1.47,21.0,0.315,76.0,0.65,0.006,8.999999999999999e-05,0.138,9.8e-05,0.0238999999999999,0
corn grain,white,Cereal Grains and Pasta,365.0,9.42,4.74,74.26,0.0,0.0,0.622,0.0,0.0,3.627,0.201,0.385,7.0,2.71,127.0,0.485,210.0,2.21,0.0,0.0,0.0,0.000314,0.0155,3
corn flour,"whole-grain, blue (harina de maiz morado)",Cereal Grains and Pasta,364.0,8.75,5.09,73.89,0.0,8.4,0.47,0.0,0.0,2.6,0.23,0.16,5.0,1.74,110.0,0.54,263.0,2.24,0.0,0.0,0.0,0.000154,0.0022,3
corn flour,"whole-grain, white",Cereal Grains and Pasta,361.0,6.93,3.86,76.85,0.64,7.3,0.37,0.0,0.42,1.9,0.08,0.246,7.0,2.38,93.0,0.46,272.0,1.73,0.0,0.0,0.025,0.00023,0.0154,3
corn flour,"masa, enriched, yellow",Cereal Grains and Pasta,363.0,8.46,3.69,76.59,0.0,6.4,0.475,0.0,0.0,9.932,0.805,1.475,138.0,8.5,93.0,0.376,231.0,1.8,0.011,0.0,0.335,0.0002089999999999,0.0105,3
cornmeal,"whole-grain, white",Cereal Grains and Pasta,362.0,8.12,3.59,76.89,0.64,7.3,0.304,0.0,0.42,3.632,0.201,0.385,6.0,3.45,127.0,0.498,241.0,1.82,0.0,0.0,0.025,0.000193,0.0155,3
spaghetti,"cooked, enriched, with added salt",Cereal Grains and Pasta,157.0,5.8,0.93,30.59,0.56,1.8,0.049,0.0,0.06,1.689,0.136,0.274,7.0,1.28,18.0,0.322,58.0,0.51,0.0,0.0,0.119,0.0001,0.0264,0
cornmeal,"degermed, enriched, white",Cereal Grains and Pasta,370.0,7.11,1.75,79.45,1.61,3.9,0.182,0.0,0.12,4.968,0.382,0.551,3.0,4.36,32.0,0.174,99.0,0.66,0.0,0.0,0.335,7.6e-05,0.0105,3
cornmeal,"self-rising, bolted, plain, enriched, white",Cereal Grains and Pasta,334.0,8.28,3.4,70.28,0.0,6.7,0.54,0.0,0.0,5.291,0.4,0.661,361.0,5.76,86.0,0.0,804.0,2.0,0.0,0.0,0.356,0.00015,0.0,3
cornmeal,"self-rising, bolted, with wheat flour added, enriched, white",Cereal Grains and Pasta,348.0,8.41,2.85,73.43,0.0,6.3,0.385,0.0,0.0,5.202,0.433,0.713,299.0,4.95,54.0,0.0,651.0,1.39,0.0,0.0,0.402,0.000139,0.0,3
cornmeal,"self-rising, degermed, enriched, white",Cereal Grains and Pasta,355.0,8.41,1.72,74.79,0.0,7.1,0.39,0.0,0.0,4.566,0.387,0.678,350.0,4.73,49.0,0.0,623.0,1.0,0.0,0.0,0.375,0.00013,0.0,3
hominy,"canned, yellow",Cereal Grains and Pasta,72.0,1.48,0.88,14.26,0.0,2.5,0.005,0.0,0.0,0.033,0.006,0.003,10.0,0.62,16.0,0.07,35.0,1.05,0.0,0.0,0.001,3e-05,0.003,0
rice,"white, long-grain, regular, cooked, enriched, with salt",Cereal Grains and Pasta,130.0,2.69,0.28,28.17,0.05,0.4,0.093,0.0,0.04,1.476,0.013,0.163,10.0,1.2,12.0,0.472,43.0,0.49,0.0,0.0,0.097,6.900000000000001e-05,0.0075,0
wheat flour,"white, all-purpose, enriched, calcium-fortified",Cereal Grains and Pasta,364.0,10.33,0.98,76.31,0.0,2.7,0.044,0.0,0.06,5.904,0.494,0.785,252.0,4.64,22.0,0.682,108.0,0.7,0.0,0.0,0.291,0.0001439999999999,0.0,3
macaroni,"cooked, unenriched",Cereal Grains and Pasta,158.0,5.8,0.93,30.86,0.56,1.8,0.049,0.0,0.06,0.4,0.02,0.02,7.0,0.5,18.0,0.322,58.0,0.51,0.0,0.0,0.007,0.0001,0.0264,0
noodles,"egg, dry, unenriched",Cereal Grains and Pasta,384.0,14.16,4.44,71.27,1.88,3.3,0.216,0.0,0.37,2.1,0.09,0.17,35.0,1.9,58.0,0.855,241.0,1.92,0.017,0.00029,0.029,0.000297,0.0788,3
noodles,"egg, cooked, unenriched, without added salt",Cereal Grains and Pasta,138.0,4.54,2.07,25.16,0.4,1.2,0.046,0.0,0.17,0.4,0.02,0.03,12.0,0.6,21.0,0.315,76.0,0.65,0.006,8.999999999999999e-05,0.007,9.8e-05,0.0238999999999999,0
spaghetti,"dry, unenriched",Cereal Grains and Pasta,371.0,13.04,1.51,74.67,2.67,3.2,0.142,0.0,0.11,1.7,0.06,0.09,21.0,1.3,53.0,0.917,189.0,1.41,0.0,0.0,0.018,0.000289,0.0632,3
spaghetti,"cooked, unenriched, without added salt",Cereal Grains and Pasta,158.0,5.8,0.93,30.86,0.56,1.8,0.049,0.0,0.06,0.4,0.02,0.02,7.0,1.28,18.0,0.322,58.0,0.51,0.0,0.0,0.007,0.0001,0.0264,0
cornmeal,"degermed, unenriched, yellow",Cereal Grains and Pasta,370.0,7.11,1.75,79.45,1.61,3.9,0.182,0.0,0.12,1.0,0.05,0.14,3.0,1.1,32.0,0.174,99.0,0.66,0.011,0.0,0.03,7.6e-05,0.0105,3
rice,"white, long-grain, regular, raw, unenriched",Cereal Grains and Pasta,365.0,7.13,0.66,79.95,0.12,1.3,0.164,0.0,0.11,1.6,0.049,0.07,28.0,0.8,25.0,1.088,115.0,1.09,0.0,0.0,0.008,0.00022,0.0150999999999999,3
rice,"white, long-grain, regular, cooked, unenriched, without salt",Cereal Grains and Pasta,130.0,2.69,0.28,28.17,0.05,0.4,0.093,0.0,0.04,0.4,0.013,0.02,10.0,0.2,12.0,0.472,43.0,0.49,0.0,0.0,0.003,6.900000000000001e-05,0.0075,0
rice,"white, long-grain, parboiled, unenriched, dry",Cereal Grains and Pasta,374.0,7.51,1.03,80.89,0.33,1.8,0.452,0.0,0.03,5.048,0.05,0.224,71.0,0.74,27.0,1.035,153.0,1.02,0.0,0.0,0.008,0.0002839999999999,0.0198999999999999,3
rice,"white, long-grain, parboiled, unenriched, cooked",Cereal Grains and Pasta,123.0,2.91,0.37,26.05,0.11,0.9,0.156,0.0,0.01,2.309,0.019,0.074,19.0,0.24,9.0,0.354,55.0,0.37,0.0,0.0,0.003,7.000000000000001e-05,0.0093,0
rice,"white, medium-grain, raw, unenriched",Cereal Grains and Pasta,360.0,6.61,0.58,79.34,0.0,0.0,0.145,0.0,0.0,1.6,0.048,0.07,9.0,0.8,35.0,1.1,108.0,1.16,0.0,0.0,0.009,0.00011,0.0,3
rice,"white, medium-grain, cooked, unenriched",Cereal Grains and Pasta,130.0,2.38,0.21,28.59,0.0,0.0,0.05,0.0,0.0,0.4,0.016,0.02,3.0,0.2,13.0,0.377,37.0,0.42,0.0,0.0,0.002,3.8e-05,0.0,0
rice,"white, short-grain, raw, unenriched",Cereal Grains and Pasta,358.0,6.5,0.52,79.15,0.0,0.0,0.171,0.0,0.0,1.6,0.048,0.07,3.0,0.8,23.0,1.037,95.0,1.1,0.0,0.0,0.006,0.0002099999999999,0.0,3
rice,"white, short-grain, cooked, unenriched",Cereal Grains and Pasta,130.0,2.36,0.19,28.73,0.0,0.0,0.059,0.0,0.0,0.4,0.016,0.02,1.0,0.2,8.0,0.357,33.0,0.4,0.0,0.0,0.002,7.199999999999999e-05,0.0,0
semolina,unenriched,Cereal Grains and Pasta,360.0,12.68,1.05,72.83,0.0,3.9,0.103,0.0,0.0,3.31,0.08,0.28,17.0,1.23,47.0,0.619,136.0,1.05,0.0,0.0,0.072,0.000189,0.0,3
wheat flour,"white, all-purpose, unenriched",Cereal Grains and Pasta,364.0,10.33,0.98,76.31,0.27,2.7,0.044,0.0,0.06,1.25,0.04,0.12,15.0,1.17,22.0,0.682,108.0,0.7,0.0,0.0,0.026,0.0001439999999999,0.0339,3
macaroni,"dry, unenriched",Cereal Grains and Pasta,371.0,13.04,1.51,74.67,2.67,3.2,0.142,0.0,0.11,1.7,0.06,0.09,21.0,1.3,53.0,0.917,189.0,1.41,0.0,0.0,0.018,0.000289,0.0632,3
noodles,"egg, cooked, unenriched, with added salt",Cereal Grains and Pasta,138.0,4.54,2.07,25.16,0.4,1.2,0.046,0.0,0.17,0.4,0.02,0.03,12.0,0.6,21.0,0.315,76.0,0.65,0.006,8.999999999999999e-05,0.007,9.8e-05,0.0238999999999999,0
spaghetti,"cooked, unenriched, with added salt",Cereal Grains and Pasta,157.0,5.8,0.93,30.59,0.56,1.8,0.049,0.0,0.06,0.4,0.02,0.02,7.0,0.5,18.0,0.322,58.0,0.51,0.0,0.0,0.007,0.0001,0.0264,0
cornmeal,"degermed, unenriched, white",Cereal Grains and Pasta,370.0,7.11,1.75,79.45,1.61,3.9,0.182,0.0,0.12,1.0,0.05,0.14,3.0,1.1,32.0,0.174,99.0,0.66,0.0,0.0,0.03,7.6e-05,0.0105,3
spaghetti,"protein-fortified, cooked, enriched (n x 6.25)",Cereal Grains and Pasta,164.0,8.86,0.21,30.88,0.0,2.0,0.064,0.0,0.0,1.837,0.161,0.298,10.0,0.72,30.0,0.417,50.0,0.5,0.0,0.0,0.132,8.400000000000001e-05,0.0252,0
rice,"white, long-grain, regular, cooked, unenriched, with salt",Cereal Grains and Pasta,130.0,2.69,0.28,28.17,0.05,0.4,0.093,0.0,0.04,0.4,0.013,0.02,10.0,0.2,12.0,0.472,43.0,0.49,0.0,0.0,0.003,6.900000000000001e-05,0.0075,0
wheat flour,"white, all-purpose, enriched, unbleached",Cereal Grains and Pasta,364.0,10.33,0.98,76.31,0.27,2.7,0.044,0.0,0.23,5.904,0.494,0.785,15.0,4.64,22.0,0.682,108.0,0.7,0.0,0.0,0.291,0.0001439999999999,0.0339,3
spaghetti,"protein-fortified, dry, enriched (n x 6.25)",Cereal Grains and Pasta,374.0,21.78,2.23,65.65,0.0,2.4,0.178,0.0,0.0,7.654,0.475,1.187,39.0,4.15,65.0,0.91,163.0,1.79,0.0,0.0,0.458,0.000278,0.0,3
wheat flour,"white (industrial), 9% protein, bleached, enriched",Cereal Grains and Pasta,367.0,8.89,1.43,77.32,0.54,0.0,0.037,0.0,0.05,5.953,0.445,0.736,20.0,5.06,20.0,0.628,85.0,0.94,0.0,0.0,0.268,0.000165,0.0114,3
wheat flour,"white (industrial), 9% protein, bleached, unenriched",Cereal Grains and Pasta,367.0,8.89,1.43,77.32,0.54,2.4,0.037,0.0,0.05,1.198,0.072,0.194,20.0,1.26,20.0,0.628,85.0,0.94,0.0,0.0,0.031,0.000165,0.0114,3
wheat flour,"white (industrial), 10% protein, bleached, enriched",Cereal Grains and Pasta,366.0,9.71,1.48,76.22,0.49,2.4,0.037,0.0,0.05,5.953,0.445,0.736,20.0,5.06,25.0,0.818,107.0,1.02,0.0,0.0,0.268,0.000188,0.0146,3
wheat flour,"white (industrial), 10% protein, bleached, unenriched",Cereal Grains and Pasta,366.0,9.71,1.48,76.22,0.49,2.4,0.037,0.0,0.05,1.198,0.072,0.194,20.0,1.26,25.0,0.818,107.0,1.02,0.0,0.0,0.031,0.000188,0.0146,3
wheat flour,"white (industrial), 10% protein, unbleached, enriched",Cereal Grains and Pasta,366.0,9.71,1.48,76.22,0.49,2.4,0.037,0.0,0.38,5.953,0.445,0.736,20.0,5.06,25.0,0.818,107.0,1.02,0.0,0.0,0.268,0.000188,0.0146,3
wheat flour,"white (industrial), 11.5% protein, bleached, enriched",Cereal Grains and Pasta,363.0,11.5,1.45,73.81,1.12,2.4,0.032,0.0,0.05,5.953,0.445,0.736,20.0,5.06,30.0,0.679,112.0,0.84,0.0,0.0,0.268,0.000161,0.0275,3
wheat flour,"white (industrial), 11.5% protein, bleached, unenriched",Cereal Grains and Pasta,363.0,11.5,1.45,73.81,1.12,2.4,0.032,0.0,0.05,1.198,0.072,0.194,20.0,1.26,30.0,0.679,112.0,0.84,0.0,0.0,0.031,0.000161,0.0275,3
wheat flour,"white (industrial), 11.5% protein, unbleached, enriched",Cereal Grains and Pasta,363.0,11.5,1.45,73.81,1.12,2.4,0.032,0.0,0.38,5.953,0.445,0.736,20.0,5.06,30.0,0.679,112.0,0.84,0.0,0.0,0.268,0.000161,0.0275,3
wheat flour,"white (industrial), 13% protein, bleached, enriched",Cereal Grains and Pasta,362.0,13.07,1.38,72.2,1.1,2.4,0.045,0.0,0.05,5.953,0.445,0.736,24.0,5.06,35.0,0.624,119.0,1.6,0.0,0.0,0.268,0.000187,0.0261999999999999,3
wheat flour,"white (industrial), 13% protein, bleached, unenriched",Cereal Grains and Pasta,362.0,13.07,1.38,72.2,1.1,2.4,0.045,0.0,0.05,1.198,0.072,0.194,24.0,1.26,35.0,0.624,119.0,1.6,0.0,0.0,0.031,0.000187,0.0261999999999999,3
wheat flour,"white (industrial), 15% protein, bleached, enriched",Cereal Grains and Pasta,362.0,15.33,1.41,69.88,0.92,2.4,0.045,0.0,0.05,5.953,0.445,0.736,17.0,5.06,38.0,0.569,128.0,1.16,0.0,0.0,0.268,0.000195,0.0281,3
wheat flour,"white (industrial), 15% protein, bleached, unenriched",Cereal Grains and Pasta,362.0,15.33,1.41,69.88,0.92,2.4,0.045,0.0,0.05,1.198,0.072,0.194,17.0,1.26,38.0,0.569,128.0,1.16,0.0,0.0,0.031,0.000195,0.0281,3
millet flour,No_descr,Cereal Grains and Pasta,382.0,10.75,4.25,75.12,1.66,3.5,0.372,0.0,0.11,6.02,0.073,0.413,14.0,3.94,119.0,1.002,285.0,2.63,0.0,0.0,0.042,0.000535,0.0327,3
sorghum flour,whole-grain,Cereal Grains and Pasta,359.0,8.43,3.34,76.64,1.94,6.6,0.325,0.8,0.5,4.496,0.061,0.329,12.0,3.14,123.0,1.258,278.0,1.63,0.0,0.0,0.025,0.000253,0.0121999999999999,3
wheat flour,"whole-grain, soft wheat",Cereal Grains and Pasta,332.0,9.61,1.95,74.48,1.02,13.1,0.191,0.0,0.53,5.347,0.188,0.297,33.0,3.71,117.0,3.399,323.0,2.96,0.0,0.0,0.028,0.000475,0.0127,3
sorghum flour,"refined, unenriched",Cereal Grains and Pasta,357.0,9.53,1.24,76.85,0.0,1.9,0.068,0.6,0.0,1.329,0.005,0.09,6.0,0.97,31.0,0.43,87.0,0.47,0.0,0.0,0.0,8.999999999999999e-06,0.0,3
fast foods,"biscuit, with egg",Fast Foods,274.0,8.53,16.23,23.46,0.0,0.6,0.082,0.1,0.0,1.583,0.358,0.223,60.0,2.13,14.0,0.192,285.0,0.73,0.132,0.00046,0.059,4.5e-05,0.0201,0
fast foods,"biscuit, with egg and bacon",Fast Foods,305.0,11.33,20.73,19.06,2.19,0.5,0.09,1.8,1.34,1.6,0.15,0.09,126.0,2.49,16.0,0.186,159.0,1.09,0.063,0.00069,0.054,7.5e-05,0.0206,2
fast foods,"biscuit, with egg and ham",Fast Foods,233.0,10.64,14.08,16.37,2.2,0.4,0.14,0.0,1.1,1.04,0.31,0.35,115.0,2.37,16.0,0.159,165.0,1.16,0.06,0.00062,0.046,7.199999999999999e-05,0.0192,2
fast foods,"biscuit, with egg and sausage",Fast Foods,312.0,11.13,20.77,21.05,0.95,0.2,0.068,0.0,0.95,2.467,0.263,0.282,51.0,1.9,13.0,0.138,312.0,0.9,0.043,0.00075,0.066,0.000244,0.0226,2
fast foods,biscuit with egg and steak,Fast Foods,277.0,12.12,19.21,14.37,0.0,0.0,0.12,0.1,0.0,2.07,0.35,0.24,93.0,3.58,17.0,0.165,152.0,1.89,0.139,0.00095,0.051,7.199999999999999e-05,0.0212,2
fast foods,"biscuit, with egg, cheese, and bacon",Fast Foods,301.0,12.01,17.48,24.44,1.74,0.2,0.113,0.0,1.02,2.35,0.247,0.269,103.0,1.57,15.0,0.136,363.0,1.09,0.077,0.00086,0.075,0.000273,0.0233,2
fast foods,"biscuit, with ham",Fast Foods,342.0,11.85,16.3,38.75,1.97,0.7,0.12,0.1,1.23,3.08,0.28,0.45,142.0,2.41,20.0,0.32,490.0,1.46,0.027,3e-05,0.053,3.2e-05,0.0171,2
fast foods,"biscuit, with sausage",Fast Foods,371.0,9.67,24.42,29.99,1.59,0.4,0.063,0.0,0.84,3.445,0.217,0.385,47.0,1.86,13.0,0.179,341.0,0.71,0.001,0.0006,0.075,0.000255,0.015,2
fast foods,"croissant, with egg and cheese",Fast Foods,304.0,10.07,19.45,22.45,0.0,0.0,0.08,0.1,0.0,1.19,0.3,0.15,192.0,1.73,17.0,0.178,274.0,1.38,0.0,0.00061,0.043,7.199999999999999e-05,0.0193,2
fast foods,"croissant, with egg, cheese, and bacon",Fast Foods,320.0,12.58,21.98,18.33,0.0,0.0,0.09,1.7,0.0,1.7,0.26,0.27,117.0,1.7,18.0,0.172,214.0,1.47,0.11,0.00067,0.041,7.7e-05,0.019,2
fast foods,"croissant, with egg, cheese, and ham",Fast Foods,296.0,12.45,22.09,11.84,0.0,0.0,0.15,7.5,0.0,2.1,0.2,0.34,95.0,1.4,17.0,0.145,221.0,1.43,0.086,0.00066,0.034,8.3e-05,0.0179,2
fast foods,"croissant, with egg, cheese, and sausage",Fast Foods,308.0,12.09,21.78,15.9,3.12,1.8,0.159,0.1,1.54,2.754,0.37,0.237,90.0,1.65,17.0,0.184,138.0,1.14,0.173,0.00051,0.074,7.000000000000001e-05,0.0248,2
fast foods,"egg, scrambled",Fast Foods,212.0,13.84,16.18,2.08,1.64,0.0,0.19,3.3,0.96,0.21,0.52,0.08,57.0,2.59,14.0,0.043,242.0,1.66,0.176,0.00101,0.029,6.7e-05,0.0225,2
fast foods,"english muffin, with butter",Fast Foods,300.0,7.73,9.14,48.19,0.0,0.0,0.06,1.2,0.2,4.15,0.5,0.4,163.0,2.52,21.0,0.332,135.0,0.67,0.05,3e-05,0.134,0.000102,0.0186,3
fast foods,"english muffin, with cheese and sausage",Fast Foods,338.0,13.28,20.67,25.28,1.98,0.5,0.086,0.0,0.58,4.217,0.197,0.481,210.0,3.14,21.0,0.284,168.0,1.19,0.056,0.00079,0.075,0.000252,0.0253,2
fast foods,"english muffin, with egg, cheese, and canadian bacon",Fast Foods,228.0,13.64,9.66,21.67,2.13,0.4,0.071,1.1,0.91,3.187,0.293,0.378,192.0,2.3,20.0,0.235,200.0,1.29,0.098,0.00081,0.107,8.400000000000001e-05,0.0303,2
fast foods,"english muffin, with egg, cheese, and sausage",Fast Foods,286.0,13.38,18.1,17.44,1.49,0.2,0.073,0.0,0.94,3.192,0.27,0.39,168.0,2.63,17.0,0.192,180.0,1.0,0.07,0.00095,0.086,0.000211,0.0292,2
fast foods,french toast with butter,Fast Foods,264.0,7.66,13.9,26.7,0.0,0.0,0.04,0.1,0.0,2.9,0.37,0.43,54.0,1.4,12.0,0.155,108.0,0.44,0.101,0.00027,0.076,4.8e-05,0.0155,0
fast foods,french toast sticks,Fast Foods,340.0,6.0,17.74,41.21,9.89,1.4,0.053,0.0,0.88,2.575,0.175,0.284,53.0,1.92,19.0,0.39,87.0,0.51,0.0,0.0,0.212,8.5e-05,0.0121999999999999,3
fast foods,"potatoes, hash browns, round pieces or patty",Fast Foods,272.0,2.58,17.04,28.88,0.56,2.7,0.186,5.4,2.62,1.838,0.038,0.137,19.0,0.6,21.0,0.158,98.0,0.36,0.0,0.0,0.012,0.0001,0.0004,0
fast foods,brownie,Fast Foods,405.0,4.57,16.84,64.95,0.0,0.0,0.04,5.3,0.0,0.97,0.21,0.12,42.0,2.15,27.0,0.181,146.0,0.92,0.005,0.00026,0.044,0.0,0.0063,3
fast foods,"vanilla, light, soft-serve ice cream, with cone",Fast Foods,163.0,4.24,4.86,26.36,19.49,0.1,0.054,0.9,0.03,0.498,0.246,0.043,129.0,0.35,13.0,0.038,111.0,0.5,0.027,0.00058,0.018,2.3e-05,0.0037,0
fast foods,"cookies, animal crackers",Fast Foods,446.0,6.18,13.43,75.33,0.0,0.0,0.03,1.2,0.47,3.67,0.36,0.37,17.0,2.2,16.0,0.487,96.0,0.45,0.01,7.000000000000001e-05,0.183,7.6e-05,0.007,3
fast foods,"cookies, chocolate chip",Fast Foods,423.0,5.25,22.08,65.86,0.0,0.0,0.05,1.0,0.67,2.53,0.35,0.16,36.0,2.68,30.0,0.431,95.0,0.61,0.02,0.00019,0.082,0.000335,0.006,3
fast foods,"sundae, caramel",Fast Foods,196.0,4.71,5.98,31.81,0.0,0.0,0.03,2.2,0.58,0.61,0.19,0.04,122.0,0.14,18.0,0.06,140.0,0.53,0.045,0.00039,0.008,5.3e-05,0.0032,0
fast foods,"sundae, hot fudge",Fast Foods,180.0,3.57,5.46,30.17,0.0,0.0,0.08,1.5,0.42,0.68,0.19,0.04,131.0,0.37,21.0,0.08,144.0,0.6,0.037,0.00041,0.006,8.2e-05,0.0033,0
fast foods,"sundae, strawberry",Fast Foods,175.0,4.09,5.13,29.18,0.0,0.0,0.05,1.3,0.51,0.59,0.18,0.04,105.0,0.21,16.0,0.11,101.0,0.43,0.037,0.0004199999999999,0.012,5e-05,0.0029,0
fast foods,"chicken, breaded and fried, dark meat (drumstick or thigh)",Fast Foods,291.0,20.32,18.04,10.61,0.0,0.0,0.22,0.0,0.0,4.87,0.29,0.09,24.0,1.08,25.0,0.086,162.0,2.19,0.045,0.00056,0.025,8e-05,0.0237,2
fast foods,"chicken, breaded and fried, light meat (breast or wing)",Fast Foods,303.0,21.91,18.11,12.01,0.0,0.0,0.35,0.0,0.0,7.35,0.18,0.09,37.0,0.91,23.0,0.095,188.0,0.95,0.035,0.00041,0.027,6.2e-05,0.0217,2
fast foods,chili con carne,Fast Foods,101.0,9.73,3.27,8.67,0.0,0.0,0.13,0.6,0.0,0.98,0.45,0.05,27.0,2.05,18.0,0.157,78.0,1.41,0.033,0.00045,0.022,0.000235,0.0174,0
fast foods,"clams, breaded and fried",Fast Foods,392.0,11.15,22.96,33.75,0.0,0.0,0.03,0.0,0.0,2.49,0.23,0.18,18.0,2.65,27.0,0.268,207.0,1.42,0.032,0.0009599999999999,0.057,8.3e-05,0.0083,2
entrees,crab cake,Fast Foods,266.0,18.75,17.25,8.52,0.0,0.4,0.249,0.3,0.0,1.943,0.125,0.092,337.0,1.86,42.0,0.47,378.0,3.54,0.155,0.00733,0.059,0.00061,0.0421,2
entrees,"fish fillet, battered or breaded, and fried",Fast Foods,232.0,14.66,12.29,16.97,0.0,0.5,0.102,0.0,0.0,2.102,0.106,0.109,18.0,2.11,24.0,0.185,171.0,0.44,0.011,0.00111,0.02,4.5e-05,0.0091,2
fast foods,"oysters, battered or breaded, and fried",Fast Foods,265.0,9.02,12.9,28.69,0.0,0.0,0.02,3.0,0.0,3.18,0.25,0.22,20.0,3.21,17.0,0.305,141.0,11.25,0.078,0.00073,0.031,0.0005729999999999,0.0663,0
fast foods,"salad, vegetable, tossed, without dressing",Fast Foods,16.0,1.25,0.07,3.22,0.0,0.0,0.08,23.2,0.0,0.55,0.05,0.03,13.0,0.63,11.0,0.147,39.0,0.21,0.057,0.0,0.037,5e-05,0.0004,0
fast foods,"salad, vegetable, tossed, without dressing, with cheese and egg",Fast Foods,47.0,4.04,2.67,2.19,0.0,0.0,0.05,4.5,0.0,0.45,0.08,0.04,46.0,0.31,11.0,0.126,61.0,0.46,0.048,0.00014,0.039,4.1e-05,0.0034,0
fast foods,"salad, vegetable, tossed, without dressing, with chicken",Fast Foods,48.0,8.0,1.0,1.71,0.0,0.0,0.2,8.0,0.0,2.7,0.06,0.05,17.0,0.5,15.0,0.114,78.0,0.41,0.024,8.999999999999999e-05,0.031,4.3e-05,0.0070999999999999,0
fast foods,"salad, vegetable, tossed, without dressing, with pasta and seafood",Fast Foods,91.0,3.94,5.0,7.67,0.0,0.0,0.08,9.2,0.0,0.85,0.05,0.07,17.0,0.76,12.0,0.16,49.0,0.4,0.076,0.00041,0.06,8.7e-05,0.0107,0
fast foods,"salad, vegetable, tossed, without dressing, with shrimp",Fast Foods,45.0,6.15,1.05,2.8,0.0,0.0,0.06,3.9,0.0,0.49,0.07,0.05,25.0,0.38,16.0,0.06,68.0,0.54,0.017,0.0016,0.037,6.8e-05,0.0162,0
fast foods,"salad, vegetables tossed, without dressing, with turkey, ham and cheese",Fast Foods,82.0,7.98,4.93,1.45,0.0,0.0,0.13,5.0,0.0,1.83,0.12,0.12,72.0,0.6,15.0,0.11,123.0,0.96,0.045,0.00026,0.031,5.1e-05,0.0113,0
fast foods,"scallops, breaded and fried",Fast Foods,268.0,10.94,13.47,26.73,0.0,0.0,0.05,0.0,0.0,0.0,0.59,0.14,13.0,1.42,22.0,0.207,203.0,0.75,0.029,0.0003,0.043,0.00015,0.027,2
fast foods,"shrimp, breaded and fried",Fast Foods,308.0,7.84,18.9,27.99,0.1,0.7,0.06,0.0,2.52,1.24,0.02,0.06,29.0,0.86,16.0,0.172,185.0,0.58,0.032,0.00053,0.062,9.7e-05,0.0096999999999999,2
fast foods,"burrito, with beans",Fast Foods,206.0,6.48,6.22,32.92,0.0,0.0,0.14,0.9,0.0,1.87,0.28,0.29,52.0,2.08,40.0,0.4,45.0,0.7,0.0,0.0005,0.0,0.000174,0.0101,0
fast foods,"burrito, with beans and cheese",Fast Foods,205.0,7.35,6.05,31.23,1.73,4.2,0.1,0.4,0.54,2.02,0.1,0.19,124.0,2.37,34.0,0.456,163.0,0.86,0.025,0.00016,0.128,0.000164,0.0116999999999999,0
fast foods,"burrito, with beans and chili peppers",Fast Foods,202.0,8.03,7.19,28.47,0.0,0.0,0.14,0.6,0.0,2.15,0.35,0.22,49.0,2.23,35.0,0.384,56.0,1.67,0.005,0.00057,0.067,0.000163,0.009,0
fast foods,"burrito, with beans and beef",Fast Foods,191.0,11.52,7.47,19.52,2.19,3.0,0.197,1.9,0.45,2.184,0.115,0.173,90.0,1.91,25.0,0.247,163.0,1.99,0.017,0.00068,0.09,0.00011,0.0124,0
fast foods,"burrito, with beans, cheese, and beef",Fast Foods,180.0,7.03,6.8,23.37,2.1,3.7,0.097,1.3,0.28,2.09,0.223,0.213,90.0,1.82,23.0,0.298,131.0,0.88,0.052,0.00027,0.067,0.000106,0.0107,0
fast foods,"burrito, with beans, cheese, and chili peppers",Fast Foods,197.0,9.91,6.84,25.35,0.0,0.0,0.12,2.0,0.0,2.29,0.36,0.16,86.0,2.29,29.0,0.242,85.0,1.81,0.055,0.0005899999999999,0.053,0.000175,0.0132,0
fast foods,"burrito, with beef",Fast Foods,238.0,12.09,9.46,26.6,0.0,0.0,0.14,0.5,0.0,2.93,0.42,0.11,38.0,2.77,37.0,0.357,79.0,2.15,0.006,0.00089,0.088,0.000186,0.0167,2
fast foods,"burrito, with beef and chili peppers",Fast Foods,212.0,10.7,8.23,24.6,0.0,0.0,0.15,0.8,0.0,2.53,0.4,0.2,43.0,2.21,30.0,0.371,70.0,2.15,0.012,0.00064,0.069,0.000157,0.0119,0
fast foods,"burrito, with beef, cheese, and chili peppers",Fast Foods,208.0,13.46,8.15,20.96,0.0,0.0,0.12,1.2,0.0,2.74,0.41,0.2,73.0,2.57,23.0,0.2,104.0,2.6,0.065,0.00068,0.065,0.0001189999999999,0.011,2
fast foods,"burrito, with fruit (apple or cherry)",Fast Foods,312.0,3.38,12.87,47.27,0.0,0.0,0.1,1.0,0.0,2.51,0.24,0.23,21.0,1.45,10.0,0.175,20.0,0.54,0.028,0.00069,0.053,0.00011,0.0093,0
fast foods,"chimichanga, with beef",Fast Foods,244.0,11.27,11.31,24.6,0.0,0.0,0.16,2.7,0.0,3.32,0.37,0.28,36.0,2.61,36.0,0.32,71.0,2.85,0.004,0.00087,0.069,0.000243,0.0136,2
fast foods,"chimichanga, with beef and cheese",Fast Foods,242.0,10.96,12.81,21.49,0.0,0.0,0.12,1.5,0.0,2.55,0.47,0.21,130.0,2.1,33.0,0.267,102.0,1.84,0.072,0.0007099999999999,0.072,0.000192,0.0126,2
fast foods,"chimichanga, with beef and red chili peppers",Fast Foods,223.0,9.53,10.07,24.09,0.0,0.0,0.12,0.2,0.0,2.81,0.35,0.15,37.0,2.2,34.0,0.324,59.0,1.59,0.007,0.00057,0.069,0.000145,0.0128,0
fast foods,"chimichanga, with beef, cheese, and red chili peppers",Fast Foods,202.0,8.15,9.75,21.26,0.0,0.0,0.09,1.0,0.0,1.92,0.53,0.13,121.0,1.75,23.0,0.217,81.0,2.57,0.028,0.0007099999999999,0.072,0.000313,0.0136999999999999,0
fast foods,"enchilada, with cheese",Fast Foods,196.0,5.91,11.56,17.51,0.0,0.0,0.24,0.6,0.0,1.17,0.26,0.05,199.0,0.81,31.0,0.147,82.0,1.54,0.061,0.00046,0.053,0.000159,0.0062,0
fast foods,"enchilada, with cheese and beef",Fast Foods,168.0,6.21,9.19,15.87,0.0,0.0,0.14,0.7,0.0,1.31,0.21,0.05,119.0,1.6,43.0,0.304,87.0,1.4,0.051,0.00053,0.035,0.00027,0.0050999999999999,0
fast foods,"enchirito, with cheese, beef, and beans",Fast Foods,178.0,9.27,8.33,17.51,0.0,0.0,0.11,2.4,0.0,1.55,0.36,0.09,113.0,1.24,37.0,0.199,116.0,1.43,0.046,0.0008399999999999,0.062,0.00014,0.0042,0
fast foods,frijoles with cheese,Fast Foods,135.0,6.81,4.66,17.19,0.0,0.0,0.12,0.9,0.0,0.89,0.2,0.08,113.0,1.34,51.0,0.301,105.0,1.04,0.021,0.00041,0.067,0.000204,0.0017,0
fast foods,"nachos, with cheese",Fast Foods,343.0,4.32,21.5,34.91,2.17,3.2,0.215,1.1,4.08,0.63,0.133,0.123,63.0,0.75,42.0,0.187,198.0,0.86,0.005,7.000000000000001e-05,0.01,6.4e-05,0.0086,3
fast foods,"nachos, with cheese, beans, ground beef, and tomatoes",Fast Foods,219.0,6.21,12.48,21.39,1.63,3.7,0.158,0.0,1.75,1.01,0.137,0.073,47.0,1.01,33.0,0.202,153.0,1.05,0.042,0.00031,0.014,0.000104,0.0081,0
fast foods,"taco with beef, cheese and lettuce, hard shell",Fast Foods,226.0,8.86,12.7,19.85,0.9,3.9,0.09,0.4,0.6,1.65,0.06,0.05,89.0,1.19,32.0,0.249,178.0,1.75,0.02,0.00093,0.021,7.7e-05,0.0092,0
fast foods,taco salad,Fast Foods,141.0,6.68,7.46,11.91,0.0,0.0,0.11,1.8,0.0,1.24,0.18,0.05,97.0,1.15,26.0,0.167,72.0,1.36,0.0,0.00032,0.057,0.000113,0.0022,0
fast foods,taco salad with chili con carne,Fast Foods,111.0,6.67,5.03,10.18,0.0,0.0,0.2,1.3,0.0,0.97,0.19,0.06,94.0,1.02,20.0,0.129,59.0,1.26,0.099,0.00028,0.043,0.000115,0.0029,0
fast foods,"tostada, with beans and cheese",Fast Foods,155.0,6.67,6.85,18.42,0.0,0.0,0.11,0.9,0.0,0.92,0.23,0.07,146.0,1.31,41.0,0.255,81.0,1.32,0.031,0.0004799999999999,0.03,0.0001429999999999,0.0024,0
fast foods,"tostada, with beans, beef, and cheese",Fast Foods,148.0,7.15,7.53,13.18,0.0,0.0,0.11,1.8,0.0,1.27,0.22,0.04,84.0,1.09,30.0,0.16,77.0,1.41,0.045,0.0005,0.038,0.00014,0.0093,0
fast foods,"tostada, with beef and cheese",Fast Foods,193.0,11.65,10.03,13.97,0.0,0.0,0.14,1.6,0.0,1.93,0.34,0.06,133.0,1.76,39.0,0.309,110.0,2.26,0.031,0.0007199999999999,0.072,0.000162,0.0116999999999999,2
tostada with guacamole,No_descr,Fast Foods,138.0,4.78,8.91,12.27,0.0,0.0,0.1,1.4,0.0,0.76,0.22,0.05,162.0,0.62,28.0,0.135,89.0,1.56,0.08,0.00038,0.045,9.7e-05,0.0027,0
fast foods,"cheeseburger; single, regular patty; plain",Fast Foods,308.0,16.51,14.72,28.03,4.88,2.0,0.228,0.0,0.52,5.217,0.363,0.293,119.0,2.71,26.0,0.316,161.0,2.49,0.05,0.00076,0.089,0.000111,0.0196,2
fast foods,"cheeseburger; single, regular patty, with condiments",Fast Foods,270.0,13.49,12.9,25.46,5.24,1.9,0.374,0.4,0.09,3.51,0.19,0.32,123.0,2.25,23.0,0.254,142.0,2.21,0.055,0.00131,0.039,9.8e-05,0.0226999999999999,2
fast foods,"cheeseburger; single, regular patty, with condiments and vegetables",Fast Foods,254.0,13.06,11.5,24.97,5.11,1.4,0.956,0.6,0.3,3.08,0.171,0.361,92.0,2.78,22.0,0.242,134.0,2.18,0.012,0.0013,0.062,0.0001089999999999,0.0219,2
fast foods,"cheeseburger; double, regular patty; plain",Fast Foods,308.0,17.16,17.4,20.8,4.02,0.7,0.187,0.0,0.0,4.382,0.282,0.185,180.0,2.37,21.0,0.181,183.0,2.75,0.0,0.00138,0.0,8.1e-05,0.0,2
fast foods,"cheeseburger; double, regular patty, with condiments and vegetables",Fast Foods,251.0,12.8,12.7,21.2,0.0,0.0,0.11,1.0,0.0,4.85,0.17,0.21,103.0,2.06,18.0,0.18,146.0,2.1,0.0,0.00116,0.053,8.999999999999999e-05,0.0141999999999999,2
fast foods,"cheeseburger, double, regular patty and bun, with condiments",Fast Foods,282.0,16.24,16.18,17.97,4.16,1.0,0.214,2.9,0.35,3.462,0.204,0.231,150.0,2.35,21.0,0.198,165.0,2.77,0.044,0.00128,0.061,8.1e-05,0.0179,2
fast foods,"cheeseburger; double, regular, patty and bun; with condiments and vegetables",Fast Foods,285.0,13.04,15.47,23.3,0.0,0.0,0.12,1.2,0.87,3.66,0.19,0.25,74.0,2.07,16.0,0.12,153.0,1.81,0.0,0.00091,0.058,7.099999999999999e-05,0.0173,2
fast foods,"cheeseburger; single, large patty; plain",Fast Foods,310.0,17.29,15.97,24.07,4.67,1.7,0.224,0.0,0.52,4.597,0.353,0.26,114.0,2.57,24.0,0.259,163.0,2.79,0.058,0.001,0.083,9.7e-05,0.0196,2
fast foods,"cheeseburger; single, large patty; with condiments and bacon",Fast Foods,282.0,15.78,15.86,18.89,4.63,1.3,0.242,0.7,0.0,4.233,0.348,0.174,137.0,2.07,23.0,0.166,181.0,2.67,0.0,0.00125,0.0,0.000102,0.0034,2
fast foods,"cheeseburger; single, large patty; with condiments and vegetables",Fast Foods,206.0,11.59,10.36,16.81,4.0,1.4,0.0,1.9,0.0,3.327,0.281,0.145,95.0,1.86,19.0,0.182,119.0,2.17,0.0,0.00101,0.0,8.999999999999999e-05,0.0,0
fast foods,"cheeseburger; single, large patty; with condiments, vegetables and ham",Fast Foods,286.0,15.55,18.97,13.01,0.0,0.0,0.15,2.9,0.0,3.61,0.22,0.21,119.0,1.98,20.0,0.147,209.0,2.61,0.0,0.00113,0.039,9.7e-05,0.0128,2
fast foods,"cheeseburger; double, large patty, with condiments and vegetables",Fast Foods,273.0,14.72,16.92,15.37,0.0,0.0,0.16,0.4,0.0,2.81,0.19,0.14,93.0,2.29,20.0,0.123,153.0,2.59,0.0,0.00132,0.036,8e-05,0.0112,2
fast foods,"cheeseburger; triple, regular patty; plain",Fast Foods,310.0,18.2,19.17,16.16,3.29,0.5,0.211,0.0,0.0,4.263,0.273,0.148,174.0,2.23,21.0,0.145,196.0,3.02,0.0,0.00156,0.0,7.8e-05,0.0,2
fast foods,"chicken fillet sandwich, plain",Fast Foods,283.0,13.25,16.18,21.26,0.0,0.0,0.11,4.9,0.0,3.74,0.13,0.18,33.0,2.57,19.0,0.26,128.0,1.03,0.0,0.0002099999999999,0.082,0.000127,0.0222,2
fast foods,egg and cheese sandwich,Fast Foods,233.0,10.69,13.3,17.76,0.0,0.0,0.09,1.0,0.0,1.42,0.39,0.18,154.0,2.04,15.0,0.15,207.0,1.13,0.138,0.00078,0.096,7.5e-05,0.0231,2
fast foods,"fish sandwich, with tartar sauce",Fast Foods,257.0,10.29,12.45,26.69,3.53,1.0,0.07,1.8,0.55,2.15,0.14,0.21,37.0,1.5,25.0,0.264,116.0,0.49,0.006,0.00068,0.066,7.5e-05,0.018,0
fast foods,"fish sandwich, with tartar sauce and cheese",Fast Foods,279.0,11.26,14.64,26.39,3.67,0.8,0.06,1.5,1.0,2.31,0.23,0.25,120.0,1.56,27.0,0.262,137.0,0.58,0.022,0.0005899999999999,0.065,6.6e-05,0.0484,2
fast foods,"hamburger; single, regular patty; plain",Fast Foods,297.0,16.52,12.01,31.5,4.88,1.7,0.212,0.0,0.38,5.617,0.363,0.317,62.0,3.06,27.0,0.357,134.0,2.52,0.009,0.00089,0.1,0.000121,0.0203,2
fast foods,"hamburger; single, regular patty; with condiments",Fast Foods,263.0,13.3,10.18,29.57,5.95,1.8,0.108,0.3,0.07,4.061,0.186,0.349,116.0,2.87,22.0,0.323,110.0,2.03,0.003,0.0012,0.066,0.000101,0.0247,2
fast foods,"hamburger; single, regular patty; with condiments and vegetables",Fast Foods,254.0,11.74,12.25,24.81,0.0,0.0,0.11,1.5,0.0,3.35,0.18,0.21,57.0,2.39,20.0,0.23,113.0,1.87,0.0,0.0008,0.068,9.3e-05,0.0186999999999999,2
fast foods,"hamburger; double, regular, patty; plain",Fast Foods,295.0,17.08,14.36,24.1,4.15,0.9,0.203,0.0,0.0,5.365,0.25,0.217,102.0,2.88,20.0,0.217,136.0,2.87,0.0,0.0014399999999999,0.0,9.1e-05,0.0,2
fast foods,"hamburger; double, regular patty; with condiments",Fast Foods,268.0,14.8,15.1,18.02,0.0,0.0,0.17,0.5,0.0,3.13,0.19,0.16,43.0,2.58,21.0,0.151,132.0,2.7,0.0,0.00155,0.052,8.999999999999999e-05,0.0209,2
fast foods,"hamburger; single, large patty; plain",Fast Foods,311.0,16.51,16.73,23.16,0.0,0.0,0.17,0.0,0.0,4.56,0.21,0.21,54.0,2.61,20.0,0.178,128.0,3.0,0.0,0.0015,0.059,9.5e-05,0.0198,2
fast foods,"hamburger; single, large patty; with condiments and vegetables",Fast Foods,235.0,11.85,12.55,18.35,0.0,0.0,0.15,1.2,0.0,3.34,0.17,0.19,44.0,2.26,20.0,0.16,107.0,2.24,0.0,0.00109,0.053,9.1e-05,0.0154,2
fast foods,"hamburger; double, large patty; with condiments and vegetables",Fast Foods,239.0,15.17,11.75,17.82,0.0,0.0,0.24,0.5,0.0,3.35,0.17,0.16,45.0,2.59,22.0,0.11,139.0,2.51,0.0,0.0018,0.049,9.7e-05,0.0113,2
fast foods,"hamburger, large, triple patty, with condiments",Fast Foods,267.0,19.3,16.01,11.04,0.0,0.0,0.24,0.5,0.0,4.23,0.21,0.12,25.0,3.21,21.0,0.09,152.0,4.15,0.003,0.0019,0.041,7.6e-05,0.0215,2
fast foods,ham and cheese sandwich,Fast Foods,241.0,14.17,10.6,22.84,0.0,0.0,0.14,1.9,0.2,1.84,0.33,0.21,89.0,2.22,11.0,0.095,104.0,0.94,0.066,0.00037,0.054,0.000125,0.0158,2
fast foods,"ham, egg, and cheese sandwich",Fast Foods,243.0,13.46,11.4,21.64,0.0,0.0,0.11,1.9,0.0,2.94,0.39,0.3,148.0,2.17,18.0,0.17,242.0,1.39,0.116,0.00086,0.069,8.5e-05,0.0226999999999999,2
fast foods,"hotdog, plain",Fast Foods,247.0,10.6,14.84,18.4,0.0,0.0,0.05,0.1,0.0,3.72,0.28,0.24,24.0,2.36,13.0,0.093,99.0,2.02,0.0,0.00052,0.062,7.8e-05,0.0265,2
fast foods,"hotdog, with chili",Fast Foods,260.0,11.85,11.79,27.45,0.0,0.0,0.04,2.4,0.0,3.28,0.35,0.19,17.0,2.88,9.0,0.1,168.0,0.68,0.003,0.00026,0.078,8.999999999999999e-05,0.0114,2
fast foods,"hotdog, with corn flour coating (corndog)",Fast Foods,263.0,9.6,10.8,31.88,0.0,0.0,0.05,0.0,0.0,2.38,0.4,0.16,58.0,3.53,10.0,0.11,95.0,0.75,0.034,0.00025,0.077,0.00014,0.0127,0
fast foods,"submarine sandwich, cold cut on white bread with lettuce and tomato",Fast Foods,213.0,10.52,10.04,20.43,3.18,1.2,0.203,7.5,0.41,4.323,0.267,0.343,171.0,1.81,20.0,0.354,112.0,1.05,0.022,0.00022,0.106,8.400000000000001e-05,0.0198999999999999,0
fast foods,"submarine sandwich, roast beef on white bread with lettuce and tomato",Fast Foods,156.0,12.17,2.73,20.34,3.0,0.7,0.275,0.0,0.29,4.183,0.257,0.23,164.0,2.09,20.0,0.267,118.0,1.5,0.006,0.00044,0.108,8.1e-05,0.017,0
fast foods,"submarine sandwich, tuna on white bread with lettuce and tomato",Fast Foods,218.0,12.33,12.04,15.95,1.93,0.7,0.271,0.0,1.57,7.727,0.217,0.19,136.0,1.57,22.0,0.214,109.0,0.67,0.011,0.00106,0.074,7.5e-05,0.0392,2
fast foods,coleslaw,Fast Foods,153.0,0.95,9.91,14.89,12.19,1.9,0.112,14.6,0.54,0.206,0.02,0.026,30.0,0.22,8.0,0.102,20.0,0.14,0.028,1e-05,0.0,1.5e-05,0.0,0
fast foods,corn on the cob with butter,Fast Foods,106.0,3.06,2.35,21.88,0.0,0.0,0.22,4.7,0.0,1.49,0.07,0.17,3.0,0.6,28.0,0.0,74.0,0.62,0.023,0.0,0.03,0.0,0.0007,0
fast foods,hush puppies,Fast Foods,296.0,6.16,13.25,40.21,3.8,2.9,0.11,0.0,1.06,2.13,0.07,0.17,100.0,2.55,40.0,0.411,410.0,0.73,0.0,0.0,0.223,0.000145,0.0261999999999999,3
fast foods,"onion rings, breaded and fried",Fast Foods,411.0,3.86,25.23,43.58,5.43,2.7,0.133,1.4,4.92,0.673,0.063,0.11,115.0,0.78,19.0,0.342,158.0,0.51,0.0,0.0,0.042,7.5e-05,0.0057,3
fast foods,"potato, baked and topped with cheese sauce",Fast Foods,168.0,4.94,9.71,17.88,0.0,0.0,0.24,8.8,0.0,1.13,0.07,0.08,105.0,1.02,22.0,0.174,108.0,0.64,0.085,6e-05,0.009,0.000213,0.0026,0
fast foods,"potato, baked and topped with cheese sauce and bacon",Fast Foods,163.0,6.16,8.66,18.44,0.0,0.0,0.25,9.6,0.0,1.33,0.08,0.09,103.0,1.05,23.0,0.169,116.0,0.72,0.063,0.00011,0.01,0.000216,0.0032,0
fast foods,"potato, baked and topped with cheese sauce and broccoli",Fast Foods,133.0,4.03,6.32,18.0,0.0,0.0,0.23,14.3,0.0,1.06,0.08,0.08,99.0,0.98,23.0,0.237,102.0,0.6,0.079,0.0001,0.018,0.000191,0.0017,0
fast foods,"potato, baked and topped with cheese sauce and chili",Fast Foods,131.0,5.88,5.53,16.72,0.0,0.0,0.24,8.0,0.0,1.06,0.09,0.07,104.0,1.55,28.0,0.171,126.0,0.96,0.047,6e-05,0.012,0.0002089999999999,0.0014,0
fast foods,"potato, baked and topped with sour cream and chives",Fast Foods,141.0,2.21,7.39,19.53,0.0,0.0,0.26,11.2,0.0,1.23,0.06,0.09,35.0,1.03,23.0,0.192,61.0,0.3,0.088,7.000000000000001e-05,0.011,0.000227,0.0011,0
fast foods,"potato, french fried in vegetable oil",Fast Foods,312.0,3.43,14.73,41.44,0.3,3.8,0.372,4.7,1.67,3.004,0.039,0.17,18.0,0.81,35.0,0.247,125.0,0.5,0.0,0.0,0.03,0.000124,0.0009,3
fast foods,"potato, mashed",Fast Foods,89.0,1.65,2.82,14.65,0.5,1.3,0.12,0.0,0.42,1.08,0.015,0.015,18.0,0.31,15.0,0.098,59.0,0.22,0.043,7.000000000000001e-05,0.009,3.5000000000000004e-05,0.0008,0
side dishes,potato salad,Fast Foods,114.0,1.53,6.03,13.53,0.0,0.0,0.15,1.1,0.0,0.27,0.11,0.07,14.0,0.73,8.0,0.074,56.0,0.2,0.03,0.0001199999999999,0.025,7.9e-05,0.0009,0
burger king,Vanilla Shake,Fast Foods,168.0,3.19,8.74,19.03,11.67,0.0,0.03,0.0,0.32,0.09,0.18,0.0,104.0,0.42,12.0,0.061,97.0,0.67,0.0,0.0003599999999999,0.0,0.00019,0.0032,0
fast food,biscuit,Fast Foods,370.0,7.08,18.92,42.82,3.88,2.5,0.059,0.0,0.47,3.713,0.303,0.441,70.0,2.76,15.0,0.388,474.0,0.5,0.018,0.0,0.0,8.1e-05,0.0121,3
chick-fil-a,Chick-n-Strips,Fast Foods,228.0,21.4,11.2,10.39,1.24,0.9,0.476,1.0,1.56,8.763,0.27,0.153,25.0,0.97,30.0,0.121,264.0,0.72,0.0,0.00019,0.0,6e-05,0.0206,2
chick-fil-a,hash browns,Fast Foods,301.0,3.0,18.5,30.51,0.54,3.2,0.23,6.2,3.0,2.407,0.06,0.163,22.0,0.65,25.0,0.163,100.0,0.45,0.0,0.0,0.0,0.000108,0.0004,0
school lunch pizza,"BIG DADDY'S LS 16"" 51% Whole Grain Rolled Edge Cheese Pizza- frozen",Fast Foods,243.0,13.89,8.81,27.1,4.77,2.7,0.099,0.4,0.0,3.08,0.17,0.23,183.0,2.5,38.0,0.0,270.0,1.74,0.0,0.002,0.0,0.0,0.0,2
school lunch pizza,"BIG DADDY'S LS 16"" 51% Whole Grain Rolled Edge Turkey Pepperoni Pizza- frozen",Fast Foods,248.0,13.63,9.33,27.35,3.83,4.1,0.136,0.2,0.0,2.393,0.27,0.2,147.0,2.4,39.0,0.0,290.0,1.83,0.0,0.00113,0.0,0.0,0.0,2
school lunch pizza,TONY'S SMARTPIZZA Whole Grain 4x6 Cheese Pizza 50/50 Cheese- frozen,Fast Foods,233.0,12.08,7.51,29.27,6.76,3.8,0.155,0.0,0.0,2.846,0.33,0.27,207.0,2.4,48.0,0.0,300.0,1.87,0.0,0.0014199999999999,0.0,0.0,0.0,0
school lunch pizza,TONY'S SMARTPIZZA Whole Grain 4x6 Pepperoni Pizza 50/50 Cheese- frozen,Fast Foods,238.0,12.14,8.19,28.84,7.24,4.1,0.178,0.0,0.0,3.543,0.32,0.33,192.0,2.6,49.0,0.0,300.0,2.38,0.0,0.0020499999999999,0.0,0.0,0.0,0
school lunch pizza,TONY'S Breakfast Pizza Sausage- frozen,Fast Foods,240.0,10.39,10.04,26.99,5.87,2.0,0.097,0.0,0.0,3.125,0.28,0.26,176.0,2.1,28.0,0.0,210.0,1.94,0.0,0.00103,0.0,0.0,0.0,0
fast foods,"hamburger, large, single patty, with condiments",Fast Foods,256.0,15.68,11.6,22.14,3.67,1.1,0.148,0.3,0.06,4.65,0.201,0.16,87.0,1.73,24.0,0.193,121.0,3.04,0.002,0.00166,0.031,0.000101,0.0248,2
subway,"roast beef sub on white bread, with lettuce and tomato",Fast Foods,155.0,12.17,2.73,20.34,3.0,0.7,0.275,0.0,0.29,4.183,0.257,0.23,164.0,2.09,20.0,0.267,118.0,1.5,0.006,0.00044,0.0,8.1e-05,0.017,0
subway,"cold cut sub on white bread, with lettuce and tomato",Fast Foods,214.0,10.52,10.04,20.43,3.18,1.2,0.203,7.5,0.41,4.323,0.267,0.343,171.0,1.81,20.0,0.354,112.0,1.05,0.022,0.00022,0.0,8.400000000000001e-05,0.0198999999999999,0
subway,"tuna sub on white bread, with lettuce and tomato",Fast Foods,221.0,12.33,12.04,15.95,1.93,0.7,0.271,0.0,1.57,7.727,0.217,0.19,136.0,1.57,22.0,0.214,109.0,0.67,0.011,0.00106,0.0,7.5e-05,0.0392,2
pizza,"cheese topping, regular crust, frozen, cooked",Fast Foods,268.0,10.36,12.28,29.02,3.57,2.2,0.083,1.2,1.01,2.196,0.258,0.211,179.0,2.27,23.0,0.291,179.0,1.32,0.066,0.00078,0.065,0.000227,0.0215,0
pizza,"cheese topping, rising crust, frozen, cooked",Fast Foods,260.0,12.37,8.78,32.91,5.09,2.5,0.092,1.9,0.72,1.985,0.246,0.241,177.0,1.77,26.0,0.428,238.0,1.32,0.069,0.0007,0.063,0.000255,0.0348,0
pizza,"meat and vegetable topping, regular crust, frozen, cooked",Fast Foods,276.0,11.28,14.43,25.14,4.85,2.2,0.149,3.4,1.13,2.379,0.233,0.216,152.0,1.36,25.0,0.323,181.0,1.71,0.065,0.00062,0.057,0.00017,0.009,2
pizza,"meat and vegetable topping, rising crust, frozen, cooked",Fast Foods,271.0,12.63,11.75,28.78,7.26,2.3,0.14,4.2,0.92,2.155,0.206,0.25,155.0,1.36,27.0,0.323,211.0,1.87,0.068,0.0008,0.098,0.0002099999999999,0.0116,2
mcdonald's,Hamburger,Fast Foods,264.0,12.92,10.09,30.28,6.03,1.3,0.0,0.6,0.0,4.544,0.239,0.247,127.0,2.87,21.0,0.322,107.0,1.95,0.0,0.00083,0.0,9.6e-05,0.0261999999999999,2
fast foods,"chicken, breaded and fried, boneless pieces, plain",Fast Foods,307.0,15.92,20.36,14.93,0.08,0.9,0.148,0.6,1.12,5.985,0.204,0.092,11.0,0.83,24.0,0.15,272.0,0.59,0.005,0.00033,0.015,5.1e-05,0.0172,2
fast foods,"crispy chicken filet sandwich, with lettuce and mayonnaise",Fast Foods,276.0,10.94,13.59,27.4,3.4,1.4,0.126,0.3,0.69,5.11,0.183,0.16,72.0,1.71,20.0,0.349,144.0,0.62,0.005,0.00033,0.043,8.2e-05,0.0193,2
mcdonald's,FILET-O-FISH,Fast Foods,282.0,11.26,14.64,26.39,3.67,1.4,0.0,0.3,1.17,2.22,0.13,0.211,120.0,1.56,27.0,0.262,137.0,0.58,0.0,0.00108,0.0,6.6e-05,0.0255,2
mcdonald's,Cheeseburger,Fast Foods,263.0,12.97,11.79,27.81,6.22,1.1,0.0,0.6,0.0,4.026,0.26,0.223,167.0,2.35,20.0,0.23,140.0,1.91,0.0,0.00086,0.0,9.7e-05,0.0,2
mcdonald's,QUARTER POUNDER,Fast Foods,244.0,14.1,11.55,22.17,5.13,1.6,0.0,0.9,0.0,4.452,0.344,0.183,84.0,2.41,22.0,0.199,124.0,2.69,0.0,0.00128,0.0,0.000107,0.0,2
mcdonald's,QUARTER POUNDER with Cheese,Fast Foods,258.0,14.59,14.22,19.95,4.91,1.4,0.0,0.8,0.0,3.85,0.354,0.164,144.0,2.1,22.0,0.174,161.0,2.63,0.0,0.00126,0.0,9.7e-05,0.0,2
mcdonald's,BIG MAC,Fast Foods,257.0,11.82,14.96,20.08,3.97,1.6,0.0,0.4,0.0,3.384,0.209,0.176,116.0,2.0,20.0,0.206,122.0,1.91,0.0,0.00088,0.0,9.8e-05,0.0,2
mcdonald's,french fries,Fast Foods,323.0,3.41,15.47,42.58,0.21,3.9,0.38,5.6,1.38,3.22,0.037,0.18,19.0,0.8,37.0,0.249,127.0,0.51,0.0,0.0,0.0,0.000114,0.0004,3
wendy's,"CLASSIC SINGLE Hamburger, no cheese",Fast Foods,213.0,12.63,10.6,16.82,0.0,1.3,0.114,0.5,0.0,3.225,0.205,0.275,34.0,2.73,18.0,0.187,103.0,2.47,0.0,0.00145,0.0,0.000139,0.0182,2
wendy's,"CLASSIC SINGLE Hamburger, with cheese",Fast Foods,221.0,14.87,11.6,14.2,0.0,1.4,0.106,0.5,0.0,3.19,0.256,0.26,75.0,2.34,19.0,0.162,126.0,2.58,0.0,0.00154,0.0,7.5e-05,0.0191,2
wendy's,"Jr. Hamburger, without cheese",Fast Foods,243.0,12.62,8.75,28.45,0.0,1.7,0.124,0.5,0.0,3.887,0.235,0.422,45.0,3.35,21.0,0.281,107.0,2.1,0.0,0.00127,0.0,0.000117,0.0231,2
wendy's,"Jr. Hamburger, with cheese",Fast Foods,256.0,13.06,11.5,24.97,0.0,1.4,0.956,0.6,0.0,3.08,0.171,0.361,92.0,2.78,22.0,0.242,134.0,2.18,0.0,0.0013,0.0,0.0001089999999999,0.0219,2
wendy's,"CLASSIC DOUBLE, with cheese",Fast Foods,241.0,16.52,14.2,11.71,0.0,1.1,0.189,0.7,0.0,3.52,0.251,0.242,58.0,2.94,19.0,0.133,134.0,3.05,0.0,0.0019199999999999,0.0,7.5e-05,0.0198999999999999,2
wendy's,Homestyle Chicken Fillet Sandwich,Fast Foods,214.0,13.78,8.1,21.55,0.0,1.3,0.189,0.3,0.0,3.3,0.13,0.295,23.0,1.5,24.0,0.23,161.0,0.61,0.0,0.00033,0.0,0.000135,0.0243999999999999,2
wendy's,Ultimate Chicken Grill Sandwich,Fast Foods,179.0,14.73,5.0,18.88,0.0,1.1,0.141,1.1,0.0,4.16,0.26,0.392,25.0,1.55,24.0,0.196,168.0,0.57,0.0,0.00033,0.0,7.5e-05,0.0313,2
wendy's,Chicken Nuggets,Fast Foods,326.0,16.46,22.55,14.31,0.08,0.0,0.254,1.3,0.0,6.042,0.122,0.079,11.0,0.62,22.0,0.19,271.0,0.61,0.0,0.00033,0.0,6.1e-05,0.025,2
wendy's,french fries,Fast Foods,301.0,3.73,14.1,39.73,0.4,4.0,0.387,3.8,2.0,3.007,0.053,0.157,16.0,0.93,33.0,0.271,126.0,0.54,0.0,0.0,0.0,0.000159,0.0008,3
wendy's,Frosty Dairy Dessert,Fast Foods,132.0,3.49,2.6,23.62,0.0,3.3,0.0,0.0,0.0,0.348,0.72,0.06,128.0,1.04,20.0,0.063,112.0,0.44,0.0,0.0005899999999999,0.0,7.5e-05,0.0033,0
burger king,french fries,Fast Foods,280.0,3.23,12.48,38.7,0.51,2.9,0.327,2.2,2.45,2.163,0.033,0.143,17.0,0.73,27.0,0.213,119.0,0.44,0.0,0.0,0.0,0.000127,0.0,0
burger king,Hamburger,Fast Foods,261.0,14.85,10.55,26.76,5.6,2.0,0.101,0.2,0.04,3.947,0.227,0.334,76.0,2.87,25.0,0.327,126.0,2.38,0.0,0.0,0.089,0.000121,0.0249,2
burger king,Cheeseburger,Fast Foods,286.0,14.57,14.81,23.71,4.49,2.8,0.09,0.2,0.1,3.4,0.24,0.303,93.0,2.5,24.0,0.29,143.0,2.4,0.0,0.0,0.0,0.00011,0.0243999999999999,2
burger king,"WHOPPER, no cheese",Fast Foods,233.0,10.74,12.84,18.55,4.22,1.8,0.091,0.2,0.15,2.873,0.175,0.215,39.0,4.37,18.0,0.18,90.0,2.83,0.0,0.0,0.07,1.3e-05,0.0182,0
burger king,"WHOPPER, with cheese",Fast Foods,250.0,11.19,15.33,16.7,4.11,1.0,0.073,0.2,0.08,2.56,0.2,0.213,82.0,2.0,18.0,0.18,113.0,1.6,0.0,0.0,0.072,5.3e-05,0.0184,2
burger king,"DOUBLE WHOPPER, no cheese",Fast Foods,252.0,13.94,15.66,13.74,3.52,1.4,0.114,0.2,0.0,3.23,0.19,0.193,35.0,2.8,18.0,0.2,111.0,3.0,0.0,0.0,0.06,0.0001199999999999,0.0201,2
burger king,"DOUBLE WHOPPER, with cheese",Fast Foods,266.0,14.47,17.06,13.52,3.61,1.6,0.112,0.2,0.06,3.0,0.21,0.267,78.0,5.3,19.0,0.14,128.0,3.5,0.0,0.0,0.042,7.8e-05,0.017,2
burger king,Chicken Strips,Fast Foods,292.0,18.2,15.25,20.49,0.0,1.3,0.402,1.1,3.93,7.96,0.137,0.09,13.0,0.62,27.0,0.278,291.0,0.7,0.003,0.00015,0.0,7.3e-05,0.0161,2
burger king,Premium Fish Sandwich,Fast Foods,260.0,10.29,12.45,26.69,3.53,0.9,0.036,0.2,0.0,2.09,0.18,0.197,37.0,1.5,25.0,0.264,116.0,0.49,0.0,0.0,0.0,7.5e-05,0.0243,0
burger king,Original Chicken Sandwich,Fast Foods,286.0,12.14,14.69,26.22,3.02,2.4,0.154,0.2,0.0,4.71,0.16,0.281,46.0,1.79,23.0,0.401,128.0,0.62,0.0,0.0,0.048,8.9e-05,0.0233999999999999,2
taco bell,"Original Taco with beef, cheese and lettuce",Fast Foods,229.0,8.86,12.7,19.85,0.9,3.9,0.09,0.4,0.6,1.65,0.06,0.05,89.0,1.19,32.0,0.249,178.0,1.75,0.004,0.00093,0.021,7.7e-05,0.0092,0
taco bell,"Soft Taco with beef, cheese and lettuce",Fast Foods,206.0,9.25,9.75,20.23,1.57,2.9,0.06,0.1,0.4,2.88,0.13,0.18,123.0,1.67,19.0,0.31,167.0,1.37,0.004,0.0008399999999999,0.071,6.7e-05,0.011,0
taco bell,"Soft Taco with chicken, cheese and lettuce",Fast Foods,189.0,13.3,6.35,19.69,1.3,1.2,0.11,0.2,0.35,5.17,0.11,0.16,122.0,1.59,24.0,0.245,244.0,0.76,0.001,0.0001199999999999,0.069,6e-05,0.0127,2
taco bell,Soft Taco with steak,Fast Foods,225.0,11.81,12.1,17.22,0.0,1.6,0.085,0.0,0.43,2.975,0.194,0.307,117.0,2.22,21.0,0.22,155.0,2.15,0.001,0.0009599999999999,0.052,0.000113,0.0130999999999999,2
taco bell,Bean Burrito,Fast Foods,209.0,7.35,6.05,31.23,1.73,4.2,0.1,0.4,0.5,2.02,0.1,0.19,124.0,2.37,34.0,0.456,163.0,0.86,0.003,0.00016,0.068,0.000164,0.0104,0
taco bell,BURRITO SUPREME with beef,Fast Foods,183.0,7.03,6.8,23.37,2.1,3.7,0.097,0.0,0.28,2.09,0.223,0.213,90.0,1.82,23.0,0.298,131.0,0.88,0.052,0.00027,0.068,0.000106,0.0107,0
taco bell,BURRITO SUPREME with chicken,Fast Foods,179.0,9.84,6.42,20.51,0.0,2.4,0.126,0.0,0.42,3.9,0.171,0.174,94.0,1.56,28.0,0.27,163.0,0.65,0.004,0.00033,0.064,0.0001,0.0096,0
taco bell,BURRITO SUPREME with steak,Fast Foods,183.0,9.13,7.27,20.32,0.0,2.4,0.101,0.0,0.38,2.25,0.183,0.252,101.0,2.0,27.0,0.274,131.0,1.38,0.004,0.0006,0.054,0.000115,0.0101,0
taco bell,Nachos,Fast Foods,350.0,4.32,21.5,34.91,2.17,3.2,0.215,0.0,4.08,0.63,0.133,0.123,63.0,0.75,42.0,0.187,198.0,0.86,0.005,7.000000000000001e-05,0.0,6.4e-05,0.0086,3
taco bell,Nachos Supreme,Fast Foods,223.0,6.21,12.48,21.39,1.63,3.7,0.158,0.0,1.75,1.01,0.137,0.073,47.0,1.01,33.0,0.202,153.0,1.05,0.042,0.00031,0.0,0.000104,0.0081,0
taco bell,Taco Salad,Fast Foods,170.0,6.69,9.17,15.1,0.0,3.0,0.103,0.0,0.54,1.505,0.106,0.15,95.0,1.77,27.0,0.256,103.0,1.17,0.003,0.0004,0.054,0.0001509999999999,0.0072,0
"pizza hut 12"" cheese pizza",Hand-Tossed Crust,Fast Foods,271.0,11.93,10.89,31.22,3.37,1.8,0.114,0.0,0.7,3.295,0.256,0.264,209.0,1.95,22.0,0.308,249.0,1.65,0.082,0.0007,0.0,9.2e-05,0.0205,2
"pizza hut 12"" cheese pizza",Pan Crust,Fast Foods,280.0,11.73,12.56,29.93,3.21,1.7,0.107,0.0,1.06,3.91,0.251,0.243,208.0,1.86,21.0,0.305,241.0,1.63,0.073,0.00064,0.0,0.000101,0.0193999999999999,2
"pizza hut 12"" cheese pizza",THIN 'N CRISPY Crust,Fast Foods,303.0,15.29,14.1,28.64,2.67,1.6,0.109,0.0,0.84,2.895,0.276,0.218,278.0,1.71,24.0,0.297,317.0,1.87,0.107,0.00089,0.0,9.6e-05,0.0231,2
"pizza hut 12"" pepperoni pizza",Hand-Tossed Crust,Fast Foods,280.0,12.86,11.38,31.55,3.67,1.7,0.152,0.0,0.75,4.028,0.271,0.32,155.0,2.14,23.0,0.365,218.0,1.68,0.057,0.00068,0.0,0.000104,0.0213,2
"pizza hut 12"" pepperoni pizza",Pan Crust,Fast Foods,298.0,11.97,14.21,30.49,3.2,1.8,0.14,0.0,0.78,3.84,0.254,0.287,146.0,2.14,22.0,0.361,205.0,1.54,0.047,0.00064,0.0,0.0001049999999999,0.0206,2
"pizza hut 12"" super supreme pizza",Hand-Tossed Crust,Fast Foods,243.0,10.9,10.72,25.62,3.71,2.0,0.146,0.0,0.77,3.582,0.242,0.266,129.0,2.0,23.0,0.324,200.0,1.45,0.036,0.00062,0.0,0.000127,0.0195,0
"domino's 14"" cheese pizza",Classic Hand-Tossed Crust,Fast Foods,257.0,10.8,8.97,33.24,4.02,2.2,0.08,0.9,0.99,3.35,0.17,0.32,167.0,2.34,24.0,0.324,204.0,1.24,0.061,0.00046,0.0,0.000107,0.023,0
"domino's 14"" cheese pizza",Ultimate Deep Dish Crust,Fast Foods,265.0,10.76,9.83,33.48,4.22,2.4,0.04,0.4,0.89,3.51,0.18,0.34,166.0,2.49,24.0,0.275,203.0,1.22,0.0,0.0003599999999999,0.0,0.00011,0.0203,0
"domino's 14"" cheese pizza",Crunchy Thin Crust,Fast Foods,298.0,12.33,15.1,28.18,4.09,2.5,0.07,1.7,1.49,1.01,0.08,0.06,292.0,0.91,24.0,0.229,292.0,1.54,0.0,0.00064,0.0,9.6e-05,0.0198,2
"domino's 14"" pepperoni pizza",Classic Hand-Tossed Crust,Fast Foods,273.0,11.25,11.18,31.86,3.69,2.1,0.07,0.8,0.97,3.46,0.2,0.31,141.0,2.33,24.0,0.352,191.0,1.31,0.0,0.00049,0.0,0.0001189999999999,0.0283,0
"domino's 14"" pepperoni pizza",Ultimate Deep Dish Crust,Fast Foods,283.0,11.52,12.1,31.89,3.91,2.4,0.07,0.4,0.88,3.25,0.19,0.36,149.0,2.54,24.0,0.298,197.0,1.33,0.0,0.00052,0.0,0.000114,0.0245,2
"domino's 14"" extravaganzza feast pizza",Classic Hand-Tossed Crust,Fast Foods,244.0,10.33,11.1,25.72,3.3,2.0,0.0,0.0,0.8,3.25,0.22,0.135,113.0,2.32,22.0,0.26,184.0,1.27,0.051,0.00055,0.0,0.000111,0.024,0
"papa john's 14"" cheese pizza",Original Crust,Fast Foods,260.0,11.53,9.25,32.74,5.32,1.9,0.122,0.0,1.14,3.064,1.225,0.453,166.0,1.97,24.0,0.338,203.0,1.24,0.06,0.00068,0.109,0.000125,0.0276,0
"papa john's 14"" pepperoni pizza",Original Crust,Fast Foods,275.0,11.97,11.86,30.04,4.84,1.2,0.162,0.0,1.1,3.225,0.486,0.431,152.0,1.98,23.0,0.348,196.0,1.34,0.058,0.00079,0.102,0.000128,0.0293,2
"papa john's 14"" the works pizza",Original Crust,Fast Foods,240.0,10.27,10.21,26.69,4.84,2.5,0.0,0.0,1.06,3.205,0.292,0.233,99.0,1.5,21.0,0.282,160.0,0.98,0.031,0.0007199999999999,0.092,0.000149,0.0268,0
"papa john's 14"" cheese pizza",Thin Crust,Fast Foods,295.0,12.29,15.66,26.26,3.85,2.3,0.0,0.0,1.78,0.895,0.216,0.469,238.0,0.51,22.0,0.21,245.0,1.25,0.084,0.00083,0.0,0.000149,0.029,2
"little caesars 14"" original round cheese pizza",Regular Crust,Fast Foods,265.0,13.39,9.54,31.5,4.02,1.7,0.0,0.0,0.61,3.237,0.297,0.377,233.0,2.34,28.0,0.321,231.0,1.61,0.078,0.0004,0.0,0.000126,0.0314,2
"little caesars 14"" original round pepperoni pizza",Regular Crust,Fast Foods,273.0,13.59,10.5,31.01,3.76,1.7,0.0,0.0,0.76,3.737,0.311,0.338,210.0,2.34,28.0,0.338,224.0,1.66,0.071,0.00052,0.0,0.000125,0.032,2
"little caesars 14"" original round meat and vegetable pizza",Regular Crust,Fast Foods,243.0,12.12,11.35,23.1,3.74,2.1,0.0,0.0,0.9,3.567,0.263,0.286,167.0,2.11,24.0,0.265,207.0,1.55,0.048,0.00061,0.0,0.0001419999999999,0.0271,2
"little caesars 14"" cheese pizza",Large Deep Dish Crust,Fast Foods,263.0,12.63,10.22,30.1,3.66,1.3,0.0,0.0,0.81,2.967,0.273,0.44,224.0,2.31,27.0,0.311,221.0,1.52,0.076,0.00043,0.0,0.000116,0.03,2
"little caesars 14"" pepperoni pizza",Large Deep Dish Crust,Fast Foods,265.0,12.93,10.81,29.03,3.39,1.5,0.0,0.0,0.81,3.767,0.28,0.373,201.0,2.3,27.0,0.316,215.0,1.57,0.065,0.00046,0.0,0.000121,0.0308999999999999,2
"little caesars 14"" cheese pizza",Thin Crust,Fast Foods,309.0,16.23,16.99,22.85,2.76,1.6,0.0,0.0,1.21,0.85,0.185,0.139,422.0,0.64,28.0,0.211,297.0,2.12,0.123,0.0007099999999999,0.0,8.2e-05,0.0281,2
"pizza hut 14"" cheese pizza",Hand-Tossed Crust,Fast Foods,275.0,11.98,10.42,33.42,3.13,2.4,0.08,2.0,0.57,4.3,0.22,0.46,209.0,2.62,24.0,0.396,228.0,1.44,0.0,0.00038,0.149,0.000103,0.0168,2
"pizza hut 14"" cheese pizza",Pan Crust,Fast Foods,276.0,10.85,11.25,32.85,2.47,2.1,0.08,1.9,0.74,3.48,0.22,0.39,192.0,2.47,21.0,0.395,216.0,1.31,0.0,0.00033,0.152,9.8e-05,0.016,0
"pizza hut 14"" cheese pizza",THIN 'N CRISPY Crust,Fast Foods,306.0,13.37,12.8,34.22,3.13,2.4,0.06,4.2,0.68,4.18,0.24,0.35,284.0,2.52,24.0,0.381,298.0,1.64,0.0,0.00051,0.135,0.000103,0.0203,2
"pizza hut 14"" pepperoni pizza",Hand-Tossed Crust,Fast Foods,291.0,12.23,12.63,32.11,2.82,2.6,0.09,1.0,0.65,4.82,0.24,0.55,166.0,2.71,24.0,0.418,206.0,1.49,0.0,0.00051,0.159,0.000106,0.019,2
"pizza hut 14"" pepperoni pizza",Pan Crust,Fast Foods,291.0,11.47,13.07,31.79,1.95,2.0,0.09,1.0,0.92,3.75,0.21,0.42,147.0,2.57,22.0,0.425,193.0,1.36,0.0,0.00051,0.143,0.000104,0.0155,2
"pizza hut 14"" super supreme pizza",Hand-Tossed Crust,Fast Foods,248.0,11.34,10.95,26.01,3.04,2.3,0.098,0.6,0.66,2.38,0.29,0.367,104.0,1.53,23.0,0.285,183.0,1.15,0.032,0.0008399999999999,0.083,0.000149,0.0145,0
fast food,"Pizza Chain, 14"" pizza, cheese topping, regular crust",Fast Foods,266.0,11.39,9.69,33.33,3.58,2.3,0.08,1.4,0.83,3.825,0.195,0.39,188.0,2.48,24.0,0.36,216.0,1.34,0.069,0.0004199999999999,0.129,0.0001049999999999,0.0198999999999999,0
fast food,"Pizza Chain, 14"" pizza, cheese topping, thick crust",Fast Foods,271.0,10.81,10.54,33.17,3.34,2.2,0.06,1.2,0.82,3.495,0.2,0.365,179.0,2.48,23.0,0.335,209.0,1.27,0.069,0.00035,0.152,0.000104,0.0181,0
fast food,"Pizza Chain, 14"" pizza, cheese topping, thin crust",Fast Foods,302.0,12.85,13.95,31.2,3.61,2.5,0.065,3.0,1.29,2.595,0.16,0.205,288.0,1.71,24.0,0.305,295.0,1.59,0.072,0.00057,0.135,0.0001,0.02,2
fast food,"Pizza Chain, 14"" pizza, pepperoni topping, regular crust",Fast Foods,282.0,11.74,11.91,31.98,3.26,2.3,0.08,0.9,0.87,4.14,0.22,0.43,153.0,2.52,24.0,0.385,198.0,1.4,0.07,0.0005,0.131,0.000113,0.0236,2
fast food,"Pizza Chain, 14"" pizza, pepperoni topping, thick crust",Fast Foods,287.0,11.49,12.58,31.84,2.93,2.2,0.08,0.7,0.87,3.5,0.2,0.39,148.0,2.55,23.0,0.361,195.0,1.35,0.071,0.00051,0.143,0.0001089999999999,0.02,2
fast food,"Pizza Chain, 14"" pizza, meat and vegetable topping, regular crust",Fast Foods,244.0,11.02,10.9,25.38,3.73,2.2,0.098,0.1,0.86,3.1,0.266,0.256,120.0,1.86,23.0,0.273,183.0,1.24,0.061,0.00068,0.087,0.000138,0.0231,0
fast foods,"griddle cake sandwich, egg, cheese, and sausage",Fast Foods,291.0,10.77,17.73,22.04,7.9,0.6,0.128,0.0,0.55,2.111,0.29,0.17,96.0,1.51,14.0,0.143,307.0,1.03,0.059,0.00053,0.07,7.9e-05,0.0171,2
fast foods,"griddle cake sandwich, sausage",Fast Foods,318.0,8.41,17.76,31.25,11.23,1.0,0.108,0.0,0.0,3.082,0.156,0.209,63.0,1.42,14.0,0.198,316.0,0.76,0.0,0.00027,0.1,7.9e-05,0.0152,0
fast foods,"griddle cake sandwich, egg, cheese, and bacon",Fast Foods,272.0,12.03,13.19,26.19,9.56,0.8,0.083,1.8,0.53,1.319,0.3,0.126,109.0,1.65,21.0,0.0,184.0,1.37,0.063,0.0004,0.082,9.2e-05,0.0249,2
mcdonald's,Chicken McNUGGETS,Fast Foods,302.0,15.79,19.81,15.09,0.08,0.0,0.398,1.2,0.0,7.4,0.11,0.16,11.0,0.89,24.0,0.14,272.0,0.59,0.0,0.00033,0.0,4.9000000000000005e-05,0.0,2
mcdonald's,Barbeque Sauce,Fast Foods,165.0,1.55,1.22,36.93,34.31,1.3,0.083,0.0,1.07,0.69,0.043,0.022,11.0,0.4,13.0,0.097,30.0,0.17,0.012,0.0,0.0,3.7e-05,0.0,1
mcdonald's,Creamy Ranch Sauce,Fast Foods,468.0,1.11,52.03,3.49,3.45,0.0,0.04,0.0,3.42,0.033,0.079,0.031,29.0,0.25,3.0,0.022,30.0,0.13,0.0,0.00023,0.0,3.7e-05,0.0,4
mcdonald's,Hot Mustard Sauce,Fast Foods,190.0,2.6,7.31,29.08,21.76,5.0,0.06,0.0,0.86,0.402,0.056,0.048,32.0,0.86,24.0,0.22,57.0,0.36,0.0,0.00023,0.0,3.7e-05,0.0,0
mcdonald's,Spicy Buffalo Sauce,Fast Foods,142.0,0.54,15.45,1.81,0.0,1.5,0.236,0.0,2.71,0.406,0.055,0.028,9.0,0.35,6.0,0.046,11.0,0.06,0.051,0.0,0.0,3.7e-05,0.0,0
mcdonald's,Sweet 'N Sour Sauce,Fast Foods,170.0,0.66,1.09,39.38,35.79,0.0,0.033,1.2,0.71,0.396,0.042,0.178,6.0,0.64,6.0,0.047,16.0,0.08,0.008,0.0,0.0,3.7e-05,0.0,1
mcdonald's,Tangy Honey Mustard Sauce,Fast Foods,167.0,1.32,5.77,28.81,21.88,2.7,0.035,0.0,0.7,0.21,0.045,0.032,23.0,0.42,12.0,0.11,36.0,0.26,0.0,0.00016,0.0,3.7e-05,0.0,0
mcdonald's,Hash Brown,Fast Foods,271.0,2.48,16.3,28.56,0.54,2.8,0.18,5.6,2.14,1.733,0.032,0.127,19.0,0.56,20.0,0.153,99.0,0.34,0.0,0.0,0.0,9.3e-05,0.0004,0
mcdonald's,Hotcakes (plain),Fast Foods,228.0,6.0,5.84,38.27,8.84,1.4,0.077,0.0,0.7,2.17,0.267,0.299,84.0,1.83,19.0,0.253,260.0,0.42,0.003,0.0,0.0,9.1e-05,0.0,0
mcdonald's,Baked Apple Pie,Fast Foods,323.0,3.07,15.66,43.62,17.25,2.0,0.049,32.3,1.94,2.64,0.213,0.296,19.0,1.99,7.0,0.176,36.0,0.23,0.0,0.0,0.0,5.6e-05,0.0,3
mcdonald's,"Bacon, Egg & Cheese McGRIDDLES",Fast Foods,272.0,12.03,13.19,26.19,9.56,0.8,0.0,1.8,0.0,1.319,0.3,0.126,109.0,1.65,0.0,0.0,0.0,0.0,0.0,0.0,0.0,0.0,0.0,2
mcdonald's,Sausage McGRIDDLES,Fast Foods,312.0,8.41,17.76,31.25,11.23,1.0,0.108,0.0,0.0,3.082,0.156,0.209,63.0,1.42,14.0,0.198,316.0,0.76,0.0,0.00027,0.0,7.9e-05,0.0,0
mcdonald's,"Sausage, Egg & Cheese McGRIDDLES",Fast Foods,283.0,10.77,17.73,22.04,7.9,0.6,0.0,0.0,0.0,2.111,0.29,0.17,96.0,1.51,14.0,0.143,307.0,1.03,0.0,0.00053,0.0,7.9e-05,0.0,2
mcdonald's,Vanilla Reduced Fat Ice Cream Cone,Fast Foods,162.0,4.24,4.86,26.36,19.49,0.1,0.054,0.0,0.03,0.498,0.246,0.043,129.0,0.35,13.0,0.038,111.0,0.5,0.0,0.00058,0.0,2.3e-05,0.0,0
mcdonald's,Strawberry Sundae,Fast Foods,158.0,3.19,3.95,28.09,25.32,0.0,0.05,1.5,0.0,0.131,0.195,0.039,110.0,0.1,11.0,0.071,91.0,0.39,0.081,0.00049,0.0,1.5e-05,0.0,0
mcdonald's,Hot Caramel Sundae,Fast Foods,188.0,3.58,4.89,33.36,23.54,0.0,0.049,0.0,0.01,0.114,0.223,0.037,127.0,0.08,12.0,0.009,112.0,0.45,0.092,0.00051,0.0,1.5e-05,0.0,0
mcdonald's,Hot Fudge Sundae,Fast Foods,186.0,4.14,5.91,30.05,26.89,0.4,0.052,0.0,0.19,0.151,0.226,0.042,139.0,0.83,19.0,0.066,128.0,0.56,0.081,0.00055,0.0,5.1e-05,0.0,0
mcdonald's,Peanuts (for Sundaes),Fast Foods,640.0,28.04,52.91,16.23,4.15,0.0,0.728,0.0,8.24,16.5,0.111,0.075,46.0,1.45,193.0,2.0,364.0,2.78,0.0,0.0,0.0,0.000408,0.0,4
mcdonald's,McFLURRY with M&M'S CANDIES,Fast Foods,177.0,4.02,6.46,26.82,24.37,0.2,0.053,0.0,0.08,0.139,0.243,0.051,135.0,0.27,17.0,0.046,116.0,0.54,0.0,0.0006,0.0,4.4e-05,0.0,0
mcdonald's,McFLURRY with OREO cookies,Fast Foods,165.0,3.97,5.66,25.55,21.19,0.1,0.058,0.0,0.09,0.264,0.229,0.048,129.0,0.61,14.0,0.042,111.0,0.5,0.0,0.00058,0.0,3e-05,0.0,0
mcdonald's,Sausage Burrito,Fast Foods,262.0,11.54,15.15,21.39,1.25,1.1,0.361,0.8,0.19,1.702,0.29,0.161,180.0,1.63,17.0,0.19,219.0,1.18,0.086,0.00054,0.0,8.1e-05,0.0,2
mcdonald's,BIG BREAKFAST,Fast Foods,285.0,10.16,19.37,17.5,0.93,1.1,0.174,0.4,0.0,2.273,0.352,0.229,51.0,1.74,15.0,0.119,256.0,0.97,0.07,0.00057,0.0,8.2e-05,0.0,2
mcdonald's,Low Fat Caramel Sauce,Fast Foods,313.0,1.89,3.25,71.53,43.21,0.0,0.026,0.0,0.0,0.006,0.134,0.075,71.0,0.16,8.0,0.011,89.0,0.28,0.045,0.0,0.0,1.7999999999999997e-05,0.0,1
mcdonald's,Double Cheeseburger,Fast Foods,282.0,15.5,16.09,18.79,4.23,0.8,0.0,0.4,0.0,3.86,0.247,0.162,178.0,2.24,21.0,0.202,166.0,2.58,0.0,0.0,0.0,7.7e-05,0.0,2
mcdonald's,DOUBLE QUARTER POUNDER with Cheese,Fast Foods,262.0,16.96,16.22,14.43,3.49,1.0,0.0,0.6,0.0,4.213,0.303,0.127,106.0,2.18,21.0,0.133,165.0,3.33,0.0,0.0016799999999999,0.0,9.1e-05,0.0,2
mcdonald's,NEWMAN'S OWN Cobb Dressing,Fast Foods,196.0,1.69,14.45,15.49,7.79,0.3,0.0,0.5,0.0,0.01,0.02,0.01,50.0,0.2,3.0,0.0,31.0,0.3,0.0,5e-05,0.0,0.0,0.0003,0
mcdonald's,NEWMAN'S OWN Creamy Caesar Dressing,Fast Foods,319.0,3.56,31.5,6.85,3.0,0.1,1.09,0.0,0.0,0.02,0.04,0.01,104.0,0.28,5.0,0.0,65.0,0.34,0.0,8.999999999999999e-05,0.0,0.0001199999999999,0.0002,2
mcdonald's,NEWMAN'S OWN Low Fat Balsamic Vinaigrette,Fast Foods,86.0,0.19,5.94,24.65,6.74,0.4,0.0,4.0,0.01,0.01,0.0,0.0,8.0,0.28,3.0,0.04,1.0,0.03,0.0,0.0,0.0,1e-05,0.0001,0
mcdonald's,NEWMAN'S OWN Ranch Dressing,Fast Foods,313.0,2.62,26.57,16.75,6.57,0.3,0.04,0.8,0.0,0.01,0.14,0.01,77.0,0.25,3.0,0.02,76.0,0.06,0.0,0.0,0.0,1e-05,0.0004,0
mcdonald's,BIG MAC (without Big Mac Sauce),Fast Foods,234.0,12.79,11.57,21.01,3.7,1.7,0.0,0.4,0.0,3.693,0.223,0.19,124.0,2.14,21.0,0.218,130.0,2.07,0.0,0.00094,0.0,0.0001049999999999,0.0,2
mcdonald's,McCHICKEN Sandwich,Fast Foods,273.0,10.43,13.21,27.97,3.57,1.3,0.0,0.0,0.0,3.942,0.2,0.212,88.0,1.74,20.0,0.358,139.0,0.63,0.0,0.00019,0.0,8.2e-05,0.0,2
mcdonald's,McCHICKEN Sandwich (without mayonnaise),Fast Foods,240.0,11.08,8.46,30.95,4.16,1.4,0.0,0.9,0.0,4.371,0.216,0.234,96.0,1.78,20.0,0.294,150.0,0.75,0.0,0.00017,0.0,7.3e-05,0.0,0
mcdonald's,Egg McMUFFIN,Fast Foods,228.0,13.64,9.66,21.67,2.13,1.1,0.145,1.2,0.59,3.102,0.368,0.262,192.0,2.3,20.0,0.235,200.0,1.29,0.0,0.0,0.0,8.400000000000001e-05,0.0,2
mcdonald's,Sausage McMUFFIN,Fast Foods,333.0,12.66,21.06,24.52,1.93,1.4,0.153,0.0,0.28,4.184,0.288,0.347,224.0,2.04,21.0,0.254,163.0,1.28,0.0,0.00045,0.0,9.1e-05,0.0,2
mcdonald's,Sausage McMUFFIN with Egg,Fast Foods,274.0,12.59,17.83,17.28,1.57,0.9,0.149,0.0,0.5,2.93,0.344,0.262,172.0,1.97,18.0,0.189,171.0,1.22,0.0,0.0007,0.0,9.4e-05,0.0,2
mcdonald's,Bacon Egg & Cheese Biscuit,Fast Foods,304.0,13.45,18.77,22.26,2.18,0.9,0.093,2.1,0.0,1.959,0.416,0.262,109.0,2.13,12.0,0.137,335.0,0.9,0.0,0.0,0.0,7.3e-05,0.0,2
mcdonald's,Sausage Biscuit,Fast Foods,376.0,9.62,25.4,27.2,1.97,1.2,0.128,0.0,0.75,4.284,0.281,0.403,55.0,2.01,13.0,0.174,323.0,0.86,0.008,0.00039,0.0,7.4e-05,0.0,2
mcdonald's,Sausage Biscuit with Egg,Fast Foods,311.0,11.27,22.26,19.28,1.43,0.8,0.144,0.0,0.98,2.968,0.381,0.308,58.0,2.03,13.0,0.13,303.0,1.04,0.064,0.0006,0.0,7.8e-05,0.0,2
mcdonald's,"Deluxe Breakfast, with syrup and margarine",Fast Foods,285.0,7.56,15.23,29.48,9.88,1.0,0.124,0.2,0.0,1.879,0.275,0.207,50.0,1.5,13.0,0.13,216.0,0.69,0.0,0.00035,0.0,7.3e-05,0.0,0
mcdonald's,Hotcakes and Sausage,Fast Foods,294.0,7.81,12.5,37.55,7.29,1.6,0.087,0.0,0.0,1.979,0.178,0.216,78.0,1.41,14.0,0.148,171.0,0.5,0.0,0.00014,0.0,6.6e-05,0.0,0
mcdonald's,Hotcakes (with 2 pats margarine & syrup),Fast Foods,272.0,4.05,8.06,46.08,20.58,0.9,0.052,0.0,0.0,1.464,0.18,0.202,57.0,1.28,13.0,0.171,177.0,0.29,0.0,1e-05,0.0,6.6e-05,0.0,0
mcdonald's,Bacon Ranch Salad with Grilled Chicken,Fast Foods,81.0,10.28,3.14,3.64,1.73,1.0,0.0,10.2,0.0,3.703,0.083,0.056,48.0,0.65,0.0,0.0,0.0,0.0,0.0,0.0,0.0,0.0,0.0,0
mcdonald's bacon ranch salad with crispy chicken,No_descr,Fast Foods,122.0,8.82,6.3,6.08,1.53,1.0,0.0,9.7,0.0,3.025,0.071,0.06,46.0,0.61,0.0,0.0,0.0,0.0,0.0,0.0,0.0,0.0,0.0,0
mcdonald's,Bacon Ranch Salad without chicken,Fast Foods,61.0,4.14,3.64,4.2,2.14,1.5,0.0,13.5,0.0,0.206,0.058,0.044,63.0,0.67,10.0,0.0,45.0,0.0,0.0,0.0001,0.0,0.0,0.0,0
mcdonald's,Side Salad,Fast Foods,20.0,1.03,0.19,4.3,2.24,1.6,0.0,15.7,0.0,0.208,0.038,0.045,24.0,0.65,0.0,0.0,0.0,0.0,0.0,0.0,0.0,0.0,0.0,0
mcdonald's,Fruit 'n Yogurt Parfait,Fast Foods,105.0,2.73,1.3,20.72,12.83,1.0,0.0,13.9,0.0,0.237,0.115,0.046,86.0,0.45,14.0,0.203,84.0,0.36,0.0,0.00019,0.0,5.1e-05,0.0,0
mcdonald's,Fruit 'n Yogurt Parfait (without granola),Fast Foods,90.0,2.47,1.13,17.67,11.9,0.9,0.0,14.5,0.0,0.188,0.117,0.033,87.0,0.36,12.0,0.122,71.0,0.3,0.0,0.0002,0.0,4.1e-05,0.0,0
mcdonald's,FILET-O-FISH (without tartar sauce),Fast Foods,243.0,12.47,7.62,31.08,4.27,1.0,0.0,0.1,0.0,2.748,0.201,0.283,128.0,1.64,23.0,0.23,131.0,0.54,0.0,0.00081,0.0,6.500000000000001e-05,0.0,2
burger king,"CROISSAN'WICH with Sausage, Egg and Cheese",Fast Foods,308.0,12.09,21.78,15.9,3.12,1.8,0.159,0.0,1.54,2.754,0.37,0.237,90.0,1.65,17.0,0.184,138.0,1.14,0.17,0.00051,0.0,7.000000000000001e-05,0.0248,2
burger king,CROISSAN'WICH with Sausage and Cheese,Fast Foods,376.0,13.73,25.45,23.0,3.36,0.7,0.182,0.0,0.98,4.09,0.317,0.329,107.0,1.87,19.0,0.257,158.0,1.43,0.0,0.00055,0.0,7.199999999999999e-05,0.0209,2
burger king,CROISSAN'WICH with Egg and Cheese,Fast Foods,283.0,10.35,15.78,24.79,4.03,0.7,0.117,0.0,1.11,2.052,0.426,0.243,231.0,1.9,17.0,0.227,249.0,1.04,0.0,0.00053,0.0,7.4e-05,0.0222,2
burger king,french toast sticks,Fast Foods,349.0,6.0,17.74,41.21,9.89,1.4,0.053,0.0,0.88,2.575,0.175,0.284,53.0,1.92,19.0,0.39,87.0,0.51,0.0,0.0,0.0,8.5e-05,0.0121999999999999,3
burger king,Hash Brown Rounds,Fast Foods,302.0,2.8,19.3,29.37,0.63,2.3,0.187,4.3,4.4,1.98,0.053,0.163,15.0,0.71,20.0,0.176,95.0,0.37,0.0,0.0,0.0,0.000127,0.0004,0
fast foods,miniature cinnamon rolls,Fast Foods,403.0,7.02,17.95,53.38,17.98,2.2,0.044,0.0,1.11,3.16,0.303,0.254,54.0,2.55,13.0,0.561,180.0,0.54,0.0,0.00011,0.0,7.000000000000001e-05,0.0116999999999999,3
fast foods,"hamburger; double, large patty; with condiments, vegetables and mayonnaise",Fast Foods,252.0,13.94,15.66,13.74,3.52,1.4,0.114,0.2,0.67,3.23,0.19,0.193,35.0,2.8,18.0,0.2,111.0,3.0,0.006,0.00137,0.06,0.0001199999999999,0.0201,2
fast foods,"hamburger; single, large patty; with condiments, vegetables and mayonnaise",Fast Foods,226.0,11.34,12.37,17.33,4.0,1.5,0.103,0.9,0.15,3.141,0.213,0.211,46.0,2.99,18.0,0.183,97.0,2.46,0.009,0.00121,0.087,8.1e-05,0.0182,2
fast foods,"hamburger; single, regular patty; double decker bun with condiments and special sauce",Fast Foods,259.0,12.17,13.3,22.69,0.0,1.4,0.076,0.3,0.09,3.94,0.227,0.231,103.0,2.07,24.0,0.235,112.0,2.38,0.0,0.00123,0.034,0.000101,0.0253,2
fast foods,"cheeseburger; double, regular patty; with condiments",Fast Foods,282.0,16.24,16.18,17.97,4.16,0.9,0.214,2.9,0.35,3.462,0.204,0.231,150.0,2.35,21.0,0.198,165.0,2.77,0.044,0.00128,0.061,8.1e-05,0.0179,2
fast foods,"cheeseburger; double, large patty; with condiments",Fast Foods,272.0,16.96,16.22,14.43,3.49,1.0,0.0,0.6,0.0,4.213,0.303,0.127,106.0,2.18,21.0,0.133,165.0,3.33,0.0,0.0016799999999999,0.0,9.1e-05,0.0,2
fast foods,"cheeseburger; single, large patty; with condiments, vegetables and mayonnaise",Fast Foods,268.0,13.69,15.8,17.73,4.5,1.1,0.186,1.1,0.57,3.143,0.257,0.177,73.0,2.3,18.0,0.186,125.0,2.26,0.05,0.00093,0.072,8.1e-05,0.0165,2
fast foods,"cheeseburger; single, large patty; with condiments",Fast Foods,269.0,15.21,14.4,19.72,3.6,1.2,0.093,0.3,0.2,4.05,0.26,0.119,179.0,1.02,26.0,0.163,183.0,2.83,0.051,0.00175,0.024,7.5e-05,0.0247,2
fast foods,"cheeseburger; double, large patty; with condiments, vegetables and mayonnaise",Fast Foods,253.0,15.5,15.63,12.62,3.61,1.3,0.15,0.5,0.06,3.26,0.23,0.254,68.0,4.12,19.0,0.137,131.0,3.27,0.012,0.0019199999999999,0.042,7.6e-05,0.0184,2
fast foods,"cheeseburger; double, regular patty; double decker bun with condiments and special sauce",Fast Foods,261.0,11.94,14.1,21.53,3.26,1.4,0.17,0.3,0.06,3.63,0.201,0.184,127.0,1.4,25.0,0.212,136.0,2.16,0.027,0.00127,0.04,0.000131,0.0259,2
fast foods,chicken tenders,Fast Foods,271.0,19.22,13.95,17.25,0.4,1.2,0.426,1.1,3.17,8.217,0.179,0.11,17.0,0.73,28.0,0.228,282.0,0.71,0.003,0.00016,0.023,6.900000000000001e-05,0.0175,2
mcdonald's,Premium Grilled Chicken Classic Sandwich,Fast Foods,183.0,14.16,4.29,22.28,5.01,1.4,0.306,3.2,0.53,6.521,0.19,0.196,37.0,1.48,28.0,0.357,195.0,0.69,0.0,0.00015,0.0,7.3e-05,0.0,2
mcdonald's,Premium Crispy Chicken Classic Sandwich,Fast Foods,228.0,12.08,8.68,25.46,5.37,1.4,0.0,2.5,0.0,5.542,0.171,0.199,34.0,1.42,27.0,0.43,161.0,0.66,0.018,0.0,0.0,8.7e-05,0.0,0
mcdonald's,Premium Grilled Chicken Club Sandwich,Fast Foods,221.0,17.19,8.05,19.87,2.89,1.2,0.0,4.4,0.0,5.575,0.186,0.172,95.0,1.37,0.0,0.0,0.0,0.0,0.0,0.0,0.0,0.0,0.0,2
mcdonald's,Premium Crispy Chicken Club Sandwich,Fast Foods,250.0,15.38,11.76,22.61,4.99,1.2,0.0,3.8,0.0,4.748,0.169,0.176,92.0,1.32,0.0,0.0,0.0,0.0,0.0,0.0,0.0,0.0,0.0,2
mcdonald's,Premium Grilled Chicken Ranch BLT Sandwich,Fast Foods,204.0,16.7,5.41,21.91,5.2,1.4,0.0,4.9,0.0,6.177,0.183,0.187,38.0,1.48,0.0,0.0,0.0,0.0,0.0,0.0,0.0,0.0,0.0,2
mcdonald's,Premium Crispy Chicken Ranch BLT Sandwich,Fast Foods,244.0,14.7,9.55,24.93,5.53,1.4,0.0,4.3,0.0,5.254,0.165,0.19,35.0,1.42,0.0,0.0,0.0,0.0,0.0,0.0,0.0,0.0,0.0,2
fast foods,"bagel, with egg, sausage patty, cheese, and condiments",Fast Foods,295.0,12.98,16.97,22.64,2.87,0.2,0.091,0.5,0.64,2.877,0.218,0.305,94.0,1.77,20.0,0.179,185.0,1.05,0.064,0.0009599999999999,0.08,0.000327,0.0238,2
fast foods,"bagel, with breakfast steak, egg, cheese, and condiments",Fast Foods,282.0,15.95,14.07,22.99,2.97,0.2,0.132,0.0,0.55,3.355,0.255,0.236,93.0,2.06,22.0,0.188,204.0,2.21,0.083,0.00127,0.073,0.000337,0.0251,2
light ice cream,"soft serve, blended with milk chocolate candies",Fast Foods,182.0,4.02,6.46,26.82,24.37,0.2,0.053,0.9,0.08,0.139,0.243,0.051,135.0,0.27,17.0,0.046,116.0,0.54,0.031,0.0006,0.003,4.4e-05,0.0036,0
light ice cream,"soft serve, blended with cookie pieces",Fast Foods,169.0,3.97,5.66,25.55,21.19,0.1,0.058,0.8,0.09,0.264,0.229,0.048,129.0,0.61,14.0,0.042,111.0,0.5,0.026,0.00058,0.013,3e-05,0.004,0
popeyes,biscuit,Fast Foods,401.0,6.0,23.71,40.95,3.46,3.8,0.047,0.0,1.02,3.24,0.277,0.46,108.0,2.51,13.0,0.3,309.0,0.49,0.064,0.0,0.0,6.6e-05,0.0040999999999999,3
popeyes,Coleslaw,Fast Foods,161.0,0.98,11.18,14.12,10.83,1.7,0.102,14.7,0.0,0.206,0.025,0.015,31.0,0.23,7.0,0.083,20.0,0.12,0.056,0.0,0.0,1.4e-05,0.0,0
popeyes,"Mild Chicken Strips, analyzed 2006",Fast Foods,271.0,19.2,13.01,19.31,0.0,0.8,0.486,0.0,0.0,8.317,0.122,0.12,12.0,0.91,26.0,0.207,265.0,0.59,0.0,0.00011,0.0,6.2e-05,0.0197,2
popeyes,"Spicy Chicken Strips, analyzed 2006",Fast Foods,253.0,19.61,11.2,18.52,0.0,1.2,0.426,0.0,0.0,8.69,0.13,0.117,12.0,1.01,28.0,0.222,276.0,0.6,0.0,0.0002,0.0,7.099999999999999e-05,0.0189,2
kfc,biscuit,Fast Foods,358.0,7.5,17.05,43.55,4.04,2.0,0.063,0.0,0.26,3.897,0.313,0.433,55.0,2.86,16.0,0.422,538.0,0.5,0.0,0.0,0.0,8.7e-05,0.0152,3
kfc,Coleslaw,Fast Foods,144.0,0.91,8.64,15.65,13.54,2.0,0.121,14.6,0.54,0.206,0.015,0.037,28.0,0.21,9.0,0.121,20.0,0.15,0.001,3e-05,0.0,1.6e-05,0.0,0
kfc,Crispy Chicken Strips,Fast Foods,274.0,20.25,15.42,13.66,0.0,1.4,0.474,0.0,0.9,8.562,0.051,0.083,25.0,0.69,33.0,0.258,298.0,0.68,0.0,0.00017,0.0,7.4e-05,0.0181,2
kfc,Popcorn Chicken,Fast Foods,351.0,17.67,21.74,21.18,0.0,1.0,0.502,0.0,1.32,8.108,0.13,0.177,32.0,1.42,28.0,0.232,299.0,0.98,0.0,0.00014,0.0,7.8e-05,0.0261,2
kfc,"Fried Chicken, ORIGINAL RECIPE, Skin and Breading",Fast Foods,384.0,14.17,28.01,18.79,0.0,0.0,0.14,0.0,1.2,5.42,0.197,0.08,117.0,0.88,25.0,0.298,252.0,0.87,0.02,0.00032,0.0,8.2e-05,0.0172,2
kfc,"Fried Chicken, ORIGINAL RECIPE, Breast, meat only, skin and breading removed",Fast Foods,149.0,26.89,4.56,0.0,0.0,0.0,0.28,0.0,0.33,8.667,0.223,0.102,25.0,0.53,27.0,0.042,255.0,0.97,0.005,0.00026,0.0,6.3e-05,0.0331,2
kfc,"Fried Chicken, ORIGINAL RECIPE, Drumstick, meat only, skin and breading removed",Fast Foods,175.0,26.3,7.66,0.11,0.0,0.0,0.248,0.0,0.0,5.277,0.264,0.05,16.0,1.04,23.0,0.056,223.0,2.5,0.0,0.00064,0.0,8.3e-05,0.0308999999999999,2
kfc,"Fried Chicken, ORIGINAL RECIPE, Thigh, meat only, skin and breading removed",Fast Foods,175.0,22.78,9.31,0.01,0.0,0.0,0.137,0.0,0.41,5.61,0.31,0.089,20.0,0.87,20.0,0.05,213.0,1.91,0.011,0.00047,0.0,8.2e-05,0.0287,2
kfc,"Fried Chicken, ORIGINAL RECIPE, Wing, meat only, skin and breading removed",Fast Foods,216.0,28.65,10.49,1.76,0.0,0.0,0.233,0.0,0.66,7.18,0.243,0.064,40.0,0.98,23.0,0.061,249.0,1.82,0.009,0.00045,0.0,6.900000000000001e-05,0.036,2
kfc,"Fried Chicken, EXTRA CRISPY, Skin and Breading",Fast Foods,464.0,10.96,36.61,22.54,0.0,1.5,0.127,0.0,0.0,3.423,0.072,0.015,41.0,0.67,18.0,0.308,149.0,0.61,0.035,0.0003599999999999,0.0,0.001011,0.0119,2
kfc,"Fried Chicken, EXTRA CRISPY, Breast, meat only, skin and breading removed",Fast Foods,153.0,27.25,4.82,0.25,0.0,0.0,0.416,0.0,0.0,10.897,0.127,0.06,20.0,0.51,28.0,0.048,253.0,0.89,0.0,0.0003,0.0,4.4e-05,0.0278,2
kfc,"Fried Chicken, EXTRA CRISPY, Drumstick, meat only, skin and breading removed",Fast Foods,170.0,25.9,7.43,0.0,0.0,0.0,0.247,0.0,0.0,5.244,0.262,0.05,16.0,1.05,23.0,0.056,224.0,2.51,0.0,0.00063,0.0,8.400000000000001e-05,0.0308999999999999,2
kfc,"Fried Chicken, EXTRA CRISPY, Thigh, meat only, skin and breading removed",Fast Foods,179.0,22.41,9.96,0.0,0.0,0.0,0.288,0.0,0.0,5.317,0.245,0.055,21.0,0.96,22.0,0.054,223.0,1.9,0.0,0.00053,0.0,8.7e-05,0.0278,2
kfc,"Fried Chicken, EXTRA CRISPY, Wing, meat only, skin and breading removed",Fast Foods,236.0,28.67,12.13,2.97,0.0,0.0,0.401,0.0,0.0,7.136,0.149,0.028,30.0,0.89,25.0,0.094,226.0,1.75,0.0,0.00041,0.0,6.1e-05,0.0319,2
kfc,"Fried Chicken, ORIGINAL RECIPE, Breast, meat and skin with breading",Fast Foods,231.0,21.94,13.11,6.28,0.0,0.0,0.326,0.0,0.0,8.596,0.116,0.046,33.0,0.6,25.0,0.142,225.0,0.81,0.017,0.00031,0.0,5.4e-05,0.0224,2
kfc,"Fried Chicken, ORIGINAL RECIPE, Drumstick, meat and skin with breading",Fast Foods,239.0,22.3,14.22,5.39,0.0,0.0,0.221,0.0,0.0,4.993,0.213,0.041,29.0,0.97,23.0,0.135,211.0,1.96,0.0,0.00054,0.0,8e-05,0.0255,2
kfc,"Fried Chicken, ORIGINAL RECIPE, Thigh, meat and skin with breading",Fast Foods,269.0,18.9,17.73,8.46,0.0,0.0,0.138,0.0,0.77,5.524,0.259,0.085,64.0,0.88,22.0,0.161,230.0,1.44,0.015,0.0004,0.0,8.2e-05,0.0235,2
kfc,"Fried Chicken, ORIGINAL RECIPE, Wing, meat and skin with breading",Fast Foods,297.0,21.7,18.9,9.93,0.0,0.0,0.188,0.0,0.92,6.335,0.221,0.072,77.0,0.93,24.0,0.175,250.0,1.36,0.014,0.00039,0.0,7.5e-05,0.027,2
kfc,"Fried Chicken, EXTRA CRISPY, Breast, meat and skin with breading",Fast Foods,268.0,21.24,16.55,8.47,0.0,0.0,0.309,0.0,0.0,8.139,0.107,0.043,27.0,0.57,24.0,0.144,215.0,0.78,0.0,0.00032,0.0,0.0004,0.0219,2
kfc,"Fried Chicken, EXTRA CRISPY, Drumstick, meat and skin with breading",Fast Foods,274.0,20.62,17.73,7.96,0.0,0.0,0.204,0.0,0.0,4.601,0.195,0.037,25.0,0.91,21.0,0.145,198.0,1.84,0.0,0.00054,0.0,0.0004109999999999,0.0242,2
kfc,"Fried Chicken, EXTRA CRISPY, Thigh, meat and skin with breading",Fast Foods,309.0,17.17,22.14,10.3,0.0,0.0,0.215,0.0,0.0,4.451,0.166,0.037,30.0,0.83,20.0,0.17,189.0,1.31,0.0,0.00045,0.0,0.000509,0.0205,2
kfc,"Fried Chicken, EXTRA CRISPY, Wing, meat and skin with breading",Fast Foods,337.0,20.8,23.0,11.66,0.0,0.0,0.28,0.0,0.0,5.488,0.115,0.022,35.0,0.79,22.0,0.189,192.0,1.24,0.0,0.00039,0.0,0.000483,0.023,2
popeyes,"Fried Chicken, Mild, Breast, meat only, skin and breading removed",Fast Foods,157.0,28.98,4.52,0.0,0.0,0.0,0.37,0.0,0.21,9.393,0.24,0.107,20.0,0.55,29.0,0.03,219.0,0.97,0.004,0.00033,0.0,5.2e-05,0.0352,2
popeyes,"Fried Chicken, Mild, Drumstick, meat only, skin and breading removed",Fast Foods,170.0,26.51,7.14,0.04,0.0,0.0,0.296,0.0,0.0,6.15,0.341,0.107,16.0,1.06,25.0,0.046,206.0,2.59,0.0,0.00085,0.0,8.400000000000001e-05,0.0346,2
popeyes,"Fried Chicken, Mild, Skin and Breading",Fast Foods,433.0,13.96,32.32,21.54,0.0,1.0,0.107,0.0,0.2,5.353,0.283,0.165,26.0,1.73,19.0,0.241,119.0,0.67,0.025,0.00038,0.0,6.900000000000001e-05,0.0226,2
popeyes,"Fried Chicken, Mild, Thigh, meat only, skin and breading removed",Fast Foods,188.0,24.31,9.66,0.85,0.0,0.0,0.364,0.0,0.28,6.02,0.407,0.111,34.0,1.03,24.0,0.037,187.0,2.01,0.013,0.0005899999999999,0.0,9.8e-05,0.0342,2
popeyes,"Fried Chicken, Mild, Wing, meat only, skin and breading removed",Fast Foods,212.0,28.94,9.42,2.9,0.0,0.0,0.3,0.0,0.39,8.127,0.297,0.098,38.0,0.92,26.0,0.041,188.0,2.02,0.01,0.00075,0.0,9.3e-05,0.0427,2
popeyes,"Fried Chicken, Mild, Breast, meat and skin with breading",Fast Foods,274.0,21.67,16.47,9.83,0.0,0.4,0.389,0.0,0.0,8.988,0.164,0.102,23.0,0.74,25.0,0.109,191.0,0.76,0.016,0.0003599999999999,0.0,4.3e-05,0.0294,2
popeyes,"Fried Chicken, Mild, Drumstick, meat and skin with breading",Fast Foods,293.0,20.44,19.14,9.84,0.0,0.0,0.235,0.0,0.0,5.443,0.25,0.101,20.0,1.06,22.0,0.121,171.0,1.76,0.0,0.00062,0.0,7.4e-05,0.0278999999999999,2
popeyes,"Fried Chicken, Mild, Thigh, meat and skin with breading",Fast Foods,310.0,19.14,20.99,11.2,0.0,0.5,0.235,0.0,0.24,5.687,0.345,0.138,30.0,1.38,21.0,0.139,153.0,1.34,0.019,0.0004799999999999,0.0,8.400000000000001e-05,0.0283999999999999,2
popeyes,"Fried Chicken, Mild, Wing, meat and skin with breading",Fast Foods,338.0,20.4,22.48,13.52,0.0,0.6,0.19,0.0,0.28,6.546,0.289,0.136,31.0,1.38,22.0,0.155,149.0,1.25,0.019,0.00054,0.0,7.9e-05,0.0312,2
fast foods,"grilled chicken, bacon and tomato club sandwich, with cheese, lettuce, and mayonnaise",Fast Foods,220.0,17.19,8.05,19.87,4.68,1.2,0.296,4.4,0.61,5.575,0.186,0.172,95.0,1.37,32.0,0.0,215.0,1.34,0.035,0.00047,0.036,8.9e-05,0.0248,2
fast foods,"crispy chicken, bacon, and tomato club sandwich, with cheese, lettuce, and mayonnaise",Fast Foods,257.0,15.38,11.76,22.61,4.99,1.2,0.279,3.8,0.5,4.748,0.169,0.176,92.0,1.32,31.0,0.0,224.0,1.17,0.032,0.00046,0.034,9.7e-05,0.0146,2
yogurt parfait,"lowfat, with fruit and granola",Fast Foods,84.0,3.36,1.01,15.86,11.68,1.1,0.233,14.3,0.25,0.714,0.173,0.07,105.0,0.49,17.0,0.0,93.0,0.89,0.03,0.00088,0.077,5.4e-05,0.0039,0
fast foods,"Fried Chicken, Breast, meat only, skin and breading removed",Fast Foods,153.0,27.93,4.54,0.0,0.0,0.0,0.325,0.0,0.27,9.03,0.232,0.104,23.0,0.54,28.0,0.036,237.0,0.97,0.004,0.0003,0.012,5.8e-05,0.0341,2
fast foods,"Fried Chicken, Drumstick, meat only, skin and breading removed",Fast Foods,172.0,26.24,7.41,0.0,0.0,0.0,0.272,0.0,0.33,5.726,0.303,0.079,16.0,1.03,24.0,0.05,211.0,2.5,0.011,0.00074,0.01,8.2e-05,0.0321,2
fast foods,"Fried Chicken, Thigh, meat only, skin and breading removed",Fast Foods,178.0,23.21,9.41,0.24,0.0,0.0,0.2,0.0,0.37,5.725,0.337,0.095,24.0,0.91,21.0,0.046,206.0,1.94,0.012,0.0005,0.012,8.599999999999999e-05,0.0301999999999999,2
fast foods,"Fried Chicken, Wing, meat only, skin and breading removed",Fast Foods,215.0,28.77,10.2,2.13,0.0,0.0,0.264,0.0,0.54,7.59,0.267,0.08,40.0,0.96,24.0,0.053,225.0,1.9,0.01,0.0005899999999999,0.008,8e-05,0.0389,2
fast foods,"Fried Chicken, Skin and breading from all pieces",Fast Foods,398.0,14.11,29.22,19.56,0.0,0.3,0.131,0.0,0.92,5.401,0.221,0.104,92.0,1.12,23.0,0.282,215.0,0.81,0.021,0.00034,0.064,7.8e-05,0.0186999999999999,2
fast foods,"Fried Chicken, Breast, meat and skin and breading",Fast Foods,230.0,23.51,12.44,6.03,0.0,0.1,0.263,0.0,0.48,7.869,0.228,0.104,45.0,0.72,26.0,0.115,230.0,0.92,0.01,0.00031,0.028,6.4e-05,0.0292,2
fast foods,"Fried Chicken, Drumstick, meat and skin with breading",Fast Foods,267.0,21.13,16.92,7.59,0.0,0.5,0.227,0.0,0.33,5.209,0.234,0.069,24.0,0.99,22.0,0.13,188.0,1.83,0.022,0.0005899999999999,0.029,0.000162,0.0261999999999999,2
fast foods,"Fried Chicken, Thigh, meat and skin and breading",Fast Foods,274.0,19.23,18.07,8.68,0.0,0.1,0.17,0.0,0.61,5.583,0.286,0.099,54.0,1.0,22.0,0.149,210.0,1.45,0.016,0.00043,0.034,8.3e-05,0.0252,2
fast foods,"Fried Chicken, Wing, meat and skin and breading",Fast Foods,310.0,21.14,20.09,11.19,0.0,0.1,0.194,0.0,0.74,6.452,0.243,0.092,67.0,1.04,24.0,0.172,220.0,1.33,0.016,0.00046,0.037,7.9e-05,0.0283999999999999,2
digiorno pizza,"cheese topping, cheese stuffed crust, frozen, baked",Fast Foods,279.0,13.48,11.68,29.86,0.0,1.9,0.103,0.5,0.93,3.553,0.253,0.337,235.0,2.35,27.0,0.313,354.0,1.67,0.08,0.0003599999999999,0.0,0.000107,0.0332999999999999,2
digiorno pizza,"cheese topping, rising crust, frozen, baked",Fast Foods,256.0,12.8,8.6,31.78,5.0,2.4,0.112,1.5,0.89,1.268,0.096,0.094,192.0,0.77,27.0,0.366,241.0,1.56,0.046,0.00033,0.0,0.000114,0.0266,2
digiorno pizza,"cheese topping, thin crispy crust, frozen, baked",Fast Foods,247.0,12.96,9.91,26.47,0.0,3.0,0.13,0.1,0.74,1.283,0.127,0.103,275.0,0.68,27.0,0.227,236.0,1.8,0.064,0.00062,0.0,9.7e-05,0.0214,2
digiorno pizza,"pepperoni topping, cheese stuffed crust, frozen, baked",Fast Foods,279.0,13.92,11.71,29.46,0.0,2.1,0.12,1.1,0.72,3.723,0.247,0.273,226.0,2.3,26.0,0.333,270.0,1.63,0.064,0.00055,0.0,0.000107,0.0324,2
digiorno pizza,"pepperoni topping, rising crust, frozen, baked",Fast Foods,265.0,12.46,10.11,31.15,5.1,2.3,0.136,1.3,0.88,1.564,0.083,0.132,157.0,0.95,27.0,0.392,225.0,1.45,0.041,0.0004199999999999,0.0,0.0001199999999999,0.0268,2
digiorno pizza,"pepperoni topping, thin crispy crust, frozen, baked",Fast Foods,283.0,13.22,12.86,28.67,0.0,2.8,0.16,0.9,0.77,2.053,0.125,0.143,209.0,0.9,28.0,0.305,213.0,1.64,0.046,0.00055,0.0,0.000108,0.0241,2
digiorno pizza,"supreme topping, rising crust, frozen, baked",Fast Foods,255.0,11.74,10.68,27.93,4.71,2.3,0.137,0.0,0.89,1.605,0.08,0.153,139.0,1.01,27.0,0.382,211.0,1.3,0.035,0.00041,0.0,0.000118,0.025,0
digiorno pizza,"supreme topping, thin crispy crust, frozen, baked",Fast Foods,255.0,11.41,10.8,28.05,0.0,2.8,0.163,0.8,0.82,2.013,0.098,0.148,161.0,0.92,28.0,0.313,187.0,1.4,0.041,0.0004799999999999,0.0,0.00011,0.0209,0
fast food,"Pizza Chain, 14"" pizza, sausage topping, thick crust",Fast Foods,282.0,11.06,12.94,30.36,2.82,2.3,0.07,1.0,0.9,3.57,0.19,0.385,143.0,2.45,23.0,0.323,193.0,1.26,0.067,0.00049,0.136,0.000107,0.0177,2
fast food,"Pizza Chain, 14"" pizza, sausage topping, thin crust",Fast Foods,321.0,13.36,17.71,27.0,3.02,2.5,0.075,2.1,1.3,3.06,0.15,0.225,213.0,1.73,25.0,0.301,254.0,1.51,0.07,0.00058,0.123,0.0001049999999999,0.0186,2
fast food,"Pizza Chain, 14"" pizza, sausage topping, regular crust",Fast Foods,280.0,11.5,12.35,30.62,3.32,2.3,0.08,1.7,0.91,3.8,0.19,0.345,144.0,2.41,24.0,0.352,193.0,1.32,0.068,0.0004799999999999,0.126,0.000111,0.0203,2
fast food,"Pizza Chain, 14"" pizza, pepperoni topping, thin crust",Fast Foods,331.0,14.01,17.61,29.0,3.22,2.3,0.095,2.0,1.29,3.31,0.17,0.225,216.0,1.95,25.0,0.355,253.0,1.64,0.07,0.00076,0.131,0.00011,0.0245,2
fast foods,"taco with beef, cheese and lettuce, soft",Fast Foods,206.0,9.25,9.75,20.23,1.57,2.9,0.06,0.1,0.25,2.88,0.13,0.18,123.0,1.67,19.0,0.31,167.0,1.37,0.019,0.0008399999999999,0.096,6.7e-05,0.0168,0
fast foods,"taco with chicken, lettuce and cheese, soft",Fast Foods,189.0,13.3,6.35,19.69,1.3,1.2,0.11,0.2,0.21,5.17,0.11,0.16,122.0,1.59,24.0,0.245,244.0,0.76,0.025,0.0001199999999999,0.08,6e-05,0.0173,2
fast foods,"quesadilla, with chicken",Fast Foods,294.0,15.05,15.25,24.04,1.88,1.7,0.08,0.1,0.29,4.2,0.18,0.2,269.0,1.77,25.0,0.266,313.0,1.42,0.072,0.00019,0.081,7.6e-05,0.0208,2
fast foods,"grilled chicken filet sandwich, with lettuce, tomato and spread",Fast Foods,182.0,17.34,4.57,16.78,3.08,0.9,0.309,2.4,0.38,7.78,0.121,0.234,62.0,1.58,23.0,0.2,142.0,0.75,0.011,0.00022,0.057,7.099999999999999e-05,0.0197,2
"pizza hut 14"" pepperoni pizza",THIN 'N CRISPY Crust,Fast Foods,333.0,14.13,16.17,32.66,2.79,2.1,0.11,2.8,0.0,4.55,0.23,0.34,196.0,2.78,25.0,0.431,244.0,1.63,0.0,0.0007099999999999,0.0,0.000116,0.023,2
"domino's 14"" pepperoni pizza",Crunchy Thin Crust,Fast Foods,328.0,13.88,19.05,25.35,3.65,2.6,0.08,1.2,0.0,2.07,0.11,0.11,236.0,1.13,25.0,0.279,263.0,1.65,0.0,0.00081,0.0,0.000104,0.026,2
"domino's 14"" sausage pizza",Crunchy Thin Crust,Fast Foods,319.0,12.77,18.52,25.3,3.42,2.6,0.07,1.1,0.0,1.62,0.08,0.09,234.0,1.07,25.0,0.248,270.0,1.48,0.0,0.00066,0.0,0.00011,0.0198,2
"domino's 14"" sausage pizza",Classic Hand-Tossed Crust,Fast Foods,273.0,11.08,11.2,31.84,3.92,2.4,0.07,0.6,0.0,3.35,0.16,0.33,137.0,2.36,25.0,0.34,196.0,1.24,0.0,0.0004799999999999,0.0,0.000118,0.022,0
"domino's 14"" sausage pizza",Ultimate Deep Dish Crust,Fast Foods,277.0,11.03,12.03,31.17,3.82,2.6,0.05,0.4,0.0,3.31,0.18,0.37,154.0,2.5,24.0,0.272,207.0,1.27,0.0,0.0005,0.0,0.000112,0.0195,0
"pizza hut 14"" sausage pizza",THIN 'N CRISPY Crust,Fast Foods,323.0,13.95,16.9,28.7,2.62,2.4,0.08,3.0,0.0,4.5,0.22,0.36,193.0,2.38,24.0,0.354,238.0,1.54,0.0,0.00049,0.0,0.000101,0.0175,2
"pizza hut 14"" sausage pizza",Hand-Tossed Crust,Fast Foods,287.0,11.92,13.5,29.39,2.72,2.3,0.09,2.8,0.0,4.25,0.22,0.36,150.0,2.45,23.0,0.363,191.0,1.4,0.0,0.00049,0.0,0.000104,0.0185,2
"pizza hut 14"" sausage pizza",Pan Crust,Fast Foods,287.0,11.08,13.85,29.56,1.82,2.0,0.09,1.6,0.0,3.83,0.2,0.4,132.0,2.39,21.0,0.375,179.0,1.25,0.0,0.0004799999999999,0.0,0.000101,0.0158,2
kashi pizza,Roasted Vegetable,Fast Foods,224.0,12.5,8.4,24.5,2.9,3.7,0.04,12.0,0.0,0.2,0.08,0.05,176.0,1.3,18.0,0.0,114.0,0.0,0.0,0.0004,0.0,0.0,0.0,0
kashi pizza,Mushroom Trio & Spinach,Fast Foods,224.0,12.7,8.3,24.6,2.3,3.9,0.1,4.8,0.0,0.3,0.1,0.1,182.0,1.3,18.0,0.0,115.0,0.7,0.0,0.0004,0.0,0.0,0.0,0
kashi pizza,Margherita,Fast Foods,230.0,12.8,8.4,25.7,3.3,3.8,0.05,8.0,0.0,0.3,0.1,0.06,192.0,1.4,20.0,0.0,123.0,0.7,0.0,0.0005,0.0,0.0,0.0,0
kashi pizza,Mediterranean,Fast Foods,242.0,12.7,7.5,31.0,2.8,4.1,0.2,12.0,0.0,0.4,0.1,0.1,138.0,1.1,33.0,0.0,161.0,1.3,0.0,0.0002,0.0,0.0,0.0,0
kashi pizza,Four Cheese,Fast Foods,240.0,13.0,6.9,31.4,7.6,5.3,0.0,0.0,0.0,0.9,0.1,0.1,183.0,1.1,17.0,0.0,107.0,0.2,0.0,0.0001,0.0,0.0,0.0,3
pizza,"cheese topping, thin crust, frozen, cooked",Fast Foods,263.0,11.91,11.07,28.8,3.71,3.0,0.13,0.1,0.74,1.283,0.127,0.103,228.0,2.14,24.0,0.328,215.0,1.49,0.072,0.00062,0.122,9.1e-05,0.0214,2
burger king,Double Cheeseburger,Fast Foods,282.0,16.83,16.13,17.43,4.17,0.0,0.0,0.0,0.0,0.0,0.0,0.0,120.0,2.33,23.0,0.21,168.0,2.92,0.0,0.0,0.0,9.3e-05,0.0,2
wendy's,"Double Stack, with cheese",Fast Foods,285.0,18.53,16.6,15.35,3.87,0.0,0.0,0.0,0.0,0.0,0.0,0.0,73.0,2.75,21.0,0.173,157.0,3.37,0.0,0.0,0.0,8.599999999999999e-05,0.0,2
wend'ys,Crispy Chicken Sandwich,Fast Foods,278.0,11.72,13.93,26.36,3.13,0.0,0.0,0.0,0.0,0.0,0.0,0.0,37.0,1.49,20.0,0.26,182.0,0.59,0.0,0.0,0.0,7.4e-05,0.0,2
burger king,Onion Rings,Fast Foods,417.0,3.86,25.23,43.58,5.43,2.7,0.133,1.4,4.92,0.673,0.063,0.11,115.0,0.78,19.0,0.342,158.0,0.51,0.0,0.0,0.0,7.5e-05,0.0057,3
wendy's,"DAVE'S Hot 'N Juicy 1/4 LB, single",Fast Foods,268.0,13.69,15.8,17.73,4.5,1.1,0.186,1.1,0.57,3.143,0.257,0.177,73.0,2.3,18.0,0.186,125.0,2.26,0.05,0.00093,0.0,8.1e-05,0.0165,2
fast food,"Pizza Chain, 14"" pizza, cheese topping, stuffed crust",Fast Foods,274.0,12.23,11.63,30.0,2.9,1.7,0.119,3.1,0.67,3.763,0.333,0.323,238.0,2.04,22.0,0.351,249.0,1.49,0.117,0.0004,0.125,8.1e-05,0.016,2
"pizza hut 14"" cheese pizza",Stuffed Crust,Fast Foods,274.0,12.23,11.63,30.0,2.9,1.7,0.119,3.1,0.67,3.763,0.333,0.323,238.0,2.04,22.0,0.351,249.0,1.49,0.117,0.0004,0.0,8.1e-05,0.016,2
kashi pizza,"Greek Tzatziki, single serve",Fast Foods,223.0,11.1,6.6,29.7,2.7,5.9,0.1,0.0,0.0,2.7,0.2,0.2,116.0,1.3,16.0,0.0,85.0,0.5,0.0,0.0003,0.0,0.0,0.0,3
kashi pizza,"Tikka Masala, single serve",Fast Foods,212.0,10.2,5.9,29.5,4.0,6.0,0.0,0.0,0.0,2.5,0.1,0.2,97.0,1.4,15.0,0.0,77.0,0.5,0.0,0.0002,0.0,0.0,0.0,0
morningstar farms pizza,"Baja Black Bean, single serve",Fast Foods,252.0,10.6,6.9,36.9,3.3,5.2,0.0,0.0,0.0,3.8,0.2,0.3,121.0,1.5,10.0,0.0,84.0,0.4,0.0,0.0001,0.0,0.0,0.0,3
morningstar farms garden veggie patties,"frozen, unprepared",Legumes,176.0,17.8,5.5,13.7,1.8,4.5,0.9,1.1,0.0,1.4,0.3,11.2,59.0,2.2,0.0,0.0,164.0,1.0,0.0,0.0,0.0,0.0,0.0,2
morningstar farms veggie dog,"frozen, unprepared",Legumes,126.0,17.4,1.3,11.2,4.4,2.3,0.5,0.0,0.0,25.7,1.4,0.0,19.0,1.2,2.0,0.0,52.0,1.0,0.0,0.0,0.0,0.0,0.0,2
morningstar farms grillers burger style recipe crumbles,"frozen, unprepared",Legumes,143.0,17.8,4.3,8.3,1.1,4.7,0.8,0.0,0.0,11.6,0.2,1.2,33.0,5.2,0.0,0.0,201.0,1.1,0.0,0.0083,0.0,0.0,0.0,2
morningstar farms grillers vegan,"frozen, unprepared",Legumes,132.0,16.3,3.4,9.1,0.4,5.2,0.0,0.0,0.0,0.0,0.1,0.0,37.0,2.9,0.0,0.0,221.0,0.8,0.0,0.0,0.0,0.0,0.0,2
morningstar farms breakfast sausage patties,"frozen, unprepared",Legumes,210.0,25.79,7.9,8.82,1.7,4.1,0.5,0.0,0.0,6.0,0.3,11.0,44.0,4.5,0.0,0.0,306.0,1.39,0.0,0.0037,0.0,0.0,0.0,2
morningstar farms spicy black bean burger,"frozen, unprepared",Legumes,190.0,14.6,6.1,19.1,1.8,6.0,0.1,0.0,0.0,0.6,0.2,0.1,91.0,2.0,33.0,0.0,98.0,0.6,0.0,0.0,0.0,0.0,0.0,0
loma linda big franks,"canned, unprepared",Legumes,218.0,21.5,12.1,5.8,0.4,3.5,1.4,0.0,0.0,14.8,1.0,0.6,17.0,2.5,0.0,0.0,142.0,2.3,0.0,0.0130999999999999,0.0,0.0,0.0,2
macaroni and cheese,canned entree,"Meals, Entrees, and Side Dishes",82.0,3.38,2.46,11.52,0.5,0.5,0.037,0.0,0.05,1.183,0.114,0.101,35.0,0.9,9.0,0.224,47.0,0.45,0.017,0.00015,0.021,0.000296,0.0095,0
spaghetti with meat sauce,frozen entree,"Meals, Entrees, and Side Dishes",90.0,5.05,1.01,15.24,2.6,1.8,0.07,5.4,0.5,0.177,1.333,0.122,18.0,1.25,15.0,0.213,49.0,0.51,0.009,6e-05,0.072,0.000125,0.0119,0
beef macaroni with tomato sauce,"frozen entree, reduced fat","Meals, Entrees, and Side Dishes",113.0,5.89,1.96,17.99,3.8,1.4,0.117,3.9,0.65,1.806,0.092,0.116,12.0,1.3,17.0,0.174,65.0,1.08,0.008,0.00029,0.048,0.000123,0.0121999999999999,0
pasta with sliced franks in tomato sauce,canned entree,"Meals, Entrees, and Side Dishes",90.0,4.37,2.38,12.69,3.17,1.6,0.073,3.8,0.74,1.157,0.069,0.078,60.0,0.91,14.0,0.129,43.0,0.52,0.013,0.00019,0.064,0.000136,0.008,0
turkey pot pie,frozen entree,"Meals, Entrees, and Side Dishes",176.0,6.5,8.8,17.7,0.0,1.1,0.0,0.0,0.0,0.0,0.0,0.0,0.0,1.0,0.0,0.0,0.0,0.0,0.0,0.0,0.0,0.0,0.0,0
beef pot pie,"frozen entree, prepared","Meals, Entrees, and Side Dishes",220.0,7.25,11.39,22.05,0.0,0.8,0.133,0.3,0.26,1.633,0.087,0.197,14.0,1.25,13.0,0.207,67.0,1.1,0.0,0.00032,0.028,3e-05,0.0053,0
hot pockets,"CROISSANT POCKETS Chicken, Broccoli, and Cheddar Stuffed Sandwich, frozen","Meals, Entrees, and Side Dishes",235.0,8.9,8.6,30.4,7.6,1.1,0.095,4.9,0.29,3.425,0.273,0.417,152.0,2.97,18.0,0.0,168.0,0.95,0.058,0.00035,0.084,0.000113,0.0116,0
hot pockets ham 'n cheese stuffed sandwich,frozen,"Meals, Entrees, and Side Dishes",241.0,9.16,9.14,30.55,7.6,1.5,0.095,0.1,0.29,3.425,0.273,0.417,152.0,2.0,18.0,0.27,168.0,0.95,0.0,0.00035,0.084,0.000113,0.0116,0
ravioli,"cheese-filled, canned","Meals, Entrees, and Side Dishes",77.0,2.48,1.45,13.64,3.72,1.3,0.102,0.0,0.85,1.06,0.08,0.074,33.0,0.74,15.0,0.176,50.0,0.36,0.01,3e-05,0.026,0.0001419999999999,0.0035,0
ravioli,"meat-filled, with tomato sauce or meat sauce, canned","Meals, Entrees, and Side Dishes",97.0,3.24,3.41,13.26,1.97,1.5,0.055,0.0,0.5,1.245,0.057,0.057,12.0,1.09,12.0,0.144,40.0,0.39,0.014,0.00015,0.028,5.3e-05,0.0096,0
tortellini,"pasta with cheese filling, fresh-refrigerated, as purchased","Meals, Entrees, and Side Dishes",307.0,13.5,7.23,47.0,0.95,1.9,0.043,0.0,0.16,2.696,0.31,0.313,152.0,1.5,21.0,0.0,212.0,1.02,0.038,0.00016,0.117,8e-05,0.0238999999999999,3
pizza,"pepperoni topping, regular crust, frozen, cooked",Fast Foods,296.0,11.21,15.2,28.51,0.0,2.2,0.099,1.9,0.0,2.47,0.23,0.224,151.0,2.41,24.0,0.319,207.0,1.48,0.0,0.00057,0.0,0.0001049999999999,0.0196,2
chili con carne with beans,canned entree,"Meals, Entrees, and Side Dishes",107.0,5.8,3.47,13.1,1.87,3.3,0.105,0.2,0.5,0.782,0.029,0.019,33.0,1.34,28.0,0.205,87.0,0.89,0.023,0.00028,0.021,9.6e-05,0.0036,0
beef stew,canned entree,"Meals, Entrees, and Side Dishes",99.0,4.41,5.53,7.85,1.76,0.9,0.087,0.7,0.27,1.096,0.053,0.073,12.0,2.48,8.0,0.059,42.0,1.0,0.011,0.0005,0.014,0.0001409999999999,0.0047,0
chicken pot pie,"frozen entree, prepared","Meals, Entrees, and Side Dishes",204.0,5.11,11.85,19.21,2.26,1.1,0.092,1.0,0.53,1.871,0.041,0.104,20.0,0.76,11.0,0.187,72.0,0.42,0.034,0.00011,0.05,4.2e-05,0.0054,0
beef,"corned beef hash, with potato, canned","Meals, Entrees, and Side Dishes",164.0,8.73,10.24,9.27,0.34,1.1,0.231,0.9,0.04,1.572,0.05,0.069,19.0,1.0,13.0,0.084,56.0,1.4,0.0,0.00041,0.007,0.0,0.0075,0
lasagna,"cheese, frozen, prepared","Meals, Entrees, and Side Dishes",130.0,6.54,5.33,13.84,4.23,1.7,0.069,17.1,0.88,1.361,0.154,0.114,111.0,1.27,21.0,0.197,107.0,0.91,0.046,0.00057,0.051,0.0001089999999999,0.0261999999999999,0
chili,"no beans, canned entree","Meals, Entrees, and Side Dishes",118.0,7.53,7.1,6.1,1.1,0.5,0.129,1.8,0.59,1.245,0.111,0.031,30.0,2.01,20.0,0.276,77.0,1.12,0.014,0.00102,0.008,0.000188,0.0065,0
spaghetti,"with meatballs in tomato sauce, canned","Meals, Entrees, and Side Dishes",100.0,4.37,4.11,11.45,2.91,2.7,0.069,1.9,0.5,2.017,0.066,0.081,29.0,1.03,13.0,0.144,57.0,0.51,0.017,0.00019,0.029,5.3e-05,0.009,0
pasta with tomato sauce,"no meat, canned","Meals, Entrees, and Side Dishes",70.0,2.22,0.44,14.22,4.0,0.9,0.058,0.0,0.62,1.302,0.052,0.058,13.0,0.91,14.0,0.162,39.0,0.38,0.036,1e-05,0.05,5.4e-05,0.009,0
lasagna with meat & sauce,"low-fat, frozen entree","Meals, Entrees, and Side Dishes",101.0,6.81,2.23,13.5,0.0,1.3,0.122,17.9,0.0,1.221,0.126,0.038,108.0,0.97,19.0,0.213,34.0,0.86,0.0,0.00045,0.0,0.000167,0.013,0
lasagna with meat & sauce,frozen entree,"Meals, Entrees, and Side Dishes",124.0,6.63,4.42,14.39,2.96,1.4,0.124,4.1,0.87,1.426,0.05,0.052,73.0,0.65,18.0,0.178,102.0,0.79,0.037,0.00074,0.022,8.599999999999999e-05,0.0148,0
burrito,"beef and bean, frozen","Meals, Entrees, and Side Dishes",239.0,7.26,9.61,30.84,0.7,4.2,0.09,0.8,0.64,2.889,0.236,0.393,34.0,2.96,32.0,0.481,72.0,0.99,0.011,0.0,0.123,0.000211,0.0107,0
burrito,"bean and cheese, frozen","Meals, Entrees, and Side Dishes",221.0,7.07,6.3,34.01,3.21,3.4,0.085,0.3,0.37,2.48,0.143,0.287,52.0,2.51,31.0,0.408,117.0,0.71,0.008,8e-05,0.138,0.000129,0.0127,0
macaroni and cheese,"canned, microwavable","Meals, Entrees, and Side Dishes",134.0,5.98,5.99,13.96,1.41,0.4,0.037,0.0,0.0,1.046,0.186,0.076,57.0,0.91,13.0,0.22,97.0,0.55,0.0,8.999999999999999e-05,0.0,0.00026,0.0115,0
burrito,"beef and bean, microwaved","Meals, Entrees, and Side Dishes",298.0,8.73,11.94,38.95,1.36,6.9,0.132,1.0,0.79,3.566,0.23,0.461,39.0,3.12,36.0,0.531,97.0,1.24,0.013,0.00014,0.113,0.000228,0.0136,3
spaghettios,Mini Beef Ravioli in Meat Sauce,"Meals, Entrees, and Side Dishes",99.0,4.25,1.74,16.6,5.41,1.9,0.0,0.5,0.0,1.544,0.066,0.058,15.0,0.69,0.0,0.0,0.0,0.0,0.0,0.0,0.0,0.0,0.0,0
spaghettios,Spaghetti in Tomato & Cheese Sauce,"Meals, Entrees, and Side Dishes",80.0,2.78,0.6,15.87,5.16,1.2,0.0,0.0,0.0,1.19,0.067,0.06,8.0,0.29,0.0,0.0,0.0,0.0,0.0,0.0,0.0,0.0,0.0,0
spaghettios,SpaghettiOs Original,"Meals, Entrees, and Side Dishes",67.0,2.38,0.4,13.89,4.37,1.2,0.0,1.0,0.0,1.19,0.101,0.06,8.0,0.71,10.0,0.0,16.0,0.12,0.0,0.0,0.0,0.0,0.0,0
spaghettios,SpaghettiOs  A to Z's,"Meals, Entrees, and Side Dishes",67.0,2.38,0.4,13.89,4.76,1.2,0.0,1.0,0.0,1.19,0.101,0.06,60.0,0.71,16.0,0.0,79.0,0.12,0.0,0.0,0.0,0.0,0.0,0
spaghettios,SpaghettiOs in Meat Sauce,"Meals, Entrees, and Side Dishes",69.0,3.17,0.79,12.3,4.76,1.2,0.0,0.0,0.0,1.19,0.067,0.06,60.0,1.43,0.0,0.0,0.0,0.0,0.0,0.0,0.0,0.0,0.0,0
spaghettios,SpaghettiOs plus Calcium,"Meals, Entrees, and Side Dishes",67.0,2.38,0.4,13.89,5.16,1.2,0.0,1.0,0.0,1.19,0.067,0.06,119.0,0.71,0.0,0.0,0.0,0.0,0.0,0.0,0.0,0.0,0.0,0
spaghettios,SpaghettiOs RavioliOs Beef Ravioli in Meat Sauce,"Meals, Entrees, and Side Dishes",106.0,4.37,3.17,15.08,3.57,1.6,0.0,0.0,0.0,1.19,0.101,0.06,16.0,0.71,0.0,0.0,0.0,0.0,0.0,0.0,0.0,0.0,0.0,0
spaghettios,SpaghettiOs with Meatballs,"Meals, Entrees, and Side Dishes",95.0,4.37,2.78,12.7,3.17,1.6,0.0,2.4,0.0,1.19,0.067,0.06,60.0,1.43,16.0,0.0,79.0,0.6,0.0,0.0,0.0,0.0,0.0,0
spaghettios,SpaghettiOs with Sliced Franks,"Meals, Entrees, and Side Dishes",87.0,3.57,2.38,12.7,3.57,1.6,0.0,2.4,0.0,1.19,0.101,0.06,60.0,1.07,13.0,0.0,79.0,0.48,0.0,0.0,0.0,0.0,0.0,0
spaghettios,SpaghettiOs A to Z's with Meatballs,"Meals, Entrees, and Side Dishes",95.0,4.37,2.78,12.7,3.17,1.6,0.0,2.4,0.0,1.19,0.101,0.06,60.0,0.43,0.0,0.0,0.0,0.12,0.0,0.0,0.0,0.0,0.0,0
supper bakes meal kits,Cheesy Chicken with pasta (chicken not included),"Meals, Entrees, and Side Dishes",198.0,7.06,4.71,31.76,4.71,1.2,0.0,0.0,0.0,0.0,0.0,0.0,0.0,0.0,0.0,0.0,0.0,0.0,0.0,0.0,0.0,0.0,0.0,0
supper bakes meal kits,Creamy Stroganoff Sauce with pasta,"Meals, Entrees, and Side Dishes",147.0,4.8,3.2,24.8,2.4,0.8,0.0,0.0,0.0,0.0,0.0,0.0,0.0,0.0,0.0,0.0,0.0,0.0,0.0,0.0,0.0,0.0,0.0,0
supper bakes meal kits,Garlic Chicken with pasta (chicken not included),"Meals, Entrees, and Side Dishes",220.0,9.76,0.98,42.93,6.83,2.0,0.0,0.0,0.0,0.0,0.0,0.0,0.0,0.0,0.0,0.0,0.0,0.0,0.0,0.0,0.0,0.0,0.0,0
supper bakes meal kits,Herb Chicken with rice (chicken not included),"Meals, Entrees, and Side Dishes",197.0,4.26,1.06,42.55,2.13,1.1,0.0,0.0,0.0,0.0,0.0,0.0,0.0,0.0,0.0,0.0,0.0,0.0,0.0,0.0,0.0,0.0,0.0,0
supper bakes meal kits,Lemon Chicken with herb rice (chicken not included),"Meals, Entrees, and Side Dishes",210.0,4.26,1.06,45.74,3.19,2.1,0.0,0.0,0.0,0.0,0.0,0.0,0.0,0.0,0.0,0.0,0.0,0.0,0.0,0.0,0.0,0.0,0.0,0
supper bakes meal kits,Savory Pork Chops with herb stuffing (pork chop not included),"Meals, Entrees, and Side Dishes",181.0,5.91,1.18,36.64,4.73,2.4,0.0,0.0,0.0,0.0,0.0,0.0,0.0,0.0,0.0,0.0,0.0,0.0,0.0,0.0,0.0,0.0,0.0,0
supper bakes meal kits,Southwestern-Style Chicken w/rice (chicken not included),"Meals, Entrees, and Side Dishes",189.0,4.94,1.23,39.51,4.94,2.5,0.0,0.0,0.0,0.0,0.0,0.0,0.0,0.0,0.0,0.0,0.0,0.0,0.0,0.0,0.0,0.0,0.0,0
supper bakes meal kits,Traditional Roast Chicken with stuffing (chicken not included),"Meals, Entrees, and Side Dishes",190.0,5.94,3.56,34.44,3.56,2.4,0.0,0.0,0.0,0.0,0.0,0.0,0.0,0.0,0.0,0.0,0.0,0.0,0.0,0.0,0.0,0.0,0.0,0
swanson,Chicken A La King,"Meals, Entrees, and Side Dishes",71.0,4.7,4.03,4.03,0.67,0.7,0.0,0.0,0.0,0.0,0.0,0.0,0.0,0.0,0.0,0.0,0.0,0.0,0.0,0.0,0.0,0.0,0.0,0
swanson,Chicken and Dumplings,"Meals, Entrees, and Side Dishes",93.0,4.45,4.05,9.72,0.81,0.8,0.0,0.0,0.0,0.0,0.0,0.0,16.0,0.29,0.0,0.0,0.0,0.0,0.0,0.0,0.0,0.0,0.0,0
egg rolls,"pork, refrigerated, heated","Meals, Entrees, and Side Dishes",222.0,9.94,7.17,29.5,5.32,2.1,0.173,29.3,0.27,2.25,0.11,0.24,34.0,1.55,20.0,0.332,91.0,0.9,0.39,0.00015,0.103,9.2e-05,0.0228,0
egg rolls,"chicken, refrigerated, heated","Meals, Entrees, and Side Dishes",197.0,10.44,4.51,28.54,5.57,2.4,0.287,11.2,0.37,3.63,0.17,0.24,47.0,1.69,30.0,0.404,118.0,0.52,0.055,0.0001,0.093,0.0001049999999999,0.0173,0
egg rolls,"vegetable, frozen, prepared","Meals, Entrees, and Side Dishes",214.0,5.95,6.97,31.77,5.96,2.4,0.095,6.7,0.75,2.519,0.245,0.279,50.0,1.95,23.0,0.419,72.0,0.45,0.049,0.0,0.075,9.6e-05,0.0111,0
lasagna,"Vegetable, frozen, baked","Meals, Entrees, and Side Dishes",139.0,6.87,6.04,14.18,2.54,1.9,0.102,1.1,0.46,0.81,0.185,0.117,150.0,0.55,21.0,0.191,140.0,0.87,0.068,0.0005899999999999,0.014,7.3e-05,0.0141,0
turkey,"stuffing, mashed potatoes w/gravy, assorted vegetables, frozen, microwaved","Meals, Entrees, and Side Dishes",128.0,6.97,3.89,16.32,4.82,1.3,0.177,0.8,0.24,3.057,0.252,0.138,27.0,0.79,18.0,0.157,106.0,0.48,0.044,0.00033,0.029,5.6e-05,0.0079,0
rice bowl with chicken,"frozen entree, prepared (includes fried, teriyaki, and sweet and sour varieties)","Meals, Entrees, and Side Dishes",126.0,5.65,1.56,22.46,4.07,0.7,0.16,3.0,0.23,2.27,0.055,0.073,13.0,0.35,14.0,0.207,94.0,0.38,0.032,0.00032,0.022,3e-05,0.0070999999999999,0
macaroni and cheese dinner with dry sauce mix,"boxed, uncooked","Meals, Entrees, and Side Dishes",379.0,13.86,4.82,70.12,9.61,3.2,0.142,0.7,0.13,3.882,0.626,1.04,146.0,2.75,49.0,0.696,331.0,1.23,0.018,0.00077,0.334,0.000193,0.0475,3
macaroni and cheese,"dry mix, prepared with 2% milk and 80% stick margarine from dry mix","Meals, Entrees, and Side Dishes",190.0,4.89,8.28,23.93,4.27,1.2,0.061,0.0,0.0,1.183,0.178,0.177,63.0,0.99,17.0,0.236,112.0,0.47,0.0,0.00016,0.114,7.4e-05,0.0125,0
hot pockets,"meatballs & mozzarella stuffed sandwich, frozen","Meals, Entrees, and Side Dishes",253.0,9.32,10.47,30.45,7.73,2.2,0.096,0.6,0.69,2.922,0.208,0.386,181.0,2.08,22.0,0.34,186.0,0.99,0.012,0.00035,0.107,8.599999999999999e-05,0.01,0
lean pockets,Ham N Cheddar,"Meals, Entrees, and Side Dishes",230.0,10.28,6.53,32.52,7.6,1.7,0.102,0.1,0.29,3.462,0.307,0.412,196.0,2.15,21.0,0.286,197.0,1.21,0.0,0.00044,0.084,7.6e-05,0.0118,0
lean pockets,Meatballs & Mozzarella,"Meals, Entrees, and Side Dishes",240.0,10.49,7.7,32.28,8.81,2.0,0.102,0.0,0.0,2.982,0.248,0.428,196.0,2.06,23.0,0.289,180.0,0.98,0.036,0.00046,0.0,8.2e-05,0.0101,0
spaghettios,"SpaghettiOs Original, easy open","Meals, Entrees, and Side Dishes",70.0,2.35,0.47,14.55,4.23,1.4,0.0,0.0,0.0,0.939,0.08,0.106,9.0,0.85,19.0,0.0,38.0,0.42,0.0,0.0,0.0,0.0,0.0,0
spaghettios,SpaghettiOs  with Meatballs - Easy Open,"Meals, Entrees, and Side Dishes",87.0,4.37,2.43,11.65,3.4,1.5,0.0,2.9,0.0,1.456,0.083,0.073,49.0,1.75,0.0,0.0,121.0,0.0,0.0,0.0,0.0,0.0,0.0,0
chili with beans,microwavable bowls,"Meals, Entrees, and Side Dishes",100.0,5.85,3.68,10.88,1.84,2.9,0.109,0.8,0.64,0.941,0.029,0.019,34.0,1.13,25.0,0.205,80.0,0.95,0.023,0.00032,0.024,8e-05,0.004,0
macaroni and cheese,frozen entree,"Meals, Entrees, and Side Dishes",149.0,5.6,6.41,17.28,1.53,1.1,0.042,0.0,0.25,0.739,0.057,0.054,114.0,0.57,17.0,0.216,119.0,0.8,0.047,0.0001199999999999,0.007,5.1e-05,0.0185,0
potato salad with egg,No_descr,"Meals, Entrees, and Side Dishes",157.0,1.96,9.4,16.18,4.95,1.3,0.115,0.8,0.68,0.8,0.017,0.032,15.0,0.5,15.0,0.112,53.0,0.33,0.019,7.000000000000001e-05,0.013,4.1e-05,0.0024,0
pulled pork in barbecue sauce,No_descr,"Meals, Entrees, and Side Dishes",168.0,13.19,4.42,18.74,15.2,1.2,0.248,0.2,0.89,3.032,0.128,0.166,44.0,1.24,22.0,0.09,161.0,1.85,0.013,0.00041,0.002,9.7e-05,0.0276,0
corn dogs,"frozen, prepared","Meals, Entrees, and Side Dishes",250.0,8.57,12.02,26.96,7.54,1.0,0.117,0.5,0.6,2.786,0.155,0.141,72.0,1.9,17.0,0.171,224.0,0.85,0.048,0.0004799999999999,0.097,7.199999999999999e-05,0.0276,0
chicken,"nuggets, dark and white meat, precooked, frozen, not reheated","Meals, Entrees, and Side Dishes",260.0,12.43,16.14,16.32,0.79,1.3,0.331,0.0,1.18,6.736,0.055,0.106,21.0,0.91,23.0,0.283,176.0,0.69,0.016,0.00023,0.005,7.199999999999999e-05,0.017,2
chicken,"nuggets, white meat, precooked, frozen, not reheated","Meals, Entrees, and Side Dishes",261.0,14.36,15.42,16.24,1.27,0.7,0.331,0.0,1.18,6.736,0.055,0.106,38.0,1.43,35.0,0.46,213.0,0.75,0.016,0.00023,0.005,0.000139,0.017,2
ravioli,"cheese with tomato sauce, frozen, not prepared, includes regular and light entrees","Meals, Entrees, and Side Dishes",111.0,4.52,2.61,17.31,4.09,1.4,0.108,2.8,0.98,1.267,0.116,0.118,79.0,0.93,20.0,0.184,78.0,0.43,0.035,0.00014,0.07,7.9e-05,0.0121,0
lasagna with meat sauce,"frozen, prepared","Meals, Entrees, and Side Dishes",135.0,7.28,4.92,15.36,3.11,1.7,0.122,2.5,0.85,1.528,0.074,0.07,88.0,0.71,20.0,0.193,115.0,0.87,0.041,0.00033,0.036,8.999999999999999e-05,0.0159,0
chicken tenders,"breaded, frozen, prepared","Meals, Entrees, and Side Dishes",240.0,14.62,13.58,14.86,0.57,1.7,0.338,0.5,2.22,5.917,0.064,0.132,39.0,0.84,29.0,0.31,200.0,0.61,0.007,0.0001799999999999,0.033,8.5e-05,0.0193,2
kashi black bean mango,"frozen, unprepared","Meals, Entrees, and Side Dishes",111.0,3.0,3.0,18.0,3.0,6.0,0.0,21.0,0.0,0.0,0.0,0.0,29.0,0.6,27.0,0.0,67.0,0.6,0.795,0.0,0.0,0.0,0.0,0
kashi,"Chicken and Chipotle BBQ Sauce with Mango, Frozen Entree","Meals, Entrees, and Side Dishes",108.0,5.3,2.1,17.6,4.7,2.2,0.09,0.0,0.0,0.4,0.02,0.06,23.0,0.8,13.0,0.0,38.0,0.2,0.0,0.0,0.0,0.0,0.0,0
kashi,"Chicken Enchilada with Ancho Sauce, Frozen Entree","Meals, Entrees, and Side Dishes",111.0,4.9,3.7,14.9,2.0,2.3,0.07,0.0,0.0,0.3,0.02,0.04,49.0,0.8,10.0,0.0,31.0,0.2,0.0,0.0,0.0,0.0,0.0,0
kashi,"STEAM MEAL, Chicken Fettuccine, Frozen Entree","Meals, Entrees, and Side Dishes",99.0,6.2,2.7,14.0,1.3,2.0,0.05,0.0,0.45,1.8,0.07,0.09,28.0,0.6,6.0,0.0,25.0,0.1,0.0,0.0,0.0,0.0,0.0,0
kashi,"Chicken Florentine, Frozen Entree","Meals, Entrees, and Side Dishes",106.0,7.9,3.4,11.0,0.5,1.8,0.0,4.4,0.0,0.0,0.0,0.0,52.0,0.7,0.0,0.0,0.0,0.0,0.306,0.0,0.0,0.0,0.0,0
kashi,"Chicken Pasta Pomodoro, Frozen Entree","Meals, Entrees, and Side Dishes",100.0,7.0,2.3,13.0,1.0,2.6,0.0,6.0,0.0,0.0,0.0,0.0,61.0,1.0,35.0,0.0,116.0,0.81,0.053,0.0,0.0,0.0,0.0,0
kashi,"Lemongrass Coconut Chicken, Frozen Entree","Meals, Entrees, and Side Dishes",104.0,6.3,2.8,13.4,2.2,3.0,0.0,14.0,0.0,0.0,0.0,0.0,205.0,0.8,0.0,0.0,0.0,0.0,0.201,0.0,0.0,0.0,0.0,0
kashi mayan harvest bake,"frozen, unprepared","Meals, Entrees, and Side Dishes",125.0,3.0,3.2,21.0,7.0,3.0,0.0,6.0,0.0,0.0,0.0,0.0,20.0,1.3,0.0,0.0,46.0,0.0,0.638,0.0,0.0,0.0,0.0,0
kashi pesto pasta primavera,"frozen, unprepared","Meals, Entrees, and Side Dishes",101.0,3.8,3.8,13.0,1.4,2.4,0.0,7.2,0.0,0.0,0.0,0.0,65.0,0.9,0.0,0.0,0.0,0.0,0.106,0.0,0.0,0.0,0.0,0
kashi,"Pilaf, 7 Whole Grain, unprepared","Meals, Entrees, and Side Dishes",375.0,13.81,5.4,71.0,0.8,12.3,0.0,0.0,0.0,0.0,0.0,0.0,0.0,3.63,0.0,0.0,0.0,0.0,0.0,0.0,0.0,0.0,0.0,3
kashi,"Red Curry Chicken, Frozen Entree","Meals, Entrees, and Side Dishes",110.0,5.9,3.0,15.6,3.3,2.3,0.05,5.0,0.0,1.0,0.03,0.1,23.0,0.8,10.0,0.0,44.0,0.2,0.0,0.0,0.0,0.0,0.0,0
kashi,"STEAM MEAL, Roasted Garlic Chicken Farfalle, Frozen Entree","Meals, Entrees, and Side Dishes",103.0,5.5,3.2,14.6,1.4,1.6,0.03,0.0,0.0,0.1,0.02,0.01,29.0,0.9,6.0,0.0,8.0,0.1,0.0,0.0,0.0,0.0,0.0,0
kashi,"STEAM MEAL, Sesame Chicken, Frozen Entree","Meals, Entrees, and Side Dishes",110.0,6.1,3.5,15.7,3.0,2.9,0.1,0.0,0.0,0.6,0.04,0.09,26.0,1.0,20.0,0.0,56.0,0.4,0.0,0.0,0.0,0.0,0.0,0
kashi,"Southwest Style Chicken, Frozen Entree","Meals, Entrees, and Side Dishes",109.0,5.7,1.8,17.4,1.0,2.1,0.0,8.0,0.0,0.0,0.0,0.0,14.0,0.8,33.0,0.0,113.0,0.7,0.032,0.0,0.0,0.0,0.0,0
kashi spicy black bean enchilada,"frozen, unprepared","Meals, Entrees, and Side Dishes",108.0,3.0,2.8,17.7,1.0,3.1,0.0,7.6,0.0,0.0,0.0,0.0,51.0,0.9,28.0,0.0,77.0,0.6,0.0,0.0,0.0,0.0,0.0,0
kashi spinach artichoke pasta,"frozen, unprepared","Meals, Entrees, and Side Dishes",111.0,5.0,3.4,15.1,0.1,3.0,0.1,0.0,0.0,1.9,0.1,0.1,66.0,1.0,12.0,0.0,28.0,0.2,0.0,0.0,0.0,0.0,0.0,0
kashi,"Sweet and Sour Chicken, Frozen Entree","Meals, Entrees, and Side Dishes",113.0,6.0,1.13,19.0,8.0,2.5,0.0,17.0,0.0,0.0,0.0,0.0,22.0,0.8,32.0,0.0,104.0,0.7,0.032,0.0,0.0,0.0,0.0,0
kashi three cheese penne,"frozen, unprepared","Meals, Entrees, and Side Dishes",126.0,5.7,4.0,16.8,1.9,2.7,0.0,0.0,0.0,0.0,0.0,0.0,89.0,0.8,30.0,0.0,118.0,1.1,0.0,0.0,0.0,0.0,0.0,0
kashi,"Tuscan Veggie Bake, Frozen Entree","Meals, Entrees, and Side Dishes",90.0,2.0,3.2,15.0,3.0,2.9,0.0,4.0,0.0,0.0,0.0,0.0,28.0,1.0,0.0,0.0,35.0,0.0,0.207,0.0,0.0,0.0,0.0,0
rice and vermicelli mix,"chicken flavor, unprepared","Meals, Entrees, and Side Dishes",358.0,10.64,1.32,75.8,2.4,1.2,0.183,0.0,0.15,5.123,0.097,0.593,18.0,2.77,31.0,1.007,126.0,1.36,0.003,0.0,0.028,0.000176,0.0329,3
rice and vermicelli mix,"chicken flavor, prepared with 80% margarine","Meals, Entrees, and Side Dishes",136.0,2.65,3.45,23.54,0.64,0.7,0.05,0.0,0.27,1.423,0.027,0.15,7.0,0.95,10.0,0.315,36.0,0.46,0.042,0.0,0.0,5.8e-05,0.0095,0
beef,"shoulder pot roast or steak, boneless, separable lean and fat, trimmed to 0"" fat, all grades, raw",Beef,130.0,21.39,4.97,0.0,0.0,0.0,0.577,0.0,0.18,4.577,0.209,0.09,12.0,2.62,25.0,0.013,234.0,6.78,0.003,0.00273,0.003,7.3e-05,0.0238,2
beef,"short loin, porterhouse steak, separable lean and fat, trimmed to 1/8"" fat, all grades, raw",Beef,214.0,20.49,14.06,0.0,0.0,0.0,0.622,0.0,0.24,4.923,0.226,0.05,19.0,1.98,10.0,0.003,185.0,3.15,0.004,0.00181,0.003,5.7e-05,0.0197,2
beef,"short loin, porterhouse steak, separable lean and fat, trimmed to 1/8"" fat, all grades, cooked, grilled",Beef,276.0,25.4,18.57,0.0,0.0,0.0,0.623,0.0,0.24,5.523,0.232,0.057,19.0,3.0,20.0,0.003,208.0,4.13,0.007,0.0020299999999999,0.004,6.500000000000001e-05,0.0251,2
beef,"short loin, porterhouse steak, separable lean and fat, trimmed to 1/8"" fat, select, raw",Beef,208.0,20.69,13.27,0.0,0.0,0.0,0.672,0.0,0.2,4.865,0.202,0.053,19.0,2.13,10.0,0.002,179.0,3.09,0.004,0.00183,0.003,6.500000000000001e-05,0.0192,2
beef,"short loin, porterhouse steak, separable lean and fat, trimmed to 1/8"" fat, select, cooked, grilled",Beef,263.0,26.21,16.75,0.0,0.0,0.0,0.572,0.0,0.21,5.304,0.229,0.06,20.0,3.2,20.0,0.003,212.0,4.26,0.008,0.00207,0.006,6.8e-05,0.0249,2
beef,"short loin, t-bone steak, separable lean and fat, trimmed to 1/8"" fat, all grades, raw",Beef,223.0,20.11,15.18,0.0,0.0,0.0,0.572,0.0,0.22,5.153,0.187,0.049,21.0,1.64,10.0,0.002,177.0,3.32,0.004,0.0016799999999999,0.003,5.1e-05,0.02,2
beef,"short loin, t-bone steak, separable lean and fat, trimmed to 1/8"" fat, all grades, cooked, grilled",Beef,289.0,24.6,20.36,0.0,0.0,0.0,0.662,0.0,0.23,5.48,0.222,0.055,19.0,3.24,18.0,0.003,201.0,3.96,0.008,0.00185,0.006,6.4e-05,0.0254,2
beef,"short loin, t-bone steak, separable lean and fat, trimmed to 1/8"" fat, select, raw",Beef,215.0,20.28,14.19,0.0,0.0,0.0,0.576,0.0,0.2,5.136,0.175,0.052,23.0,1.73,10.0,0.002,188.0,3.43,0.004,0.0017,0.003,4.7e-05,0.0192,2
beef,"short loin, t-bone steak, separable lean and fat, trimmed to 1/8"" fat, select, cooked, grilled",Beef,281.0,25.18,19.22,0.0,0.0,0.0,0.663,0.0,0.21,5.274,0.203,0.058,18.0,3.32,21.0,0.003,215.0,3.86,0.008,0.0019399999999999,0.006,5.6e-05,0.0249,2
beef,"round, knuckle, tip side, steak, separable lean and fat, trimmed to 0"" fat, choice, raw",Beef,133.0,21.41,4.66,0.0,0.0,0.0,0.612,0.0,0.17,5.455,0.17,0.059,5.0,2.14,24.0,0.011,213.0,4.97,0.0,0.00317,0.007,9.3e-05,0.0314,2
beef,"round, knuckle, tip side, steak, separable lean and fat, trimmed to 0"" fat, choice, cooked, grilled",Beef,174.0,28.79,5.71,0.0,0.0,0.0,0.577,0.0,0.2,5.815,0.192,0.067,5.0,2.67,26.0,0.011,236.0,6.84,0.0,0.00425,0.008,9.7e-05,0.0428,2
beef,"round, knuckle, tip side, steak, separable lean and fat , trimmed to 0"" fat, select, raw",Beef,124.0,21.96,3.24,0.0,0.0,0.0,0.622,0.0,0.17,5.76,0.204,0.08,5.0,2.38,25.0,0.011,219.0,5.74,0.0,0.00287,0.007,9.8e-05,0.0313,2
beef,"round, knuckle, tip side, steak, separable lean and fat, trimmed to 0"" fat, select, cooked, grilled",Beef,160.0,29.24,3.91,0.0,0.0,0.0,0.524,0.0,0.19,5.99,0.21,0.065,5.0,2.98,27.0,0.019,245.0,8.06,0.0,0.00404,0.008,0.0001419999999999,0.0407999999999999,2
beef,"chuck, shoulder clod, shoulder tender, medallion, separable lean and fat, trimmed to 0"" fat, choice, raw",Beef,145.0,20.51,6.36,0.0,0.0,0.0,0.516,0.0,0.09,4.58,0.235,0.085,5.0,2.01,23.0,0.014,200.0,3.98,0.0,0.00398,0.007,0.000131,0.0308,2
beef,"chuck, shoulder clod, shoulder tender, medallion, separable lean and fat, trimmed to 0"" fat, choice, cooked, grilled",Beef,181.0,26.07,7.68,0.0,0.0,0.0,0.586,0.0,0.17,5.035,0.223,0.081,5.0,2.58,25.0,0.011,227.0,5.26,0.0,0.00473,0.008,8.999999999999999e-05,0.0389,2
beef,"chuck, shoulder clod, shoulder tender, medallion, separable lean and fat, trimmed to 0"" fat, select, raw",Beef,142.0,20.93,5.79,0.0,0.0,0.0,0.519,0.0,0.09,5.57,0.269,0.089,5.0,2.39,25.0,0.018,219.0,4.38,0.0,0.00509,0.007,0.00013,0.0318,2
beef,"chuck, shoulder clod, shoulder top and center steaks, separable lean and fat, trimmed to 0"" fat, choice, raw",Beef,143.0,20.39,6.12,0.0,0.0,0.0,0.673,0.0,0.18,5.13,0.23,0.072,4.0,2.14,24.0,0.011,212.0,5.24,0.0,0.00356,0.007,8.8e-05,0.0297,2
beef,"chuck, shoulder clod, shoulder top and center steaks, separable lean and fat, trimmed to 0"" fat, choice, cooked, grilled",Beef,184.0,26.07,8.11,0.0,0.0,0.0,0.567,0.0,0.18,5.165,0.268,0.068,5.0,2.57,24.0,0.013,223.0,6.85,0.0,0.00456,0.011,9.7e-05,0.0401,2
beef,"chuck, shoulder clod, shoulder top and center steaks, separable lean and fat, trimmed to 0"" fat, select, raw",Beef,140.0,21.13,5.51,0.0,0.0,0.0,0.622,0.0,0.18,5.32,0.253,0.093,4.0,2.64,25.0,0.02,221.0,5.99,0.0,0.00468,0.007,0.000107,0.032,2
beef,"chuck, shoulder clod, shoulder top and center steaks, separable lean and fat, trimmed to 0"" fat, select, cooked, grilled",Beef,176.0,26.66,6.94,0.0,0.0,0.0,0.593,0.0,0.18,5.49,0.344,0.087,5.0,3.23,28.0,0.019,249.0,7.58,0.0,0.00571,0.011,7.3e-05,0.0443,2
beef,"chuck, shoulder clod, top blade, steak, separable lean and fat, trimmed to 0"" fat, choice, raw",Beef,182.0,18.75,11.33,0.0,0.0,0.0,0.375,0.0,0.17,3.38,0.211,0.079,5.0,2.23,20.0,0.015,178.0,6.58,0.0,0.00496,0.003,0.000121,0.0289,2
beef,"chuck, shoulder clod, top blade, steak, separable lean and fat, trimmed to 0"" fat, choice, cooked, grilled",Beef,228.0,24.7,13.59,0.0,0.0,0.0,0.376,0.0,0.14,3.72,0.247,0.07,6.0,2.78,23.0,0.018,199.0,8.77,0.0,0.00575,0.006,0.000139,0.037,2
beef,"chuck, shoulder clod, top blade, steak, separable lean and fat, trimmed to 0"" fat, select, raw",Beef,166.0,19.38,9.22,0.0,0.0,0.0,0.358,0.0,0.16,3.5,0.258,0.14,6.0,2.62,23.0,0.017,198.0,7.47,0.0,0.00523,0.003,0.000116,0.0315,2
beef,"chuck, shoulder clod, top blade, steak, separable lean and fat, trimmed to 0"" fat, select, cooked, grilled",Beef,212.0,25.29,11.52,0.0,0.0,0.0,0.41,0.0,0.14,4.06,0.382,0.079,6.0,3.1,24.0,0.017,211.0,9.61,0.0,0.00618,0.006,0.000122,0.0392999999999999,2
beef,"round, knuckle, tip center, steak, separable lean and fat, trimmed to 0"" fat, choice, raw",Beef,150.0,20.74,6.85,0.0,0.0,0.0,0.526,0.0,0.21,4.895,0.176,0.073,5.0,1.94,24.0,0.011,214.0,5.15,0.0,0.00404,0.011,7.7e-05,0.0306,2
beef,"round, knuckle, tip center, steak, separable lean and fat, trimmed to 0"" fat, choice, cooked, grilled",Beef,188.0,26.88,8.13,0.0,0.0,0.0,0.515,0.0,0.2,5.435,0.213,0.054,5.0,2.51,26.0,0.011,238.0,6.56,0.0,0.00292,0.01,8.999999999999999e-05,0.0397999999999999,2
beef,"round, knuckle, tip center, steak, separable lean and fat, trimmed to 0"" fat, select, raw",Beef,137.0,20.98,5.21,0.0,0.0,0.0,0.527,0.0,0.2,5.24,0.201,0.067,5.0,2.01,24.0,0.011,216.0,5.65,0.0,0.00539,0.011,6.8e-05,0.0288,2
beef,"round, knuckle, tip center, steak, separable lean and fat, trimmed to 0"" fat, select, cooked, grilled",Beef,162.0,26.61,5.32,0.0,0.0,0.0,0.457,0.0,0.19,4.66,0.225,0.067,5.0,2.49,26.0,0.011,243.0,7.41,0.0,0.00383,0.01,8.8e-05,0.0375,2
beef,"round, outside round, bottom round, steak, separable lean and fat, trimmed to 0"" fat, choice, raw",Beef,150.0,21.24,6.59,0.0,0.0,0.0,0.72,0.0,0.08,6.39,0.186,0.064,5.0,2.34,24.0,0.018,209.0,3.76,0.0,0.0047,0.006,0.000136,0.0332999999999999,2
beef,"round, outside round, bottom round, steak, separable lean and fat, trimmed to 0"" fat, choice, cooked, grilled",Beef,191.0,27.22,8.3,0.0,0.0,0.0,0.68,0.0,0.1,7.31,0.196,0.058,5.0,2.92,25.0,0.014,232.0,4.81,0.0,0.00383,0.007,0.0001089999999999,0.0448,2
beef,"round, outside round, bottom round, steak, separable lean and fat, trimmed to 0"" fat, select, raw",Beef,129.0,22.15,3.83,0.0,0.0,0.0,0.724,0.0,0.07,6.36,0.241,0.089,5.0,2.91,24.0,0.02,217.0,4.31,0.0,0.00361,0.006,0.000132,0.0303,2
beef,"round, outside round, bottom round, steak, separable lean and fat, trimmed to 0"" fat, select, cooked, grilled",Beef,166.0,28.01,5.17,0.0,0.0,0.0,0.66,0.0,0.1,8.05,0.242,0.081,5.0,3.12,26.0,0.032,237.0,5.68,0.0,0.00441,0.008,0.000127,0.0412999999999999,2
beef,"chuck, shoulder clod, shoulder tender, medallion, separable lean and fat, trimmed to 0"" fat, all grades, raw",Beef,144.0,20.54,6.22,0.0,0.0,0.0,0.503,0.0,0.09,4.51,0.269,0.087,5.0,1.95,23.0,0.016,196.0,3.72,0.0,0.00397,0.007,0.000131,0.0332999999999999,2
beef,"chuck, shoulder clod, shoulder tender, medallion, separable lean and fat, trimmed to 0"" fat, all grades, cooked, grilled",Beef,177.0,26.22,7.2,0.0,0.0,0.0,0.596,0.0,0.17,5.187,0.267,0.078,5.0,2.59,25.0,0.014,225.0,5.24,0.0,0.00516,0.008,0.000171,0.0387,2
beef,"round, knuckle, tip side, steak, separable lean and fat, trimmed to 0"" fat, all grades, raw",Beef,129.0,21.69,4.0,0.0,0.0,0.0,0.616,0.0,0.17,5.557,0.181,0.066,5.0,2.22,24.0,0.011,215.0,5.23,0.0,0.00307,0.007,9.5e-05,0.0314,2
beef,"round, knuckle, tip side, steak, separable lean and fat, trimmed to 0"" fat, all grades, cooked, grilled",Beef,168.0,29.08,4.84,0.0,0.0,0.0,0.559,0.0,0.2,5.873,0.198,0.066,5.0,2.77,26.0,0.014,239.0,7.25,0.0,0.00418,0.008,0.000112,0.0421,2
beef,"chuck, shoulder clod, shoulder top and center steaks, separable lean and fat, trimmed to 0"" fat, all grades, raw",Beef,141.0,20.67,5.88,0.0,0.0,0.0,0.656,0.0,0.18,5.193,0.238,0.079,4.0,2.31,24.0,0.014,215.0,5.49,0.0,0.00393,0.007,9.4e-05,0.0304,2
beef,"chuck, shoulder clod, shoulder top and center steaks, separable lean and fat, trimmed to 0"" fat, all grades, cooked, grilled",Beef,182.0,26.3,7.66,0.0,0.0,0.0,0.576,0.0,0.18,5.273,0.294,0.075,5.0,2.79,26.0,0.015,232.0,7.09,0.0,0.00495,0.011,8.9e-05,0.0415,2
beef,"chuck, shoulder clod, top blade, steak, separable lean and fat, trimmed to 0"" fat, all grades, raw",Beef,176.0,18.99,10.52,0.0,0.0,0.0,0.37,0.0,0.17,3.42,0.227,0.099,6.0,2.36,21.0,0.016,184.0,6.88,0.0,0.00505,0.003,0.0001189999999999,0.0298,2
beef,"chuck, shoulder clod, top blade, steak, separable lean and fat, trimmed to 0"" fat, all grades, cooked, grilled",Beef,222.0,24.93,12.79,0.0,0.0,0.0,0.387,0.0,0.14,3.833,0.292,0.073,6.0,2.88,23.0,0.018,203.0,9.05,0.0,0.0058899999999999,0.006,0.000134,0.0378,2
beef,"round, knuckle, tip center, steak, separable lean and fat, trimmed to 0"" fat, all grades, raw",Beef,143.0,20.93,5.89,0.0,0.0,0.0,0.527,0.0,0.21,5.01,0.185,0.071,5.0,1.96,24.0,0.011,215.0,5.32,0.0,0.00449,0.011,7.4e-05,0.03,2
beef,"round, knuckle, tip center, steak, separable lean and fat, trimmed to 0"" fat, all grades, cooked, grilled",Beef,177.0,27.12,6.78,0.0,0.0,0.0,0.496,0.0,0.2,5.177,0.217,0.059,5.0,2.51,26.0,0.011,240.0,6.84,0.0,0.00323,0.01,8.9e-05,0.039,2
beef,"round, outside round, bottom round, steak, separable lean and fat, trimmed to 0"" fat, all grades, raw",Beef,142.0,21.59,5.53,0.0,0.0,0.0,0.721,0.0,0.08,6.38,0.204,0.073,5.0,2.53,24.0,0.019,211.0,3.94,0.0,0.00434,0.006,0.000134,0.0322999999999999,2
beef,"round, outside round, bottom round, steak, separable lean and fat, trimmed to 0"" fat, all grades, cooked, grilled",Beef,182.0,27.52,7.1,0.0,0.0,0.0,0.673,0.0,0.1,7.557,0.212,0.066,5.0,2.99,25.0,0.02,233.0,5.1,0.0,0.00403,0.007,0.000115,0.0436,2
beef,"chuck, shoulder clod, shoulder tender, medallion, separable lean and fat, trimmed to 0"" fat, select, cooked, grilled",Beef,172.0,26.45,6.43,0.0,0.0,0.0,0.615,0.0,0.17,5.49,0.354,0.072,5.0,2.6,24.0,0.021,223.0,5.19,0.0,0.00601,0.008,0.000253,0.0382999999999999,2
beef,"chuck, short ribs, boneless, separable lean only, trimmed to 0"" fat, choice, raw",Beef,175.0,19.38,10.7,0.29,0.0,0.0,0.311,0.0,0.17,3.567,0.2,0.08,11.0,2.53,21.0,0.014,187.0,8.25,0.002,0.00332,0.003,7.9e-05,0.0223,2
beef,"chuck, short ribs, boneless, separable lean only, trimmed to 0"" fat, select, raw",Beef,161.0,20.14,8.99,0.0,0.0,0.0,0.323,0.0,0.16,3.56,0.2,0.08,12.0,2.34,20.0,0.013,181.0,8.14,0.002,0.00356,0.003,8.1e-05,0.0214,2
beef,"chuck, short ribs, boneless, separable lean only, trimmed to 0"" fat, all grades, raw",Beef,169.0,19.68,10.02,0.05,0.0,0.0,0.311,0.0,0.17,3.523,0.2,0.08,12.0,2.45,21.0,0.013,185.0,8.15,0.002,0.00343,0.003,8e-05,0.0215,2
beef,"chuck eye Country-Style ribs, boneless, separable lean only, trimmed to 0"" fat, choice, cooked, braised",Beef,234.0,30.95,12.22,0.0,0.0,0.0,0.286,0.0,0.12,4.14,0.24,0.07,17.0,2.97,18.0,0.018,200.0,10.98,0.002,0.0035099999999999,0.008,0.000114,0.0364,2
beef,"chuck eye Country-Style ribs, boneless, separable lean only, trimmed to 0"" fat, select, cooked, braised",Beef,221.0,32.1,10.24,0.0,0.0,0.0,0.295,0.0,0.05,4.22,0.24,0.07,16.0,2.86,21.0,0.017,212.0,10.94,0.002,0.0034,0.008,9.5e-05,0.0343,2
beef,"chuck eye Country-Style ribs, boneless, separable lean only, trimmed to 0"" fat, all grades, cooked, braised",Beef,228.0,31.41,11.43,0.0,0.0,0.0,0.289,0.0,0.1,4.147,0.24,0.07,17.0,2.93,19.0,0.017,203.0,10.91,0.002,0.00347,0.008,0.0001089999999999,0.0351,2
beef,"chuck eye Country-Style ribs, boneless, separable lean only, trimmed to 0"" fat, choice, raw",Beef,152.0,20.87,7.67,0.0,0.0,0.0,0.355,0.0,0.2,4.097,0.19,0.07,15.0,2.31,18.0,0.014,195.0,7.86,0.002,0.00327,0.003,9.2e-05,0.0219,2
beef,"chuck eye Country-Style ribs, boneless, separable lean only, trimmed to 0"" fat, select, raw",Beef,137.0,21.1,5.89,0.0,0.0,0.0,0.357,0.0,0.12,4.25,0.18,0.07,15.0,2.08,18.0,0.015,189.0,6.53,0.002,0.0031,0.003,9.4e-05,0.0208,2
beef,"chuck eye Country-Style ribs, boneless, separable lean only, trimmed to 0"" fat, all grades, raw",Beef,146.0,20.96,6.95,0.0,0.0,0.0,0.357,0.0,0.17,4.167,0.187,0.07,15.0,2.24,18.0,0.014,193.0,7.44,0.002,0.00324,0.003,9.3e-05,0.0213,2
beef,"chuck eye steak, boneless, separable lean only, trimmed to 0"" fat, choice, cooked, grilled",Beef,215.0,27.97,11.47,0.0,0.0,0.0,0.393,0.0,0.11,5.18,0.213,0.07,16.0,2.88,24.0,0.015,227.0,10.5,0.001,0.0032,0.007,9.1e-05,0.0301,2
beef,"chuck eye steak, boneless, separable lean only, trimmed to 0"" fat, select, cooked, grilled",Beef,199.0,27.88,9.77,0.0,0.0,0.0,0.454,0.0,0.1,5.31,0.22,0.07,19.0,2.81,25.0,0.015,226.0,10.6,0.002,0.0035,0.007,8.2e-05,0.0327999999999999,2
beef,"chuck eye steak, boneless, separable lean only, trimmed to 0"" fat, all grades, cooked, grilled",Beef,209.0,27.94,10.79,0.0,0.0,0.0,0.412,0.0,0.11,5.19,0.217,0.07,17.0,2.87,25.0,0.015,228.0,10.54,0.002,0.00337,0.007,8.8e-05,0.031,2
beef,"chuck eye steak, boneless, separable lean only, trimmed to 0"" fat, choice, raw",Beef,160.0,21.31,8.29,0.0,0.0,0.0,0.346,0.0,0.17,4.803,0.167,0.07,15.0,2.27,22.0,0.01,201.0,8.41,0.002,0.0031,0.003,7.4e-05,0.0229,2
beef,"chuck eye steak, boneless, separable lean only, trimmed to 0"" fat, select, raw",Beef,143.0,21.28,6.47,0.0,0.0,0.0,0.446,0.0,0.15,4.87,0.17,0.08,15.0,2.33,23.0,0.011,209.0,8.54,0.002,0.003,0.003,7.000000000000001e-05,0.0228,2
beef,"chuck eye steak, boneless, separable lean only, trimmed to 0"" fat, all grades, raw",Beef,153.0,21.29,7.56,0.0,0.0,0.0,0.392,0.0,0.17,4.827,0.17,0.075,15.0,2.28,22.0,0.01,202.0,8.39,0.002,0.00307,0.003,7.199999999999999e-05,0.0228,2
beef,"shoulder pot roast, boneless, separable lean only, trimmed to 0"" fat, choice, cooked, braised",Beef,200.0,31.32,8.3,0.0,0.0,0.0,0.512,0.0,0.13,4.923,0.282,0.08,13.0,3.76,25.0,0.015,234.0,9.39,0.001,0.0033799999999999,0.008,0.00014,0.0386,2
beef,"shoulder pot roast, boneless, separable lean only, trimmed to 0"" fat, select, cooked, braised",Beef,190.0,31.71,7.02,0.0,0.0,0.0,0.59,0.0,0.08,4.405,0.265,0.08,13.0,3.36,27.0,0.014,234.0,9.53,0.002,0.00341,0.008,0.000118,0.0373,2
beef,"shoulder pot roast, boneless, separable lean only, trimmed to 0"" fat, all grades, cooked, braised",Beef,196.0,31.48,7.78,0.0,0.0,0.0,0.543,0.0,0.11,4.716,0.275,0.08,13.0,3.6,25.0,0.015,234.0,9.44,0.002,0.00339,0.008,0.000131,0.0381,2
beef,"chuck, mock tender steak, boneless, separable lean only, trimmed to 0"" fat, choice, cooked, braised",Beef,197.0,33.55,6.94,0.0,0.0,0.0,0.381,0.0,0.11,3.867,0.287,0.09,15.0,3.53,23.0,0.015,240.0,11.01,0.001,0.00444,0.008,0.00015,0.0385,2
beef,"chuck, mock tender steak, boneless, separable lean only, trimmed to 0"" fat, select, cooked, braised",Beef,181.0,32.96,5.44,0.0,0.0,0.0,0.407,0.0,0.1,3.94,0.29,0.08,15.0,3.32,23.0,0.049,239.0,10.76,0.002,0.00448,0.008,0.000147,0.0405,2
beef,"chuck, mock tender steak, boneless, separable lean only, trimmed to 0"" fat, all grades, cooked, braised",Beef,190.0,33.31,6.34,0.0,0.0,0.0,0.39,0.0,0.11,3.88,0.287,0.085,15.0,3.42,23.0,0.026,239.0,10.93,0.002,0.00444,0.008,0.00015,0.0387999999999999,2
beef,"chuck, mock tender steak, boneless, separable lean only, trimmed to 0"" fat, choice, raw",Beef,127.0,21.36,4.6,0.0,0.0,0.0,0.409,0.0,0.19,3.527,0.217,0.08,11.0,2.51,26.0,0.013,230.0,8.06,0.002,0.00322,0.003,8.999999999999999e-05,0.0243,2
beef,"chuck, mock tender steak, boneless, separable lean only, trimmed to 0"" fat, select, raw",Beef,117.0,21.22,3.53,0.0,0.0,0.0,0.448,0.0,0.2,3.74,0.22,0.08,11.0,2.26,24.0,0.012,216.0,7.93,0.002,0.00302,0.003,8.400000000000001e-05,0.0252,2
beef,"chuck, mock tender steak, boneless, separable lean only, trimmed to 0"" fat, all grades, raw",Beef,123.0,21.3,4.17,0.0,0.0,0.0,0.416,0.0,0.2,3.603,0.217,0.08,11.0,2.44,25.0,0.012,225.0,8.0,0.002,0.00313,0.003,8.8e-05,0.0243,2
beef,"chuck for stew, separable lean and fat, all grades, cooked, braised",Beef,191.0,32.41,6.82,0.0,0.0,0.0,0.511,0.0,0.11,4.117,0.25,0.075,16.0,2.96,23.0,0.017,228.0,8.32,0.002,0.00273,0.008,0.0001199999999999,0.0346,2
beef,"chuck for stew, separable lean and fat, select, cooked, braised",Beef,186.0,32.29,6.34,0.0,0.0,0.0,0.522,0.0,0.07,4.85,0.3,0.08,15.0,2.84,23.0,0.016,236.0,8.47,0.002,0.0025299999999999,0.008,0.000116,0.0322,2
beef,"chuck for stew, separable lean and fat, choice, cooked, braised",Beef,194.0,32.49,7.14,0.0,0.0,0.0,0.505,0.0,0.13,4.013,0.227,0.07,17.0,3.06,22.0,0.017,223.0,8.27,0.001,0.00285,0.008,0.000125,0.0353,2
beef,"chuck for stew, separable lean and fat, all grades, raw",Beef,128.0,21.75,4.48,0.16,0.0,0.0,0.567,0.0,0.17,5.003,0.17,0.08,13.0,2.12,21.0,0.014,213.0,5.43,0.002,0.0023,0.003,8.8e-05,0.0242,2
beef,"chuck for stew, separable lean and fat, select, raw",Beef,124.0,21.9,3.99,0.21,0.0,0.0,0.568,0.0,0.15,5.19,0.17,0.08,14.0,2.2,20.0,0.014,209.0,5.51,0.002,0.00242,0.004,9.3e-05,0.026,2
beef,"chuck for stew, separable lean and fat, choice, raw",Beef,130.0,21.64,4.81,0.12,0.0,0.0,0.568,0.0,0.18,4.887,0.17,0.08,13.0,2.09,21.0,0.014,217.0,5.41,0.002,0.00227,0.003,8.400000000000001e-05,0.0236,2
beef,"chuck, under blade steak, boneless, separable lean only, trimmed to 0"" fat, choice, cooked, braised",Beef,222.0,30.91,10.91,0.0,0.0,0.0,0.325,0.0,0.1,4.02,0.252,0.071,14.0,3.25,22.0,0.016,210.0,11.39,0.002,0.0035499999999999,0.008,9.8e-05,0.0353,2
beef,"chuck, under blade steak, boneless, separable lean only, trimmed to 0"" fat, select, cooked, braised",Beef,215.0,32.01,9.66,0.0,0.0,0.0,0.329,0.0,0.06,3.908,0.256,0.073,14.0,3.15,22.0,0.015,202.0,11.37,0.002,0.00337,0.008,0.000107,0.0361,2
beef,"chuck, under blade steak, boneless, separable lean only, trimmed to 0"" fat, all grades, cooked, braised",Beef,219.0,31.35,10.41,0.0,0.0,0.0,0.326,0.0,0.09,3.976,0.254,0.072,14.0,3.21,22.0,0.016,207.0,11.38,0.002,0.00348,0.008,0.000101,0.0357,2
beef,"chuck, under blade pot roast, boneless, separable lean and fat, trimmed to 0"" fat, all grades, cooked, braised",Beef,291.0,26.7,20.49,0.0,0.0,0.0,0.295,0.0,0.08,3.568,0.213,0.066,14.0,2.68,19.0,0.012,173.0,9.14,0.008,0.00302,0.006,8.599999999999999e-05,0.0308,2
beef,"rib eye steak, boneless, lip-on, separable lean only, trimmed to 1/8"" fat, all grades, cooked, grilled",Beef,207.0,27.97,10.57,0.0,0.0,0.0,0.558,0.0,0.1,5.799,0.323,0.08,7.0,2.53,25.0,0.09,177.0,7.0,0.002,0.00232,0.007,8.999999999999999e-05,0.0356,2
beef,"rib eye roast, bone-in, lip-on, separable lean only, trimmed to 1/8"" fat, choice, cooked, roasted",Beef,240.0,27.18,14.55,0.0,0.0,0.0,0.517,0.0,0.12,5.478,0.328,0.11,11.0,2.37,24.0,0.086,174.0,6.11,0.002,0.0022299999999999,0.007,8.599999999999999e-05,0.0285,2
beef,"chuck, under blade pot roast or steak, boneless, separable lean and fat, trimmed to 0"" fat, all grades, raw",Beef,196.0,19.17,13.26,0.0,0.0,0.0,0.397,0.0,0.16,4.032,0.167,0.079,12.0,2.19,20.0,0.011,184.0,6.99,0.004,0.00282,0.003,7.099999999999999e-05,0.0229,2
beef,"chuck, under blade pot roast or steak, boneless, separable lean and fat, trimmed to 0"" fat, choice, raw",Beef,202.0,19.15,13.93,0.0,0.0,0.0,0.38,0.0,0.16,3.983,0.167,0.079,12.0,2.13,19.0,0.011,181.0,6.99,0.004,0.00294,0.003,7.3e-05,0.0217,2
beef,"chuck, under blade pot roast or steak, boneless, separable lean and fat, trimmed to 0"" fat, select, raw",Beef,187.0,19.2,12.27,0.0,0.0,0.0,0.421,0.0,0.17,4.106,0.167,0.079,12.0,2.27,20.0,0.011,188.0,6.98,0.004,0.00263,0.003,6.7e-05,0.0246,2
beef,"chuck, under blade center steak, boneless, Denver Cut, separable lean and fat, trimmed to 0"" fat, all grades, cooked, grilled",Beef,227.0,26.18,13.54,0.21,0.0,0.0,0.413,0.0,0.08,3.591,0.243,0.089,13.0,3.26,23.0,0.016,202.0,9.85,0.007,0.00368,0.006,0.000108,0.0299,2
beef,"chuck, under blade center steak, boneless, Denver Cut, separable lean and fat, trimmed to 0"" fat, choice, cooked, grilled",Beef,236.0,26.1,14.41,0.4,0.0,0.0,0.395,0.0,0.09,3.575,0.24,0.089,12.0,3.27,23.0,0.017,204.0,9.66,0.007,0.00346,0.006,0.00011,0.0319,2
beef,"chuck, under blade center steak, boneless, Denver Cut, separable lean and fat, trimmed to 0"" fat, select, cooked, grilled",Beef,215.0,26.3,12.25,0.0,0.0,0.0,0.456,0.0,0.07,3.681,0.246,0.089,16.0,3.31,23.0,0.016,198.0,10.19,0.007,0.00422,0.006,0.000103,0.0277,2
beef,"chuck, under blade center steak, boneless, Denver Cut, separable lean and fat, trimmed to 0"" fat, all grades, raw",Beef,182.0,18.99,11.64,0.36,0.0,0.0,0.399,0.0,0.14,3.252,0.191,0.08,11.0,2.38,20.0,0.014,178.0,7.4,0.004,0.0030299999999999,0.003,7.5e-05,0.0212,2
beef,"chuck, under blade center steak, boneless, Denver Cut, separable lean and fat, trimmed to 0"" fat, choice, raw",Beef,189.0,18.85,12.4,0.53,0.0,0.0,0.402,0.0,0.15,3.316,0.195,0.08,11.0,2.37,20.0,0.014,177.0,7.32,0.004,0.0029,0.003,7.5e-05,0.0215,2
beef,"chuck, under blade center steak, boneless, Denver Cut, separable lean and fat, trimmed to 0"" fat, select, raw",Beef,172.0,19.2,10.5,0.09,0.0,0.0,0.421,0.0,0.12,3.292,0.183,0.079,11.0,2.38,20.0,0.014,181.0,7.51,0.004,0.00322,0.003,7.6e-05,0.0208,2
beef,"shoulder pot roast or steak, boneless, separable lean and fat, trimmed to 0"" fat, choice, raw",Beef,133.0,21.17,5.33,0.07,0.0,0.0,0.564,0.0,0.19,4.549,0.206,0.09,12.0,2.66,24.0,0.013,234.0,6.72,0.003,0.00266,0.003,7.099999999999999e-05,0.0238,2
beef,"shoulder pot roast or steak, boneless, separable lean and fat, trimmed to 0"" fat, select, raw",Beef,127.0,21.72,4.44,0.0,0.0,0.0,0.595,0.0,0.16,4.619,0.212,0.09,12.0,2.56,26.0,0.013,233.0,6.88,0.003,0.00283,0.003,7.6e-05,0.0238999999999999,2
beef,"chuck eye roast, boneless, America's Beef Roast, separable lean and fat, trimmed to 0"" fat, all grades, cooked, roasted",Beef,236.0,24.63,15.29,0.0,0.0,0.0,0.38,0.0,0.11,4.368,0.178,0.072,18.0,2.22,20.0,0.012,187.0,8.48,0.007,0.0030099999999999,0.006,7.099999999999999e-05,0.0252,2
beef,"chuck eye roast, boneless, America's Beef Roast, separable lean and fat, trimmed to 0"" fat, choice, cooked, roasted",Beef,241.0,24.47,15.87,0.0,0.0,0.0,0.374,0.0,0.13,4.303,0.182,0.076,18.0,2.28,21.0,0.012,189.0,8.74,0.006,0.00322,0.006,7.4e-05,0.0252,2
beef,"chuck eye roast, boneless, America's Beef Roast, separable lean and fat, trimmed to 0"" fat, select, cooked, roasted",Beef,229.0,24.86,14.41,0.0,0.0,0.0,0.382,0.0,0.07,4.314,0.174,0.067,19.0,2.16,20.0,0.012,185.0,8.24,0.007,0.00266,0.006,6.7e-05,0.0263,2
beef,"chuck, under blade steak, boneless, separable lean and fat, trimmed to 0"" fat, all grades, cooked, braised",Beef,275.0,28.23,18.0,0.0,0.0,0.0,0.312,0.0,0.08,3.772,0.225,0.07,14.0,2.8,20.0,0.013,181.0,9.55,0.008,0.00319,0.007,8.999999999999999e-05,0.0322,2
beef,"chuck, under blade steak, boneless, separable lean and fat, trimmed to 0"" fat, choice, cooked, braised",Beef,284.0,27.6,19.3,0.0,0.0,0.0,0.31,0.0,0.09,3.804,0.223,0.069,14.0,2.82,20.0,0.013,183.0,9.52,0.008,0.00325,0.007,8.599999999999999e-05,0.0319,2
beef,"chuck, under blade steak, boneless, separable lean and fat, trimmed to 0"" fat, select, cooked, braised",Beef,261.0,29.18,16.05,0.0,0.0,0.0,0.314,0.0,0.05,3.72,0.227,0.071,14.0,2.76,20.0,0.013,177.0,9.59,0.008,0.0031,0.007,9.5e-05,0.0327,2
beef,"chuck, mock tender steak, boneless, separable lean and fat, trimmed to 0"" fat, all grades, cooked, braised",Beef,220.0,32.07,10.18,0.0,0.0,0.0,0.381,0.0,0.11,3.809,0.277,0.083,14.0,3.29,22.0,0.025,230.0,10.44,0.007,0.0043,0.008,0.0001439999999999,0.0375,2
beef,"chuck, mock tender steak, boneless, separable lean and fat, trimmed to 0"" fat, choice, cooked, braised",Beef,225.0,32.21,10.74,0.0,0.0,0.0,0.372,0.0,0.11,3.787,0.276,0.088,15.0,3.38,22.0,0.015,230.0,10.46,0.007,0.00429,0.008,0.0001439999999999,0.0371,2
beef,"chuck, mock tender steak, boneless, separable lean and fat, trimmed to 0"" fat, select, cooked, braised",Beef,211.0,31.86,9.34,0.0,0.0,0.0,0.398,0.0,0.1,3.87,0.281,0.079,15.0,3.21,22.0,0.047,230.0,10.31,0.007,0.00435,0.008,0.0001419999999999,0.0392,2
beef,"chuck, mock tender steak, boneless, separable lean and fat, trimmed to 0"" fat, all grades, raw",Beef,128.0,21.13,4.79,0.0,0.0,0.0,0.413,0.0,0.2,3.587,0.214,0.08,11.0,2.43,25.0,0.012,223.0,7.93,0.003,0.00311,0.003,8.7e-05,0.0241,2
beef,"chuck, mock tender steak, boneless, separable lean and fat, trimmed to 0"" fat, choice, raw",Beef,131.0,21.19,5.18,0.0,0.0,0.0,0.407,0.0,0.19,3.513,0.215,0.08,11.0,2.5,26.0,0.013,229.0,8.0,0.003,0.00319,0.003,8.9e-05,0.0241,2
beef,"chuck, mock tender steak, boneless, separable lean and fat, trimmed to 0"" fat, select, raw",Beef,122.0,21.05,4.2,0.0,0.0,0.0,0.445,0.0,0.2,3.72,0.217,0.08,11.0,2.25,24.0,0.012,215.0,7.85,0.003,0.00299,0.003,8.3e-05,0.0249,2
beef,"chuck, short ribs, boneless, separable lean and fat, trimmed to 0"" fat, all grades, cooked, braised",Beef,305.0,25.48,22.58,0.0,0.0,0.0,0.287,0.0,0.08,3.299,0.227,0.09,14.0,2.7,20.0,0.013,170.0,9.73,0.008,0.00345,0.006,9.7e-05,0.0297,2
beef,"chuck, short ribs, boneless, separable lean and fat, trimmed to 0"" fat, choice, cooked, braised",Beef,317.0,25.26,24.05,0.0,0.0,0.0,0.273,0.0,0.09,3.246,0.221,0.089,14.0,2.67,20.0,0.012,168.0,9.64,0.008,0.0035499999999999,0.006,9.6e-05,0.029,2
beef,"chuck, short ribs, boneless, separable lean and fat, trimmed to 0"" fat, select, cooked, braised",Beef,287.0,25.81,20.38,0.0,0.0,0.0,0.308,0.0,0.06,3.501,0.245,0.091,14.0,2.76,21.0,0.013,180.0,10.23,0.008,0.00329,0.006,9.6e-05,0.0319,2
beef,"chuck, short ribs, boneless, separable lean and fat, trimmed to 0"" fat, all grades, raw",Beef,235.0,17.48,18.33,0.0,0.0,0.0,0.296,0.0,0.15,3.293,0.168,0.078,12.0,2.24,18.0,0.011,165.0,7.07,0.004,0.003,0.003,7.000000000000001e-05,0.0186999999999999,2
beef,"chuck, short ribs, boneless, separable lean and fat, trimmed to 0"" fat, choice, raw",Beef,240.0,17.22,19.03,0.0,0.0,0.0,0.296,0.0,0.16,3.323,0.168,0.078,11.0,2.3,18.0,0.011,167.0,7.13,0.004,0.0029,0.003,6.900000000000001e-05,0.0193,2
beef,"chuck, short ribs, boneless, separable lean and fat, trimmed to 0"" fat, select, raw",Beef,227.0,17.87,17.28,0.0,0.0,0.0,0.306,0.0,0.14,3.318,0.167,0.078,12.0,2.15,17.0,0.01,162.0,7.04,0.005,0.00309,0.003,7.199999999999999e-05,0.0186,2
beef,"shoulder pot roast, boneless, separable lean and fat, trimmed to 0"" fat, all grades, cooked, braised",Beef,204.0,31.03,8.92,0.0,0.0,0.0,0.535,0.0,0.11,4.662,0.271,0.079,13.0,3.53,25.0,0.014,230.0,9.24,0.007,0.00335,0.008,0.000129,0.0375,2
beef,"shoulder pot roast, boneless, separable lean and fat, trimmed to 0"" fat, choice, cooked, braised",Beef,207.0,30.93,9.25,0.0,0.0,0.0,0.506,0.0,0.13,4.873,0.278,0.079,13.0,3.7,24.0,0.015,230.0,9.22,0.006,0.0033399999999999,0.008,0.000138,0.0381,2
beef,"shoulder pot roast, boneless, separable lean and fat, trimmed to 0"" fat, select, cooked, braised",Beef,200.0,31.18,8.41,0.0,0.0,0.0,0.578,0.0,0.08,4.347,0.26,0.079,13.0,3.29,26.0,0.014,228.0,9.28,0.007,0.0033599999999999,0.008,0.000116,0.0366,2
beef,"chuck eye Country-Style ribs, boneless, separable lean and fat, trimmed to 0"" fat, all grades, cooked, braised",Beef,296.0,27.69,20.55,0.0,0.0,0.0,0.272,0.0,0.09,3.804,0.209,0.066,16.0,2.49,17.0,0.014,172.0,8.91,0.008,0.0031,0.007,9.3e-05,0.0306999999999999,2
beef,"chuck eye Country-Style ribs, boneless, separable lean and fat, trimmed to 0"" fat, choice, cooked, braised",Beef,303.0,27.16,21.56,0.0,0.0,0.0,0.269,0.0,0.11,3.791,0.208,0.066,16.0,2.51,16.0,0.014,169.0,8.93,0.008,0.00312,0.007,9.7e-05,0.0317,2
beef,"chuck eye Country-Style ribs, boneless, separable lean and fat, trimmed to 0"" fat, select, cooked, braised",Beef,285.0,28.47,19.03,0.0,0.0,0.0,0.278,0.0,0.05,3.886,0.211,0.066,15.0,2.46,19.0,0.014,181.0,9.07,0.008,0.00307,0.007,8.3e-05,0.0303,2
beef,"chuck eye Country-Style ribs, boneless, separable lean and fat, trimmed to 0"" fat, all grades, raw",Beef,205.0,18.97,14.32,0.0,0.0,0.0,0.338,0.0,0.16,3.875,0.162,0.07,14.0,2.1,16.0,0.012,175.0,6.65,0.004,0.00291,0.003,8.3e-05,0.0191,2
beef,"chuck eye Country-Style ribs, boneless, separable lean and fat, trimmed to 0"" fat, choice, raw",Beef,210.0,18.87,14.99,0.0,0.0,0.0,0.337,0.0,0.18,3.821,0.166,0.07,15.0,2.16,16.0,0.012,177.0,7.02,0.004,0.00294,0.003,8.3e-05,0.0196,2
beef,"chuck eye Country-Style ribs, boneless, separable lean and fat, trimmed to 0"" fat, select, raw",Beef,196.0,19.1,13.33,0.0,0.0,0.0,0.338,0.0,0.12,3.95,0.157,0.07,14.0,1.97,16.0,0.012,172.0,5.89,0.004,0.0028,0.003,8.400000000000001e-05,0.0186,2
beef,"chuck eye steak, boneless, separable lean and fat, trimmed to 0"" fat, all grades, cooked, grilled",Beef,277.0,24.98,19.64,0.0,0.0,0.0,0.373,0.0,0.1,4.663,0.191,0.066,16.0,2.45,22.0,0.012,193.0,8.68,0.007,0.0030299999999999,0.006,7.7e-05,0.0275,2
beef,"chuck eye steak, boneless, separable lean and fat, trimmed to 0"" fat, choice, cooked, grilled",Beef,283.0,24.95,20.35,0.0,0.0,0.0,0.357,0.0,0.1,4.649,0.188,0.066,15.0,2.46,21.0,0.012,192.0,8.63,0.007,0.00289,0.006,7.9e-05,0.0268,2
beef,"chuck eye steak, boneless, separable lean and fat, trimmed to 0"" fat, select, cooked, grilled",Beef,267.0,25.03,18.57,0.0,0.0,0.0,0.408,0.0,0.09,4.773,0.194,0.066,17.0,2.42,22.0,0.012,192.0,8.78,0.008,0.00314,0.006,7.199999999999999e-05,0.0291,2
beef,"chuck eye steak, boneless, separable lean and fat, trimmed to 0"" fat, all grades, raw",Beef,223.0,18.86,16.35,0.0,0.0,0.0,0.362,0.0,0.15,4.351,0.144,0.074,14.0,2.1,19.0,0.009,179.0,7.26,0.004,0.0027,0.003,6.4e-05,0.0198,2
beef,"chuck eye steak, boneless, separable lean and fat, trimmed to 0"" fat, choice, raw",Beef,227.0,18.86,16.85,0.0,0.0,0.0,0.326,0.0,0.15,4.34,0.141,0.07,14.0,2.1,19.0,0.008,179.0,7.3,0.004,0.00274,0.003,6.500000000000001e-05,0.0198999999999999,2
beef,"rib eye roast, bone-in, lip-on, separable lean only, trimmed to 1/8"" fat, all grades, cooked, roasted",Beef,231.0,27.12,13.64,0.0,0.0,0.0,0.544,0.0,0.1,5.561,0.329,0.095,11.0,2.36,24.0,0.085,173.0,6.14,0.002,0.00226,0.007,8.5e-05,0.0277,2
beef,"rib eye roast, bone-in, lip-on, separable lean only, trimmed to 1/8"" fat, select, cooked, roasted",Beef,219.0,27.03,12.29,0.0,0.0,0.0,0.584,0.0,0.07,5.685,0.33,0.08,11.0,2.35,24.0,0.083,170.0,6.2,0.002,0.00231,0.007,8.3e-05,0.0265,2
beef,"rib eye steak, boneless, lip-on, separable lean only, trimmed to 1/8"" fat, choice, cooked, grilled",Beef,217.0,27.3,11.97,0.0,0.0,0.0,0.514,0.0,0.12,5.545,0.335,0.08,8.0,2.65,25.0,0.087,174.0,6.97,0.001,0.00237,0.007,8.7e-05,0.033,2
beef,"rib eye steak, boneless, lip-on, separable lean only, trimmed to 1/8"" fat, select, cooked, grilled",Beef,192.0,28.98,8.48,0.0,0.0,0.0,0.623,0.0,0.07,6.18,0.305,0.08,6.0,2.34,26.0,0.096,181.0,7.05,0.002,0.00225,0.007,9.6e-05,0.0395,2
beef,"rib eye steak/roast, bone-in, lip-on, separable lean only, trimmed to 1/8"" fat, all grades, raw",Beef,166.0,21.22,9.04,0.0,0.0,0.0,0.488,0.0,0.15,5.08,0.269,0.1,9.0,1.96,21.0,0.073,152.0,4.89,0.002,0.0019399999999999,0.003,7.3e-05,0.0211,2
beef,"rib eye steak/roast, bone-in, lip-on, separable lean only, trimmed to 1/8"" fat, choice, raw",Beef,173.0,20.93,9.97,0.0,0.0,0.0,0.467,0.0,0.16,4.907,0.278,0.1,9.0,1.95,22.0,0.073,156.0,4.77,0.002,0.0019299999999999,0.003,7.3e-05,0.0215,2
beef,"rib eye steak/roast, bone-in, lip-on, separable lean only, trimmed to 1/8"" fat, select, raw",Beef,155.0,21.65,7.64,0.0,0.0,0.0,0.521,0.0,0.14,5.34,0.255,0.1,10.0,1.99,21.0,0.072,148.0,5.07,0.002,0.00196,0.003,7.199999999999999e-05,0.0205,2
beef,"rib eye steak/roast, boneless, lip-on, separable lean only, trimmed to 1/8"" fat, all grades, raw",Beef,156.0,21.99,7.54,0.0,0.0,0.0,0.467,0.0,0.15,5.555,0.271,0.115,6.0,1.94,23.0,0.075,156.0,5.67,0.002,0.00187,0.004,7.6e-05,0.0273,2
beef,"rib eye steak/roast, boneless, lip-on, separable lean only, trimmed to 1/8"" fat, choice, raw",Beef,161.0,21.62,8.29,0.0,0.0,0.0,0.479,0.0,0.18,5.538,0.278,0.13,7.0,2.04,22.0,0.071,153.0,5.63,0.002,0.00196,0.003,7.099999999999999e-05,0.0275,2
beef,"rib eye steak/roast, boneless, lip-on, separable lean only, trimmed to 1/8"" fat, select, raw",Beef,148.0,22.55,6.41,0.0,0.0,0.0,0.449,0.0,0.1,5.58,0.26,0.1,5.0,1.8,23.0,0.082,160.0,5.72,0.002,0.00175,0.004,8.400000000000001e-05,0.027,2
beef,"rib eye steak, bone-in, lip-on, separable lean only, trimmed to 1/8"" fat, all grades, cooked, grilled",Beef,221.0,27.4,12.43,0.0,0.0,0.0,0.547,0.0,0.08,5.683,0.334,0.105,22.0,2.62,25.0,0.081,184.0,6.0,0.002,0.00222,0.007,8.1e-05,0.0282,2
beef,"rib eye steak, bone-in, lip-on, separable lean only, trimmed to 1/8"" fat, choice, cooked, grilled",Beef,229.0,27.03,13.44,0.0,0.0,0.0,0.53,0.0,0.1,5.675,0.337,0.1,22.0,2.61,25.0,0.083,184.0,6.0,0.001,0.00221,0.007,8.3e-05,0.0283,2
beef,"rib eye steak, bone-in, lip-on, separable lean only, trimmed to 1/8"" fat, select, cooked, grilled",Beef,210.0,27.96,10.91,0.0,0.0,0.0,0.573,0.0,0.06,5.695,0.33,0.11,22.0,2.63,25.0,0.078,185.0,6.01,0.002,0.0022299999999999,0.007,7.8e-05,0.028,2
beef,"rib eye roast, boneless, lip-on, separable lean only, trimmed to 1/8"" fat, all grades, cooked, roasted",Beef,218.0,28.21,11.68,0.0,0.0,0.0,0.54,0.0,0.1,5.85,0.292,0.09,8.0,2.13,24.0,0.089,178.0,7.09,0.002,0.00233,0.007,8.9e-05,0.0355,2
beef,"rib eye roast, boneless, lip-on, separable lean only, trimmed to 1/8"" fat, choice, cooked, roasted",Beef,229.0,27.87,13.01,0.0,0.0,0.0,0.534,0.0,0.12,5.657,0.277,0.1,8.0,2.2,24.0,0.093,175.0,7.12,0.002,0.00243,0.007,9.3e-05,0.0348,2
beef,"rib eye roast, boneless, lip-on, separable lean only, trimmed to 1/8"" fat, select, cooked, roasted",Beef,202.0,28.72,9.68,0.0,0.0,0.0,0.549,0.0,0.08,6.14,0.315,0.08,8.0,2.02,25.0,0.083,183.0,7.05,0.002,0.00218,0.007,8.3e-05,0.0365,2
beef,"plate steak, boneless, inside skirt, separable lean only, trimmed to 0"" fat, all grades, cooked, grilled",Beef,234.0,29.99,12.69,0.0,0.0,0.0,0.492,0.0,0.09,6.471,0.353,0.085,7.0,2.47,24.0,0.109,171.0,8.24,0.002,0.00295,0.007,0.0001089999999999,0.034,2
beef,"plate steak, boneless, inside skirt, separable lean only, trimmed to 0"" fat, all grades, raw",Beef,164.0,21.17,8.82,0.0,0.0,0.0,0.438,0.0,0.14,5.439,0.299,0.058,6.0,1.75,21.0,0.088,151.0,6.26,0.002,0.0023799999999999,0.003,8.8e-05,0.023,2
beef,"plate steak, boneless, inside skirt, separable lean only, trimmed to 0"" fat, choice, cooked, grilled",Beef,242.0,29.56,13.72,0.0,0.0,0.0,0.471,0.0,0.11,6.365,0.355,0.09,7.0,2.51,23.0,0.107,168.0,8.14,0.002,0.0031,0.007,0.000107,0.0337,2
beef,"plate steak, boneless, inside skirt, separable lean only, trimmed to 0"" fat, choice, raw",Beef,171.0,20.89,9.76,0.0,0.0,0.0,0.44,0.0,0.17,5.282,0.285,0.055,6.0,1.74,21.0,0.087,150.0,6.25,0.002,0.0025499999999999,0.003,8.7e-05,0.024,2
beef,"plate steak, boneless, inside skirt, separable lean only, trimmed to 0"" fat, select, cooked, grilled",Beef,223.0,30.64,11.16,0.0,0.0,0.0,0.524,0.0,0.07,6.63,0.35,0.08,7.0,2.36,24.0,0.107,176.0,8.49,0.002,0.00272,0.007,0.000107,0.035,2
beef,"plate steak, boneless, inside skirt, separable lean only, trimmed to 0"" fat, select, raw",Beef,153.0,21.61,7.41,0.0,0.0,0.0,0.435,0.0,0.1,5.675,0.32,0.06,6.0,1.76,22.0,0.083,154.0,6.44,0.002,0.00213,0.003,8.3e-05,0.022,2
beef,"plate steak, boneless, outside skirt, separable lean only, trimmed to 0"" fat, all grades, cooked, grilled",Beef,282.0,27.68,19.01,0.0,0.0,0.0,0.458,0.0,0.09,5.198,0.853,0.125,7.0,5.21,25.0,0.21,188.0,7.17,0.002,0.00792,0.007,0.000211,0.0357,2
beef,"plate steak, boneless, outside skirt, separable lean only, trimmed to 0"" fat, all grades, raw",Beef,206.0,18.74,14.53,0.19,0.0,0.0,0.402,0.0,0.14,4.251,0.588,0.11,5.0,3.6,20.0,0.18,148.0,4.95,0.002,0.00555,0.003,0.0001809999999999,0.0237,2
beef,"plate steak, boneless, outside skirt, separable lean only, trimmed to 0"" fat, choice, cooked, grilled",Beef,291.0,27.03,20.28,0.0,0.0,0.0,0.445,0.0,0.09,4.927,0.848,0.13,7.0,5.06,24.0,0.208,185.0,7.12,0.002,0.00818,0.007,0.0002099999999999,0.036,2
beef,"plate steak, boneless, outside skirt, separable lean only, trimmed to 0"" fat, choice, raw",Beef,212.0,18.47,15.26,0.17,0.0,0.0,0.392,0.0,0.16,4.212,0.597,0.11,5.0,3.53,20.0,0.182,147.0,4.74,0.002,0.00582,0.003,0.000182,0.0237,2
beef,"plate steak, boneless, outside skirt, separable lean only, trimmed to 0"" fat, select, cooked, grilled",Beef,268.0,28.65,17.1,0.0,0.0,0.0,0.479,0.0,0.07,5.605,0.86,0.12,8.0,5.46,26.0,0.217,197.0,7.38,0.003,0.00753,0.007,0.000217,0.036,2
beef,"plate steak, boneless, outside skirt, separable lean only, trimmed to 0"" fat, select, raw",Beef,198.0,19.14,13.44,0.23,0.0,0.0,0.417,0.0,0.12,4.31,0.575,0.11,6.0,3.8,21.0,0.175,153.0,5.36,0.003,0.00516,0.003,0.000175,0.024,2
beef,"rib eye steak, boneless, lip off, separable lean only, trimmed to 0"" fat, all grades, cooked, grilled",Beef,206.0,28.11,10.37,0.0,0.0,0.0,0.558,0.0,0.1,5.799,0.323,0.08,7.0,2.53,25.0,0.09,177.0,7.0,0.002,0.00232,0.007,8.999999999999999e-05,0.0356,2
beef,"rib eye steak, boneless, lip off, separable lean only, trimmed to 0"" fat, all grades, raw",Beef,154.0,21.85,7.41,0.0,0.0,0.0,0.467,0.0,0.15,5.555,0.271,0.115,6.0,1.94,23.0,0.075,156.0,5.67,0.002,0.00187,0.004,7.6e-05,0.0273,2
beef,"rib eye steak, boneless, lip off, separable lean only, trimmed to 0"" fat, choice, cooked, grilled",Beef,215.0,27.39,11.75,0.0,0.0,0.0,0.514,0.0,0.12,5.545,0.335,0.08,8.0,2.65,25.0,0.087,174.0,6.97,0.001,0.00237,0.007,8.7e-05,0.033,2
beef,"rib eye steak, boneless, lip off, separable lean only, trimmed to 0"" fat, choice, raw",Beef,162.0,21.44,8.5,0.0,0.0,0.0,0.479,0.0,0.18,5.538,0.278,0.13,7.0,2.04,22.0,0.071,153.0,5.63,0.002,0.00196,0.003,7.099999999999999e-05,0.0275,2
beef,"rib eye steak, boneless, lip off, separable lean only, trimmed to 0"" fat, select, cooked, grilled",Beef,191.0,29.18,8.31,0.0,0.0,0.0,0.623,0.0,0.07,6.18,0.305,0.08,6.0,2.34,26.0,0.096,181.0,7.05,0.002,0.00225,0.007,9.6e-05,0.0395,2
beef,"rib eye steak, boneless, lip off, separable lean only, trimmed to 0"" fat, select, raw",Beef,142.0,22.46,5.78,0.0,0.0,0.0,0.449,0.0,0.1,5.58,0.26,0.1,5.0,1.8,23.0,0.082,160.0,5.72,0.002,0.00175,0.004,8.400000000000001e-05,0.027,2
beef,"rib, back ribs, bone-in, separable lean only, trimmed to 0"" fat, all grades, cooked, braised",Beef,299.0,28.36,20.57,0.0,0.0,0.0,0.567,0.0,0.1,5.882,0.346,0.109,22.0,2.66,26.0,0.0,187.0,6.1,0.002,0.0023,0.007,8.2e-05,0.0286,2
beef,"rib, back ribs, bone-in, separable lean only, trimmed to 0"" fat, all grades, raw",Beef,239.0,19.11,17.91,0.46,0.0,0.0,0.44,0.0,0.08,4.576,0.242,0.09,9.0,1.84,20.0,0.0,143.0,4.59,0.0,0.00175,0.003,6.8e-05,0.0198,2
beef,"rib, back ribs, bone-in, separable lean only, trimmed to 0"" fat, choice, cooked, braised",Beef,306.0,27.75,21.72,0.0,0.0,0.0,0.544,0.0,0.0,5.826,0.346,0.103,22.0,2.64,26.0,0.0,187.0,6.08,0.002,0.00227,0.007,8.400000000000001e-05,0.0287,2
beef,"rib, back ribs, bone-in, separable lean only, trimmed to 0"" fat, choice, raw",Beef,252.0,18.72,19.36,0.64,0.0,0.0,0.417,0.0,0.0,4.388,0.249,0.089,8.0,1.83,20.0,0.0,146.0,4.48,0.002,0.00173,0.003,6.8e-05,0.0202,2
beef,"rib, back ribs, bone-in, separable lean only, trimmed to 0"" fat, select, cooked, braised",Beef,287.0,29.28,18.84,0.0,0.0,0.0,0.6,0.0,0.0,5.964,0.346,0.115,22.0,2.68,26.0,0.0,188.0,6.13,0.003,0.00234,0.007,7.9e-05,0.0285,2
beef,"rib, back ribs, bone-in, separable lean only, trimmed to 0"" fat, select, raw",Beef,221.0,19.71,15.73,0.2,0.0,0.0,0.475,0.0,0.0,4.861,0.232,0.091,9.0,1.86,20.0,0.0,138.0,4.75,0.003,0.00178,0.003,6.8e-05,0.0192,2
beef,"rib eye steak, bone-in, lip-on, separable lean and fat, trimmed to 1/8"" fat, choice, cooked, grilled",Beef,313.0,22.71,24.7,0.0,0.0,0.0,0.45,0.0,0.1,4.752,0.296,0.085,22.0,2.29,22.0,0.073,156.0,5.07,0.008,0.002,0.006,7.3e-05,0.0237,2
beef,"rib eye steak, bone-in, lip-on, separable lean and fat, trimmed to 1/8"" fat, select, cooked, grilled",Beef,304.0,23.19,23.47,0.0,0.0,0.0,0.477,0.0,0.07,4.705,0.288,0.092,22.0,2.29,21.0,0.069,155.0,5.03,0.008,0.00202,0.006,6.900000000000001e-05,0.0232,2
beef,"rib eye steak, bone-in, lip-on, separable lean and fat, trimmed to 1/8"" fat, all grades, cooked, grilled",Beef,309.0,22.9,24.2,0.0,0.0,0.0,0.461,0.0,0.09,4.733,0.293,0.088,22.0,2.29,21.0,0.071,156.0,5.05,0.008,0.0020099999999999,0.006,7.099999999999999e-05,0.0235,2
beef,"rib eye roast, bone-in, lip-on, separable lean and fat, trimmed to 1/8"" fat, choice, cooked, roasted",Beef,307.0,23.53,23.61,0.0,0.0,0.0,0.453,0.0,0.12,4.749,0.297,0.096,13.0,2.15,21.0,0.077,153.0,5.33,0.008,0.0020499999999999,0.006,7.7e-05,0.0246,2
beef,"rib eye roast, bone-in, lip-on, separable lean and fat, trimmed to 1/8"" fat, select, cooked, roasted",Beef,290.0,23.36,21.85,0.0,0.0,0.0,0.507,0.0,0.07,4.897,0.296,0.071,14.0,2.13,21.0,0.074,149.0,5.39,0.008,0.00211,0.006,7.4e-05,0.0229,2
beef,"rib eye roast, bone-in, lip-on, separable lean and fat, trimmed to 1/8"" fat, all grades, cooked, roasted",Beef,300.0,23.47,22.91,0.0,0.0,0.0,0.475,0.0,0.1,4.808,0.297,0.084,13.0,2.14,21.0,0.076,152.0,5.35,0.008,0.00207,0.006,7.6e-05,0.0238999999999999,2
beef,"rib eye steak/roast, bone-in, lip-on, separable lean and fat, trimmed to 1/8"" fat, all grades, raw",Beef,255.0,18.13,20.31,0.0,0.0,0.0,0.413,0.0,0.15,4.273,0.236,0.084,10.0,1.74,18.0,0.064,128.0,4.12,0.005,0.00174,0.003,6.4e-05,0.0183,2
beef,"rib eye steak/roast, bone-in, lip-on, separable lean and fat, trimmed to 1/8"" fat, choice, raw",Beef,260.0,17.92,20.96,0.0,0.0,0.0,0.397,0.0,0.15,4.153,0.244,0.084,10.0,1.73,18.0,0.064,131.0,4.04,0.005,0.00174,0.003,6.4e-05,0.0186,2
beef,"rib eye steak/roast, bone-in, lip-on, separable lean and fat, trimmed to 1/8"" fat, select, raw",Beef,248.0,18.44,19.34,0.0,0.0,0.0,0.437,0.0,0.14,4.454,0.224,0.084,11.0,1.76,18.0,0.063,124.0,4.24,0.005,0.00175,0.003,6.3e-05,0.0177,2
beef,"rib eye steak, boneless, lip-on, separable lean and fat, trimmed to 1/8"" fat, choice, cooked, grilled",Beef,303.0,22.92,23.52,0.0,0.0,0.0,0.439,0.0,0.11,4.666,0.294,0.07,12.0,2.33,21.0,0.076,149.0,5.84,0.007,0.00213,0.006,7.6e-05,0.0273999999999999,2
beef,"rib eye steak, boneless, lip-on, separable lean and fat, trimmed to 1/8"" fat, select, cooked, grilled",Beef,273.0,24.83,19.25,0.0,0.0,0.0,0.534,0.0,0.08,5.27,0.275,0.071,10.0,2.12,23.0,0.085,157.0,6.03,0.008,0.00206,0.006,8.5e-05,0.0332,2
beef,"rib eye steak, boneless, lip-on, separable lean and fat, trimmed to 1/8"" fat, all grades, cooked, grilled",Beef,291.0,23.69,21.81,0.0,0.0,0.0,0.477,0.0,0.1,4.908,0.287,0.071,11.0,2.24,22.0,0.08,152.0,5.91,0.008,0.0021,0.006,8e-05,0.0297,2
beef,"rib eye roast, boneless, lip-on, separable lean and fat, trimmed to 1/8"" fat, all grades, cooked, roasted",Beef,292.0,24.3,21.66,0.0,0.0,0.0,0.47,0.0,0.1,5.023,0.265,0.08,11.0,1.95,21.0,0.079,155.0,6.09,0.008,0.00213,0.006,7.9e-05,0.0301,2
beef,"rib eye roast, boneless, lip-on, separable lean and fat, trimmed to 1/8"" fat, choice, cooked, roasted",Beef,303.0,23.92,22.98,0.0,0.0,0.0,0.464,0.0,0.11,4.851,0.252,0.087,11.0,2.0,21.0,0.082,152.0,6.09,0.008,0.0022,0.006,8.2e-05,0.0295,2
beef,"rib eye roast, boneless, lip-on, separable lean and fat, trimmed to 1/8"" fat, select, cooked, roasted",Beef,277.0,24.85,19.68,0.0,0.0,0.0,0.48,0.0,0.08,5.281,0.285,0.072,11.0,1.87,22.0,0.075,160.0,6.09,0.008,0.0020099999999999,0.006,7.5e-05,0.031,2
beef,"rib eye steak/roast, boneless, lip-on, separable lean and fat, trimmed to 1/8"" fat, all grades, raw",Beef,244.0,18.85,18.73,0.0,0.0,0.0,0.398,0.0,0.14,4.681,0.239,0.097,8.0,1.74,19.0,0.067,132.0,4.78,0.005,0.0017,0.003,6.7e-05,0.0233,2
beef,"rib eye steak/roast, boneless, lip-on, separable lean and fat, trimmed to 1/8"" fat, choice, raw",Beef,253.0,18.39,19.95,0.0,0.0,0.0,0.404,0.0,0.17,4.629,0.244,0.107,8.0,1.81,19.0,0.063,128.0,4.71,0.005,0.00175,0.003,6.3e-05,0.0233,2
beef,"rib eye steak/roast, boneless, lip-on, separable lean and fat, trimmed to 1/8"" fat, select, raw",Beef,230.0,19.55,16.9,0.0,0.0,0.0,0.388,0.0,0.1,4.759,0.233,0.086,7.0,1.64,20.0,0.072,137.0,4.88,0.005,0.00161,0.003,7.4e-05,0.0232,2
beef,"plate steak, boneless, inside skirt, separable lean and fat, trimmed to 0"" fat, all grades, cooked, grilled",Beef,245.0,29.36,14.2,0.0,0.0,0.0,0.483,0.0,0.1,6.338,0.348,0.083,7.0,2.44,23.0,0.108,168.0,8.06,0.007,0.00291,0.007,0.000108,0.0332999999999999,2
beef,"plate steak, boneless, inside skirt, separable lean and fat, trimmed to 0"" fat, choice, cooked, grilled",Beef,253.0,28.9,15.3,0.0,0.0,0.0,0.462,0.0,0.11,6.224,0.35,0.088,7.0,2.48,23.0,0.105,165.0,7.95,0.007,0.00306,0.007,0.0001049999999999,0.0329,2
beef,"plate steak, boneless, inside skirt, separable lean and fat, trimmed to 0"" fat, select, cooked, grilled",Beef,233.0,30.06,12.54,0.0,0.0,0.0,0.515,0.0,0.07,6.509,0.346,0.078,7.0,2.34,24.0,0.106,173.0,8.33,0.008,0.0027,0.007,0.000106,0.0343,2
beef,"plate steak, boneless, inside skirt, separable lean and fat, trimmed to 0"" fat, all grades, raw",Beef,187.0,20.38,11.71,0.0,0.0,0.0,0.421,0.0,0.15,5.241,0.289,0.055,6.0,1.71,20.0,0.085,145.0,5.99,0.004,0.00231,0.003,8.5e-05,0.0222,2
beef,"plate steak, boneless, inside skirt, separable lean and fat, trimmed to 0"" fat, choice, raw",Beef,195.0,20.06,12.78,0.0,0.0,0.0,0.422,0.0,0.17,5.076,0.275,0.053,6.0,1.7,20.0,0.084,144.0,5.97,0.004,0.00246,0.003,8.400000000000001e-05,0.0231,2
beef,"plate steak, boneless, inside skirt, separable lean and fat, trimmed to 0"" fat, select, raw",Beef,174.0,20.87,10.11,0.0,0.0,0.0,0.42,0.0,0.11,5.49,0.31,0.058,6.0,1.73,21.0,0.081,149.0,6.2,0.004,0.00208,0.003,8.1e-05,0.0214,2
beef,"ground, unspecified fat content, cooked",Beef,234.0,25.07,14.53,0.62,0.0,0.0,0.38,0.0,0.43,5.682,0.18,0.043,25.0,2.67,22.0,0.012,213.0,6.19,0.007,0.00273,0.009,8.1e-05,0.0205,2
beef,"plate steak, boneless, outside skirt, separable lean and fat, trimmed to 0"" fat, all grades, cooked, grilled",Beef,292.0,27.06,20.47,0.0,0.0,0.0,0.45,0.0,0.09,5.096,0.831,0.122,8.0,5.09,24.0,0.205,185.0,7.01,0.008,0.0077199999999999,0.007,0.000206,0.0348,2
beef,"plate steak, boneless, outside skirt, separable lean and fat, trimmed to 0"" fat, choice, cooked, grilled",Beef,300.0,26.46,21.62,0.0,0.0,0.0,0.437,0.0,0.1,4.836,0.827,0.126,8.0,4.95,24.0,0.204,182.0,6.97,0.008,0.00797,0.006,0.000205,0.0352,2
beef,"plate steak, boneless, outside skirt, separable lean and fat, trimmed to 0"" fat, select, cooked, grilled",Beef,281.0,27.95,18.75,0.0,0.0,0.0,0.47,0.0,0.08,5.485,0.837,0.117,8.0,5.33,26.0,0.212,193.0,7.2,0.008,0.00734,0.007,0.000212,0.0351,2
beef,"plate steak, boneless, outside skirt, separable lean and fat, trimmed to 0"" fat, all grades, raw",Beef,232.0,17.98,17.59,0.35,0.0,0.0,0.385,0.0,0.15,4.092,0.556,0.104,6.0,3.42,19.0,0.17,142.0,4.72,0.004,0.00525,0.003,0.00017,0.0226,2
beef,"plate steak, boneless, outside skirt, separable lean and fat, trimmed to 0"" fat, choice, raw",Beef,238.0,17.69,18.44,0.35,0.0,0.0,0.374,0.0,0.17,4.043,0.562,0.103,6.0,3.35,19.0,0.171,140.0,4.51,0.004,0.00548,0.003,0.000171,0.0226,2
beef,"plate steak, boneless, outside skirt, separable lean and fat, trimmed to 0"" fat, select, raw",Beef,222.0,18.43,16.31,0.36,0.0,0.0,0.4,0.0,0.13,4.166,0.548,0.105,6.0,3.63,20.0,0.167,147.0,5.13,0.005,0.00492,0.003,0.000167,0.0231,2
beef,"rib eye steak, boneless, lip off, separable lean and fat, trimmed to 0"" fat, all grades, cooked, grilled",Beef,271.0,24.85,19.02,0.0,0.0,0.0,0.5,0.0,0.0,5.149,0.301,0.074,12.0,2.4,23.0,0.0,163.0,6.34,0.007,0.0022,0.006,8.5e-05,0.0318,2
beef,"rib eye steak, boneless, lip off, separable lean and fat, trimmed to 0"" fat, choice, cooked, grilled",Beef,285.0,23.89,21.1,0.0,0.0,0.0,0.458,0.0,0.0,4.863,0.306,0.073,12.0,2.49,23.0,0.0,159.0,6.23,0.007,0.00222,0.006,8.1e-05,0.0292,2
beef,"rib eye steak, boneless, lip off, separable lean and fat, trimmed to 0"" fat, select, cooked, grilled",Beef,248.0,26.29,15.9,0.0,0.0,0.0,0.565,0.0,0.0,5.58,0.291,0.075,10.0,2.28,25.0,0.0,170.0,6.5,0.008,0.00218,0.006,9.1e-05,0.0358,2
beef,"rib eye steak, boneless, lip off, separable lean and fat, trimmed to 0"" fat, all grades, raw",Beef,228.0,19.26,16.71,0.12,0.0,0.0,0.407,0.0,0.0,4.782,0.244,0.099,8.0,1.81,20.0,0.0,137.0,4.96,0.004,0.00173,0.003,7.000000000000001e-05,0.0242,2
beef,"rib eye steak, boneless, lip off, separable lean and fat, trimmed to 0"" fat, choice, raw",Beef,241.0,18.69,18.43,0.2,0.0,0.0,0.411,0.0,0.0,4.704,0.248,0.109,8.0,1.86,19.0,0.0,133.0,4.86,0.004,0.00178,0.003,6.500000000000001e-05,0.024,2
beef,"rib eye steak, boneless, lip off, separable lean and fat, trimmed to 0"" fat, select, raw",Beef,208.0,20.12,14.14,0.0,0.0,0.0,0.399,0.0,0.0,4.896,0.239,0.088,7.0,1.72,21.0,0.0,144.0,5.13,0.005,0.00166,0.003,7.8e-05,0.0243999999999999,2
beef,"rib, back ribs, bone-in, separable lean and fat, trimmed to 0"" fat, all grades, cooked, braised",Beef,360.0,24.23,29.21,0.0,0.0,0.0,0.487,0.0,0.0,5.006,0.309,0.093,23.0,2.4,22.0,0.0,163.0,5.3,0.009,0.00212,0.006,7.5e-05,0.0246,2
beef,"rib, back ribs, bone-in, separable lean and fat, trimmed to 0"" fat, choice, cooked, braised",Beef,372.0,23.34,30.95,0.0,0.0,0.0,0.462,0.0,0.0,4.884,0.304,0.087,23.0,2.34,22.0,0.0,160.0,5.19,0.009,0.00206,0.006,7.5e-05,0.0243,2
beef,"rib, back ribs, bone-in, separable lean and fat, trimmed to 0"" fat, select, cooked, braised",Beef,341.0,25.56,26.59,0.0,0.0,0.0,0.525,0.0,0.0,5.184,0.317,0.101,24.0,2.49,23.0,0.0,168.0,5.46,0.009,0.00222,0.006,7.5e-05,0.0251,2
beef,"rib, back ribs, bone-in, separable lean and fat, trimmed to 0"" fat, all grades, raw",Beef,324.0,16.15,28.42,0.78,0.0,0.0,0.368,0.0,0.0,3.807,0.21,0.075,10.0,1.63,17.0,0.0,120.0,3.85,0.006,0.00155,0.003,6e-05,0.0171,2
beef,"rib, back ribs, bone-in, separable lean and fat, trimmed to 0"" fat, choice, raw",Beef,336.0,15.75,29.89,0.9,0.0,0.0,0.349,0.0,0.0,3.649,0.214,0.074,9.0,1.61,17.0,0.0,122.0,3.76,0.006,0.00153,0.003,5.9e-05,0.0173,2
beef,"rib, back ribs, bone-in, separable lean and fat, trimmed to 0"" fat, select, raw",Beef,305.0,16.75,26.23,0.6,0.0,0.0,0.397,0.0,0.0,4.046,0.203,0.076,10.0,1.66,17.0,0.0,117.0,4.0,0.006,0.00159,0.003,6e-05,0.0167,2
beef,"loin, top sirloin petite roast, boneless, separable lean only, trimmed to 0"" fat, choice, cooked, roasted",Beef,173.0,28.97,6.37,0.0,0.0,0.0,0.581,0.0,0.0,5.851,0.193,0.067,5.0,2.77,27.0,0.0,245.0,7.11,0.001,0.0033599999999999,0.007,0.000101,0.035,2
beef,"loin, top sirloin petite roast/filet, boneless, separable lean only, trimmed to 0"" fat, choice, raw",Beef,132.0,23.03,4.4,0.0,0.0,0.0,0.659,0.0,0.0,5.867,0.183,0.064,5.0,2.23,25.0,0.0,222.0,5.19,0.002,0.00324,0.004,9.7e-05,0.0283999999999999,2
beef,"loin, top sirloin cap steak, boneless, separable lean only, trimmed to 1/8"" fat, all grades, cooked, grilled",Beef,181.0,28.26,7.23,0.73,0.0,0.0,0.525,0.0,0.0,7.44,0.129,0.067,17.0,2.02,25.0,0.0,232.0,5.61,0.002,0.00274,0.007,9.4e-05,0.0353,2
beef,"loin, top sirloin cap steak, boneless, separable lean only, trimmed to 1/8"" fat, choice, cooked, grilled",Beef,189.0,28.19,7.96,1.07,0.0,0.0,0.524,0.0,0.0,7.423,0.129,0.067,17.0,2.04,25.0,0.0,233.0,5.65,0.001,0.00279,0.007,9.5e-05,0.0348,2
beef,"loin, top sirloin cap steak, boneless, separable lean only, trimmed to 1/8"" fat, select, cooked, grilled",Beef,170.0,28.36,6.14,0.22,0.0,0.0,0.627,0.0,0.0,8.287,0.15,0.081,21.0,1.82,26.0,0.0,240.0,5.41,0.002,0.00265,0.007,8e-05,0.0363,2
beef,"loin, top sirloin cap steak, boneless, separable lean only, trimmed to 1/8"" fat, all grades, raw",Beef,134.0,21.38,5.36,0.0,0.0,0.0,0.543,0.0,0.0,5.048,0.182,0.075,5.0,2.0,25.0,0.0,220.0,5.3,0.002,0.00269,0.003,7.9e-05,0.0278999999999999,2
beef,"loin, top sirloin cap steak, boneless, separable lean only, trimmed to 1/8"" fat, choice, raw",Beef,138.0,21.34,5.82,0.0,0.0,0.0,0.61,0.0,0.0,5.438,0.169,0.059,5.0,2.08,24.0,0.0,206.0,4.82,0.002,0.00273,0.003,8.999999999999999e-05,0.0273999999999999,2
beef,"loin, top sirloin cap steak, boneless, separable lean only, trimmed to 1/8"" fat, select, raw",Beef,128.0,21.44,4.68,0.0,0.0,0.0,0.539,0.0,0.0,5.356,0.205,0.068,5.0,1.98,24.0,0.0,213.0,5.57,0.002,0.00264,0.003,6.7e-05,0.0286,2
beef,"top loin filet, boneless, separable lean only, trimmed to 1/8"" fat, all grades, cooked, grilled",Beef,195.0,29.33,8.54,0.3,0.0,0.0,0.61,0.0,0.0,8.654,0.15,0.078,17.0,2.06,26.0,0.0,235.0,5.69,0.002,0.00392,0.007,9.6e-05,0.0339,2
beef,"top loin filet, boneless, separable lean only, trimmed to 1/8"" fat, choice, cooked, grilled",Beef,203.0,28.99,9.48,0.36,0.0,0.0,0.603,0.0,0.0,8.553,0.148,0.077,17.0,2.04,25.0,0.0,233.0,5.64,0.001,0.00357,0.007,9.5e-05,0.0343,2
beef,"top loin filet, boneless, separable lean only, trimmed to 1/8"" fat, select, cooked, grilled",Beef,184.0,29.85,7.12,0.2,0.0,0.0,0.66,0.0,0.0,8.724,0.158,0.085,22.0,1.91,27.0,0.0,251.0,5.67,0.002,0.0044599999999999,0.007,8.400000000000001e-05,0.0332999999999999,2
beef,"top loin petite roast, boneless, separable lean only, trimmed to 1/8"" fat, all grades, cooked, roasted",Beef,195.0,28.33,8.76,0.82,0.0,0.0,0.59,0.0,0.0,8.359,0.145,0.075,17.0,2.02,25.0,0.0,232.0,5.61,0.002,0.00409,0.007,9.4e-05,0.0342,2
beef,"top loin petite roast, boneless, separable lean only, trimmed to 1/8"" fat, choice, cooked, roasted",Beef,206.0,28.24,9.97,0.88,0.0,0.0,0.588,0.0,0.0,8.33,0.145,0.075,17.0,2.02,25.0,0.0,231.0,5.6,0.001,0.00372,0.007,9.4e-05,0.0346,2
beef,"top loin petite roast, boneless, separable lean only, trimmed to 1/8"" fat, select, cooked, roasted",Beef,179.0,28.48,6.95,0.74,0.0,0.0,0.629,0.0,0.0,8.324,0.151,0.081,22.0,1.85,26.0,0.0,245.0,5.52,0.002,0.00465,0.007,8.2e-05,0.0337,2
beef,"top loin petite roast/filet, boneless, separable lean only, trimmed to 1/8"" fat, all grades, raw",Beef,143.0,22.61,5.84,0.0,0.0,0.0,0.574,0.0,0.0,5.337,0.192,0.08,5.0,2.17,27.0,0.0,239.0,5.76,0.002,0.00287,0.004,8.599999999999999e-05,0.0255,2
beef,"top loin petite roast/filet, boneless, separable lean only, trimmed to 1/8"" fat, choice, raw",Beef,149.0,22.5,6.48,0.23,0.0,0.0,0.644,0.0,0.0,5.733,0.179,0.062,5.0,2.27,26.0,0.0,226.0,5.28,0.002,0.0029,0.004,9.9e-05,0.0266999999999999,2
beef,"top loin petite roast/filet, boneless, separable lean only, trimmed to 1/8"" fat, select, raw",Beef,135.0,22.77,4.88,0.0,0.0,0.0,0.645,0.0,0.0,5.973,0.211,0.083,5.0,2.39,25.0,0.0,220.0,5.76,0.002,0.00282,0.004,9.8e-05,0.0236,2
beef,"loin, top sirloin filet, boneless, separable lean only, trimmed to 0"" fat, all grades, cooked, grilled",Beef,171.0,30.58,5.37,0.0,0.0,0.0,0.613,0.0,0.0,6.176,0.204,0.071,6.0,2.9,28.0,0.0,256.0,7.44,0.002,0.00365,0.007,0.000106,0.0332,2
beef,"loin, top sirloin filet, boneless, separable lean only, trimmed to 0"" fat, choice, cooked, grilled",Beef,174.0,30.45,5.83,0.0,0.0,0.0,0.61,0.0,0.0,6.149,0.203,0.071,6.0,2.89,28.0,0.0,255.0,7.41,0.001,0.0038,0.007,0.000106,0.0345,2
beef,"loin, top sirloin filet, boneless, separable lean only, trimmed to 0"" fat, select, cooked, grilled",Beef,165.0,30.78,4.68,0.0,0.0,0.0,0.551,0.0,0.0,6.305,0.221,0.068,6.0,3.19,28.0,0.0,262.0,8.62,0.002,0.00342,0.007,0.000152,0.0313,2
beef,"loin, top sirloin petite roast, boneless, separable lean only, trimmed to 0"" fat, all grades, cooked, roasted",Beef,170.0,29.12,5.92,0.0,0.0,0.0,0.584,0.0,0.0,5.882,0.194,0.068,5.0,2.75,27.0,0.0,243.0,7.07,0.002,0.00378,0.007,0.000101,0.0348,2
beef,"loin, top sirloin petite roast, boneless, separable lean only, trimmed to 0"" fat, select, cooked, roasted",Beef,165.0,29.35,5.25,0.0,0.0,0.0,0.487,0.0,0.0,4.969,0.24,0.071,6.0,2.75,29.0,0.0,268.0,8.17,0.002,0.0044,0.007,9.7e-05,0.0345,2
beef,"loin, top sirloin petite roast/filet, boneless, separable lean only, trimmed to 0"" fat, all grades, raw",Beef,128.0,23.04,3.98,0.0,0.0,0.0,0.659,0.0,0.0,5.869,0.183,0.064,5.0,2.24,25.0,0.0,222.0,5.2,0.002,0.0029,0.004,9.7e-05,0.0263,2
beef,"loin, top sirloin petite roast/filet, boneless, separable lean only, trimmed to 0"" fat, select, raw",Beef,122.0,23.05,3.35,0.0,0.0,0.0,0.653,0.0,0.0,6.046,0.214,0.084,5.0,2.39,25.0,0.0,220.0,5.78,0.002,0.0023799999999999,0.004,9.9e-05,0.023,2
beef,"ribeye  petite roast/filet, boneless, separable lean only, trimmed to 0"" fat, all grades, raw",Beef,133.0,22.66,4.66,0.04,0.0,0.0,0.648,0.0,0.0,5.774,0.18,0.063,5.0,2.28,26.0,0.0,226.0,5.29,0.002,0.00298,0.004,9.9e-05,0.0238999999999999,2
beef,"ribeye  petite roast/filet, boneless, separable lean only, trimmed to 0"" fat, choice, raw",Beef,138.0,22.52,5.29,0.18,0.0,0.0,0.644,0.0,0.0,5.736,0.179,0.063,5.0,2.27,26.0,0.0,226.0,5.28,0.002,0.00317,0.004,9.9e-05,0.0241,2
beef,"ribeye  petite roast/filet, boneless, separable lean only, trimmed to 0"" fat, select, raw",Beef,125.0,22.89,3.72,0.0,0.0,0.0,0.575,0.0,0.0,5.717,0.219,0.073,5.0,2.17,26.0,0.0,233.0,6.1,0.002,0.00269,0.004,7.3e-05,0.0235,2
beef,"ribeye cap steak, boneless, separable lean only, trimmed to 0"" fat, all grades, cooked, grilled",Beef,246.0,24.66,15.7,1.53,0.0,0.0,0.375,0.0,0.0,3.714,0.246,0.07,7.0,3.07,25.0,0.0,220.0,9.71,0.002,0.00315,0.006,0.000154,0.032,2
beef,"ribeye cap steak, boneless, separable lean only, trimmed to 0"" fat, choice, cooked, grilled",Beef,259.0,24.24,17.21,1.81,0.0,0.0,0.369,0.0,0.0,3.651,0.242,0.069,7.0,3.06,25.0,0.0,219.0,9.67,0.002,0.00302,0.006,0.000154,0.032,2
beef,"ribeye cap steak, boneless, separable lean only, trimmed to 0"" fat, select, cooked, grilled",Beef,226.0,25.28,13.43,1.1,0.0,0.0,0.41,0.0,0.0,4.057,0.382,0.079,6.0,3.22,24.0,0.0,219.0,9.99,0.002,0.0033599999999999,0.006,0.000127,0.0322,2
beef,"ribeye cap steak, boneless, separable lean only, trimmed to 0"" fat, all grades, raw",Beef,180.0,19.7,10.6,1.51,0.0,0.0,0.394,0.0,0.0,3.551,0.222,0.083,6.0,2.64,24.0,0.0,210.0,7.79,0.002,0.00296,0.003,0.0001429999999999,0.0254,2
beef,"ribeye cap steak, boneless, separable lean only, trimmed to 0"" fat, choice, raw",Beef,187.0,19.46,11.4,1.75,0.0,0.0,0.39,0.0,0.0,3.509,0.219,0.082,6.0,2.64,24.0,0.0,210.0,7.8,0.002,0.00321,0.003,0.0001429999999999,0.0255,2
beef,"ribeye cap steak, boneless, separable lean only, trimmed to 0"" fat, select, raw",Beef,169.0,20.05,9.39,1.15,0.0,0.0,0.37,0.0,0.0,3.62,0.267,0.145,7.0,2.95,25.0,0.0,223.0,8.42,0.002,0.00257,0.003,0.000131,0.0252,2
beef,"ribeye filet, boneless, separable lean only, trimmed to 0"" fat, all grades, cooked, grilled",Beef,199.0,28.77,9.2,0.17,0.0,0.0,0.551,0.0,0.0,5.816,0.228,0.058,6.0,2.77,28.0,0.0,262.0,7.21,0.002,0.00325,0.007,9.9e-05,0.0345,2
beef,"ribeye filet, boneless, separable lean only, trimmed to 0"" fat, choice, cooked, grilled",Beef,208.0,28.35,10.26,0.51,0.0,0.0,0.543,0.0,0.0,5.732,0.225,0.057,6.0,2.76,28.0,0.0,261.0,7.19,0.001,0.00315,0.007,9.9e-05,0.0332999999999999,2
beef,"ribeye filet, boneless, separable lean only, trimmed to 0"" fat, select, cooked, grilled",Beef,186.0,29.39,7.61,0.0,0.0,0.0,0.476,0.0,0.0,4.718,0.444,0.092,6.0,3.56,27.0,0.0,242.0,11.04,0.002,0.00341,0.007,0.00014,0.0362,2
beef,"ribeye petite roast, boneless, separable lean only, trimmed to 0"" fat, all grades, cooked, roasted",Beef,178.0,28.15,7.31,0.0,0.0,0.0,0.539,0.0,0.0,5.691,0.224,0.057,6.0,2.68,28.0,0.0,254.0,7.0,0.002,0.00401,0.007,9.6e-05,0.0356,2
beef,"ribeye petite roast, boneless, separable lean only, trimmed to 0"" fat, choice, cooked, roasted",Beef,188.0,28.0,8.42,0.0,0.0,0.0,0.561,0.0,0.0,5.655,0.187,0.065,5.0,2.65,26.0,0.0,234.0,6.81,0.001,0.00372,0.007,9.7e-05,0.0336,2
beef,"ribeye petite roast, boneless, separable lean only, trimmed to 0"" fat, select, cooked, roasted",Beef,164.0,28.37,5.65,0.0,0.0,0.0,0.46,0.0,0.0,4.554,0.428,0.089,6.0,3.46,26.0,0.0,236.0,10.73,0.002,0.00443,0.007,0.000136,0.0385,2
beef,"loin, top sirloin cap steak, boneless, separable lean and fat, trimmed to 1/8"" fat, all grades, cooked, grilled",Beef,242.0,26.0,15.0,0.8,0.0,0.0,0.396,0.0,0.0,3.916,0.26,0.074,7.0,3.16,26.0,0.0,226.0,9.99,0.007,0.00277,0.006,0.000159,0.0356,2
beef,"loin, top sirloin cap steak, boneless, separable lean and fat, trimmed to 1/8"" fat, choice, cooked, grilled",Beef,238.0,26.3,14.3,1.1,0.0,0.0,0.4,0.0,0.0,3.961,0.263,0.074,7.0,3.23,26.0,0.0,231.0,10.21,0.007,0.00281,0.006,0.000162,0.035,2
beef,"loin, top sirloin cap steak, boneless, separable lean and fat, trimmed to 1/8"" fat, select, cooked, grilled",Beef,249.0,25.5,16.1,0.4,0.0,0.0,0.413,0.0,0.0,4.093,0.385,0.08,6.0,3.19,24.0,0.0,217.0,9.88,0.008,0.00271,0.006,0.000125,0.0365,2
beef,"loin, top sirloin cap steak, boneless, separable lean and fat, trimmed to 1/8"" fat, all grades, raw",Beef,191.0,19.9,12.4,0.0,0.0,0.0,0.399,0.0,0.0,3.588,0.224,0.084,6.0,2.41,22.0,0.0,192.0,7.12,0.004,0.00264,0.003,0.000131,0.0281,2
beef,"loin, top sirloin cap steak, boneless, separable lean and fat, trimmed to 1/8"" fat, choice, raw",Beef,199.0,19.7,13.4,0.0,0.0,0.0,0.395,0.0,0.0,3.552,0.222,0.083,6.0,2.4,22.0,0.0,191.0,7.09,0.004,0.00267,0.003,0.00013,0.0277,2
beef,"loin, top sirloin cap steak, boneless, separable lean and fat, trimmed to 1/8"" fat, select, raw",Beef,179.0,20.1,10.9,0.0,0.0,0.0,0.371,0.0,0.0,3.63,0.267,0.145,7.0,2.74,24.0,0.0,207.0,7.82,0.004,0.0026,0.003,0.000121,0.0287,2
beef,"top loin filet, boneless, separable lean and fat, trimmed to 1/8"" fat, all grades, cooked, grilled",Beef,239.0,27.4,14.1,0.6,0.0,0.0,0.417,0.0,0.0,4.127,0.273,0.078,7.0,3.3,27.0,0.0,236.0,10.42,0.007,0.00396,0.007,0.000166,0.0339,2
beef,"top loin filet, boneless, separable lean and fat, trimmed to 1/8"" fat, choice, cooked, grilled",Beef,253.0,26.8,15.9,0.6,0.0,0.0,0.408,0.0,0.0,4.037,0.267,0.076,7.0,3.23,26.0,0.0,231.0,10.21,0.007,0.00363,0.007,0.000162,0.0343,2
beef,"top loin filet, boneless, separable lean and fat, trimmed to 1/8"" fat, select, cooked, grilled",Beef,219.0,28.3,11.6,0.4,0.0,0.0,0.459,0.0,0.0,4.542,0.427,0.088,6.0,3.52,27.0,0.0,239.0,10.9,0.007,0.00444,0.007,0.000138,0.0334,2
beef,"top loin petite roast, boneless, separable lean and fat, trimmed to 1/8"" fat, all grades, cooked, roasted",Beef,228.0,27.0,12.9,1.0,0.0,0.0,0.411,0.0,0.0,4.067,0.269,0.076,7.0,3.3,27.0,0.0,236.0,10.42,0.007,0.00411,0.006,0.000166,0.0343,2
beef,"top loin petite roast, boneless, separable lean and fat, trimmed to 1/8"" fat, choice, cooked, roasted",Beef,239.0,26.8,14.1,1.1,0.0,0.0,0.408,0.0,0.0,4.037,0.267,0.076,7.0,3.29,27.0,0.0,235.0,10.39,0.007,0.00377,0.007,0.000165,0.0346,2
beef,"top loin petite roast, boneless, separable lean and fat, trimmed to 1/8"" fat, select, cooked, roasted",Beef,213.0,27.1,11.2,0.9,0.0,0.0,0.439,0.0,0.0,4.35,0.409,0.085,6.0,3.43,26.0,0.0,234.0,10.65,0.007,0.00462,0.006,0.000135,0.0338,2
beef,"top loin petite roast/filet, boneless, separable lean and fat, trimmed to 1/8"" fat, all grades, raw",Beef,187.0,21.1,11.3,0.3,0.0,0.0,0.423,0.0,0.0,3.804,0.237,0.089,6.0,2.66,24.0,0.0,212.0,7.87,0.004,0.00282,0.003,0.0001439999999999,0.0253,2
beef,"top loin petite roast/filet, boneless, separable lean and fat, trimmed to 1/8"" fat, choice, raw",Beef,199.0,20.8,12.6,0.6,0.0,0.0,0.417,0.0,0.0,3.75,0.234,0.088,6.0,2.66,24.0,0.0,212.0,7.87,0.004,0.00285,0.003,0.0001439999999999,0.0264,2
beef,"top loin petite roast/filet, boneless, separable lean and fat, trimmed to 1/8"" fat, select, raw",Beef,170.0,21.6,9.3,0.0,0.0,0.0,0.399,0.0,0.0,3.901,0.287,0.156,7.0,2.98,26.0,0.0,225.0,8.5,0.004,0.00279,0.003,0.000132,0.0237,2
beef,"Australian, grass-fed,  ground,  85% lean / 15% fat, raw",Beef,234.0,17.72,18.12,0.0,0.0,0.0,0.0,0.0,0.0,0.0,0.0,0.0,6.0,1.79,0.0,0.0,0.0,0.0,0.0,0.0,0.0,0.0,0.0,2
beef,"Australian, grass-fed, loin, tenderloin steak/roast, boneless, separable lean only, raw",Beef,138.0,20.85,6.11,0.0,0.0,0.0,0.0,0.0,0.0,0.0,0.0,0.0,4.0,2.25,0.0,0.0,0.0,0.0,0.0,0.0,0.0,0.0,0.0,2
beef,"Australian, Wagyu, loin, tenderloin steak/roast, boneless, separable lean only, Aust. marble score 4/5, raw",Beef,191.0,20.19,12.3,0.0,0.0,0.0,0.0,0.0,0.0,0.0,0.0,0.0,4.0,2.24,0.0,0.0,0.0,0.0,0.0,0.0,0.0,0.0,0.0,2
beef,"Australian, grass-fed,  external fat, raw",Beef,509.0,11.32,51.36,0.39,0.0,0.0,0.0,0.0,0.0,0.0,0.0,0.0,6.0,0.95,0.0,0.0,0.0,0.0,0.036,0.0,0.0,0.0,0.0,4
beef,"Australian, grass-fed,  seam fat, raw",Beef,562.0,9.58,57.73,1.06,0.0,0.0,0.0,0.0,0.0,0.0,0.0,0.0,3.0,0.89,0.0,0.0,0.0,0.0,0.036,0.0,0.0,0.0,0.0,4
beef,"Australian, Wagyu,  external fat, Aust. marble score 4/5, raw",Beef,596.0,6.54,63.27,0.0,0.0,0.0,0.0,0.0,0.0,0.0,0.0,0.0,2.0,1.0,0.0,0.0,0.0,0.0,0.022,0.0,0.0,0.0,0.0,4
beef,"Australian, Wagyu,  seam fat, Aust. marble score 4/5, raw",Beef,594.0,6.0,63.3,0.0,0.0,0.0,0.0,0.0,0.0,0.0,0.0,0.0,2.0,0.97,0.0,0.0,0.0,0.0,0.022,0.0,0.0,0.0,0.0,4
beef,"Australian, Wagyu,  external fat, Aust. marble score 9, raw",Beef,639.0,5.54,68.07,0.97,0.0,0.0,0.0,0.0,0.0,0.0,0.0,0.0,4.0,0.81,0.0,0.0,0.0,0.0,0.022,0.0,0.0,0.0,0.0,4
beef,"Australian, Wagyu,  seam fat, Aust. marble score 9, raw",Beef,627.0,5.16,67.33,0.0,0.0,0.0,0.0,0.0,0.0,0.0,0.0,0.0,2.0,0.91,0.0,0.0,0.0,0.0,0.022,0.0,0.0,0.0,0.0,4
beef,"Australian, grass-fed, loin, tenderloin steak/roast, boneless, separable lean and fat, raw",Beef,151.0,20.53,7.63,0.01,0.0,0.0,0.0,0.0,0.0,0.0,0.0,0.0,4.0,2.21,0.0,0.0,0.0,0.0,0.001,0.0,0.0,0.0,0.0,2
beef,"Australian, grass-fed, loin, top loin steak/roast, boneless, separable lean only, raw",Beef,131.0,21.79,4.87,0.0,0.0,0.0,0.0,0.0,0.0,0.0,0.0,0.0,5.0,1.57,0.0,0.0,0.0,0.0,0.0,0.0,0.0,0.0,0.0,2
beef,"Australian, Wagyu, loin, tenderloin steak/roast, boneless, separable lean and fat, Aust. marble score 4/5, raw",Beef,206.0,19.71,14.09,0.0,0.0,0.0,0.0,0.0,0.0,0.0,0.0,0.0,4.0,2.2,0.0,0.0,0.0,0.0,0.001,0.0,0.0,0.0,0.0,2
beef,"Australian, grass-fed, loin, top loin steak/roast, boneless, separable lean and fat, raw",Beef,199.0,19.9,13.17,0.11,0.0,0.0,0.0,0.0,0.0,0.0,0.0,0.0,5.0,1.46,0.0,0.0,0.0,0.0,0.006,0.0,0.0,0.0,0.0,2
beef,"Australian, grass-fed, rib, ribeye steak/roast lip-on, boneless, separable lean only, raw",Beef,160.0,21.47,8.2,0.0,0.0,0.0,0.0,0.0,0.0,0.0,0.0,0.0,5.0,1.88,0.0,0.0,0.0,0.0,0.0,0.0,0.0,0.0,0.0,2
beef,"Australian, grass-fed, round, bottom round steak/roast, boneless, separable lean only, raw",Beef,130.0,21.4,4.93,0.0,0.0,0.0,0.0,0.0,0.0,0.0,0.0,0.0,4.0,2.11,0.0,0.0,0.0,0.0,0.0,0.0,0.0,0.0,0.0,2
beef,"Australian, grass-fed, round, top round cap-off steak/roast, boneless, separable lean only, raw",Beef,129.0,22.41,4.43,0.0,0.0,0.0,0.0,0.0,0.0,0.0,0.0,0.0,5.0,2.3,0.0,0.0,0.0,0.0,0.0,0.0,0.0,0.0,0.0,2
beef,"Australian, Wagyu, loin, tenderloin steak/roast, boneless, separable lean only, Aust. marble score 9, raw",Beef,237.0,18.87,17.73,0.57,0.0,0.0,0.0,0.0,0.0,0.0,0.0,0.0,4.0,2.41,0.0,0.0,0.0,0.0,0.0,0.0,0.0,0.0,0.0,2
beef,"Australian, Wagyu, loin, top loin steak/roast, boneless, separable lean only, Aust. marble score 4/5, raw",Beef,223.0,20.15,15.69,0.2,0.0,0.0,0.0,0.0,0.0,0.0,0.0,0.0,4.0,1.85,0.0,0.0,0.0,0.0,0.0,0.0,0.0,0.0,0.0,2
beef,"Australian, Wagyu, loin, top loin steak/roast, boneless, separable lean only, Aust. marble score 9, raw",Beef,331.0,16.92,29.15,0.13,0.0,0.0,0.0,0.0,0.0,0.0,0.0,0.0,4.0,1.71,0.0,0.0,0.0,0.0,0.0,0.0,0.0,0.0,0.0,2
beef,"Australian, Wagyu, rib, small end rib steak/roast, boneless, separable lean only, Aust. marble score 4/5, raw",Beef,234.0,20.35,16.93,0.0,0.0,0.0,0.0,0.0,0.0,0.0,0.0,0.0,4.0,1.89,0.0,0.0,0.0,0.0,0.0,0.0,0.0,0.0,0.0,2
beef,"Australian, Wagyu, rib, small end rib steak/roast, boneless, separable lean only, Aust. marble score 9, raw",Beef,330.0,17.61,28.61,0.46,0.0,0.0,0.0,0.0,0.0,0.0,0.0,0.0,4.0,2.14,0.0,0.0,0.0,0.0,0.0,0.0,0.0,0.0,0.0,2
beef,"Australian, grass-fed, loin, top sirloin cap-off steak/roast, boneless, separable lean and fat, raw",Beef,127.0,21.77,4.45,0.01,0.0,0.0,0.0,0.0,0.0,0.0,0.0,0.0,5.0,2.51,0.0,0.0,0.0,0.0,0.0,0.0,0.0,0.0,0.0,2
beef,"Australian, grass-fed, rib, ribeye steak/roast lip-on, boneless, separable lean and fat, raw",Beef,217.0,19.8,15.21,0.11,0.0,0.0,0.0,0.0,0.0,0.0,0.0,0.0,5.0,1.74,0.0,0.0,0.0,0.0,0.005,0.0,0.0,0.0,0.0,2
beef,"Australian, grass-fed, round, bottom round steak/roast, boneless, separable lean and fat, raw",Beef,140.0,21.13,6.16,0.01,0.0,0.0,0.0,0.0,0.0,0.0,0.0,0.0,5.0,2.08,0.0,0.0,0.0,0.0,0.001,0.0,0.0,0.0,0.0,2
beef,"Australian, grass-fed, round, top round cap-off steak/roast, boneless, separable lean and fat, raw",Beef,129.0,22.24,4.4,0.0,0.0,0.0,0.0,0.0,0.0,0.0,0.0,0.0,5.0,2.28,0.0,0.0,0.0,0.0,0.0,0.0,0.0,0.0,0.0,2
beef,"Australian, Wagyu, loin, top loin steak/roast, boneless, separable lean and fat, Aust. marble score 4/5, raw",Beef,289.0,17.67,24.2,0.17,0.0,0.0,0.0,0.0,0.0,0.0,0.0,0.0,4.0,1.69,0.0,0.0,0.0,0.0,0.004,0.0,0.0,0.0,0.0,2
beef,"Australian, Wagyu, loin, top loin steak/roast, separable lean and fat, Aust. marble score 9, raw",Beef,392.0,14.58,36.98,0.22,0.0,0.0,0.0,0.0,0.0,0.0,0.0,0.0,4.0,1.54,0.0,0.0,0.0,0.0,0.004,0.0,0.0,0.0,0.0,2
beef,"Australian, Wagyu, rib, small end rib steak/roast, boneless, separable lean and fat, Aust. marble score 4/5, raw",Beef,317.0,17.07,27.64,0.0,0.0,0.0,0.0,0.0,0.0,0.0,0.0,0.0,4.0,1.68,0.0,0.0,0.0,0.0,0.005,0.0,0.0,0.0,0.0,2
beef,"Australian, Wagyu, rib, small end rib steak/roast, boneless, separable lean and fat, Aust. marble score 9, raw",Beef,405.0,14.54,38.3,0.42,0.0,0.0,0.0,0.0,0.0,0.0,0.0,0.0,3.0,1.82,0.0,0.0,0.0,0.0,0.006,0.0,0.0,0.0,0.0,2
beef,"Australian, Wagyu, loin, tenderloin steak/roast, boneless, separable lean and fat, Aust. marble score 9, raw",Beef,248.0,18.5,19.11,0.58,0.0,0.0,0.0,0.0,0.0,0.0,0.0,0.0,4.0,2.37,0.0,0.0,0.0,0.0,0.001,0.0,0.0,0.0,0.0,2
beef,"round, top round steak, boneless, separable lean and fat, trimmed to 0"" fat, all grades, raw",Beef,124.0,23.49,3.34,0.0,0.0,0.0,0.632,0.0,0.23,6.433,0.235,0.064,13.0,2.33,12.0,0.004,219.0,3.68,0.003,0.00164,0.004,4.8e-05,0.0221,2
beef,"round, top round steak, boneless, separable lean and fat, trimmed to 0"" fat, choice, raw",Beef,127.0,23.49,3.66,0.0,0.0,0.0,0.639,0.0,0.24,6.635,0.225,0.064,13.0,2.35,12.0,0.004,220.0,3.76,0.003,0.00165,0.004,4.8e-05,0.0218,2
beef,"round, top round steak, boneless, separable lean and fat, trimmed to 0"" fat, select, raw",Beef,120.0,23.49,2.85,0.0,0.0,0.0,0.623,0.0,0.21,6.13,0.249,0.064,13.0,2.34,12.0,0.003,219.0,3.52,0.003,0.00162,0.004,4.7e-05,0.0226,2
beef,"round, top round roast, boneless, separable lean and fat, trimmed to 0"" fat, all grades, raw",Beef,125.0,23.45,3.5,0.0,0.0,0.0,0.631,0.0,0.23,6.422,0.234,0.063,13.0,2.33,12.0,0.004,219.0,3.67,0.003,0.00164,0.004,4.8e-05,0.0221,2
beef,"round, top round roast, boneless, separable lean and fat, trimmed to 0"" fat, choice, raw",Beef,128.0,23.46,3.81,0.0,0.0,0.0,0.638,0.0,0.24,6.624,0.225,0.064,13.0,2.35,12.0,0.004,219.0,3.75,0.003,0.00165,0.004,4.8e-05,0.0218,2
beef,"round, top round roast, boneless, separable lean and fat, trimmed to 0"" fat, select, raw",Beef,121.0,23.44,3.04,0.0,0.0,0.0,0.622,0.0,0.21,6.12,0.248,0.063,13.0,2.34,12.0,0.003,218.0,3.52,0.003,0.00162,0.004,4.7e-05,0.0226,2
beef,"round, eye of round roast, boneless, separable lean and fat, trimmed to 0"" fat, all grades, raw",Beef,124.0,23.27,3.44,0.0,0.0,0.0,0.641,0.0,0.24,6.687,0.183,0.063,13.0,1.45,12.0,0.001,221.0,3.4,0.003,0.00183,0.004,4.2e-05,0.0224,2
beef,"round, eye of round roast, boneless, separable lean and fat, trimmed to 0"" fat, choice, raw",Beef,127.0,23.26,3.74,0.0,0.0,0.0,0.645,0.0,0.25,6.779,0.183,0.063,13.0,1.47,12.0,0.001,220.0,3.41,0.003,0.0016799999999999,0.004,4.9000000000000005e-05,0.0226999999999999,2
beef,"round, eye of round roast, boneless, separable lean and fat, trimmed to 0"" fat, select, raw",Beef,120.0,23.28,3.0,0.0,0.0,0.0,0.634,0.0,0.22,6.548,0.184,0.063,13.0,1.37,11.0,0.002,221.0,3.36,0.005,0.00206,0.004,3.5000000000000004e-05,0.0221,2
beef,"round, eye of round steak, boneless, separable lean and fat, trimmed to 0"" fat, all grades, raw",Beef,124.0,23.26,3.48,0.0,0.0,0.0,0.641,0.0,0.24,6.685,0.183,0.063,13.0,1.45,12.0,0.001,220.0,3.39,0.003,0.00183,0.004,4.2e-05,0.0224,2
beef,"round, eye of round steak, boneless separable lean and fat, trimmed to 0"" fat, choice, raw",Beef,127.0,23.24,3.83,0.0,0.0,0.0,0.645,0.0,0.25,6.773,0.182,0.063,13.0,1.47,12.0,0.001,220.0,3.41,0.003,0.0016799999999999,0.004,4.9000000000000005e-05,0.0226,2
beef,"round, eye of round steak, boneless, separable lean and fat, trimmed to 0"" fat, select, raw",Beef,120.0,23.3,2.95,0.0,0.0,0.0,0.635,0.0,0.22,6.552,0.184,0.063,13.0,1.37,11.0,0.002,221.0,3.36,0.005,0.00206,0.004,3.5000000000000004e-05,0.0221,2
beef,"loin, tenderloin roast, boneless, separable lean and fat, trimmed to 0"" fat, all grades, raw",Beef,149.0,21.67,6.93,0.0,0.0,0.0,0.607,0.0,0.19,4.705,0.312,0.053,14.0,2.48,12.0,0.007,211.0,3.2,0.005,0.00347,0.003,6.2e-05,0.0201,2
beef,"loin, tenderloin roast, boneless, separable lean and fat, trimmed to 0"" fat, choice, raw",Beef,153.0,21.5,7.4,0.0,0.0,0.0,0.601,0.0,0.19,4.461,0.3,0.05,14.0,2.52,12.0,0.007,208.0,3.21,0.003,0.0033399999999999,0.003,6.1e-05,0.0192,2
beef,"loin, tenderloin roast, boneless, separable lean and fat, trimmed to 0"" fat, select, raw",Beef,144.0,21.91,6.21,0.0,0.0,0.0,0.614,0.0,0.18,5.072,0.329,0.056,14.0,2.46,12.0,0.008,219.0,3.32,0.004,0.00367,0.004,6.7e-05,0.0212,2
beef,"loin, top loin steak, boneless, lip off, separable lean and fat, trimmed to 0"" fat, all grades, raw",Beef,163.0,22.43,8.17,0.0,0.0,0.0,0.563,0.0,0.22,6.515,0.203,0.055,15.0,1.83,11.0,0.002,200.0,3.57,0.004,0.00174,0.004,4.3e-05,0.0208,2
beef,"loin, top loin steak, boneless, lip off, separable lean and fat, trimmed to 0"" fat, choice, raw",Beef,171.0,22.19,9.16,0.0,0.0,0.0,0.57,0.0,0.24,6.681,0.197,0.052,15.0,1.91,11.0,0.002,198.0,3.62,0.004,0.0016699999999999,0.004,4.1e-05,0.0202,2
beef,"loin, top loin steak, boneless, lip off, separable lean and fat, trimmed to 0"" fat, select, raw",Beef,151.0,22.79,6.67,0.0,0.0,0.0,0.552,0.0,0.2,6.267,0.213,0.059,14.0,1.73,12.0,0.002,204.0,3.52,0.004,0.00185,0.004,4.4e-05,0.0214,2
beef,"loin, tenderloin steak, boneless, separable lean and fat, trimmed to 0"" fat, all grades, raw",Beef,147.0,21.72,6.67,0.0,0.0,0.0,0.609,0.0,0.18,4.717,0.313,0.053,14.0,2.49,12.0,0.007,212.0,3.22,0.003,0.00348,0.003,6.3e-05,0.0202,2
beef,"loin, tenderloin steak, boneless, separable lean and fat, trimmed to 0"" fat, choice, raw",Beef,150.0,21.57,7.1,0.0,0.0,0.0,0.603,0.0,0.18,4.473,0.302,0.05,14.0,2.53,12.0,0.007,209.0,3.22,0.003,0.0033599999999999,0.003,6.1e-05,0.0193,2
beef,"loin, tenderloin steak, boneless, separable lean and fat, trimmed to 0"" fat, select, raw",Beef,142.0,21.95,6.02,0.0,0.0,0.0,0.616,0.0,0.18,5.082,0.33,0.057,14.0,2.47,12.0,0.008,219.0,3.33,0.004,0.00367,0.004,6.7e-05,0.0213,2
beef,"loin, tenderloin roast, boneless, separable lean and fat, trimmed to 0"" fat, all grades, cooked, roasted",Beef,183.0,27.31,8.14,0.0,0.0,0.0,0.681,0.0,0.1,5.556,0.391,0.061,13.0,3.2,18.0,0.009,254.0,4.16,0.006,0.0040599999999999,0.007,9.1e-05,0.0249,2
beef,"loin, tenderloin roast, boneless, separable lean and fat, trimmed to 0"" fat, choice, cooked, roasted",Beef,188.0,27.26,8.82,0.0,0.0,0.0,0.691,0.0,0.11,5.438,0.388,0.059,14.0,3.24,18.0,0.009,252.0,4.42,0.006,0.00398,0.007,8.599999999999999e-05,0.0246,2
beef,"loin, tenderloin roast, boneless, separable lean and fat, trimmed to 0"" fat, select, cooked, roasted",Beef,174.0,27.38,7.12,0.0,0.0,0.0,0.665,0.0,0.09,5.732,0.397,0.063,13.0,3.03,14.0,0.008,258.0,3.68,0.008,0.00418,0.007,9.7e-05,0.0252,2
beef,"round, top round roast, boneless, separable lean and fat, trimmed to 0"" fat, all grades, cooked, roasted",Beef,160.0,29.9,4.49,0.0,0.0,0.0,0.779,0.0,0.28,7.929,0.289,0.078,16.0,2.88,15.0,0.005,270.0,4.54,0.004,0.00202,0.005,5.9e-05,0.0272,2
beef,"round, top round roast, boneless, separable lean and fat, trimmed to 0"" fat, choice, cooked, roasted",Beef,163.0,30.08,4.79,0.0,0.0,0.0,0.787,0.0,0.3,8.178,0.278,0.078,16.0,2.9,15.0,0.005,271.0,4.63,0.004,0.00204,0.005,5.9e-05,0.0269,2
beef,"round, top round roast, boneless, separable lean and fat, trimmed to 0"" fat, select, cooked, roasted",Beef,157.0,30.97,3.72,0.0,0.0,0.0,0.768,0.0,0.26,7.555,0.306,0.078,17.0,2.88,15.0,0.003,269.0,4.34,0.004,0.002,0.005,5.8e-05,0.0278,2
beef,"round, eye of round steak, boneless, separable lean and fat, trimmed to 0"" fat, all grades, cooked, grilled",Beef,159.0,29.66,4.47,0.0,0.0,0.0,0.832,0.0,0.31,8.682,0.238,0.082,17.0,1.88,15.0,0.002,286.0,4.41,0.004,0.0023799999999999,0.005,5.5e-05,0.0291,2
beef,"round, eye of round steak, boneless, separable lean and fat, trimmed to 0"" fat, choice, cooked, grilled",Beef,163.0,29.79,4.83,0.0,0.0,0.0,0.837,0.0,0.33,8.797,0.237,0.082,17.0,1.91,16.0,0.001,286.0,4.43,0.004,0.00218,0.005,6.3e-05,0.0294,2
beef,"round, eye of round steak, boneless, separable lean and fat, trimmed to 0"" fat, select, cooked, grilled",Beef,154.0,29.47,3.98,0.0,0.0,0.0,0.824,0.0,0.28,8.509,0.239,0.082,16.0,1.78,15.0,0.002,287.0,4.36,0.007,0.00267,0.005,4.6e-05,0.0287,2
beef,"round, top round steak, boneless, separable lean only, trimmed to 0"" fat, all grades, raw",Beef,121.0,23.59,2.94,0.0,0.0,0.0,0.635,0.0,0.23,6.462,0.236,0.064,13.0,2.34,12.0,0.004,220.0,3.7,0.002,0.00164,0.004,4.8e-05,0.0222,2
beef,"round, top round steak, boneless, separable lean only, trimmed to 0"" fat, choice, raw",Beef,124.0,23.59,3.26,0.0,0.0,0.0,0.641,0.0,0.24,6.667,0.227,0.064,13.0,2.35,12.0,0.004,221.0,3.78,0.002,0.00166,0.004,4.8e-05,0.0219,2
beef,"round, top round steak, boneless, separable lean only, trimmed to 0"" fat, select, raw",Beef,116.0,23.59,2.45,0.0,0.0,0.0,0.626,0.0,0.21,6.155,0.25,0.064,13.0,2.34,12.0,0.003,220.0,3.54,0.002,0.00163,0.004,4.7e-05,0.0226999999999999,2
beef,"round, top round roast, boneless, separable lean only, trimmed to 0"" fat, all grades, raw",Beef,121.0,23.59,2.94,0.0,0.0,0.0,0.635,0.0,0.23,6.462,0.236,0.064,13.0,2.34,12.0,0.004,220.0,3.7,0.002,0.00164,0.004,4.8e-05,0.0222,2
beef,"round, top round roast, boneless, separable lean only, trimmed to 0"" fat, choice, raw",Beef,124.0,23.59,3.26,0.0,0.0,0.0,0.641,0.0,0.24,6.667,0.227,0.064,13.0,2.35,12.0,0.004,221.0,3.78,0.002,0.00166,0.004,4.8e-05,0.0219,2
beef,"round, top round roast, boneless, separable lean only, trimmed to 0"" fat, select, raw",Beef,116.0,23.59,2.45,0.0,0.0,0.0,0.626,0.0,0.21,6.155,0.25,0.064,13.0,2.34,12.0,0.003,220.0,3.54,0.002,0.00163,0.004,4.7e-05,0.0226999999999999,2
beef,"round, eye of round roast, boneless, separable lean only, trimmed to 0"" fat, all grades, raw",Beef,121.0,23.37,3.04,0.0,0.0,0.0,0.644,0.0,0.24,6.72,0.184,0.063,13.0,1.45,12.0,0.001,222.0,3.42,0.001,0.00184,0.004,4.2e-05,0.0226,2
beef,"round, eye of round roast, boneless, separable lean only, trimmed to 0"" fat, choice, raw",Beef,124.0,23.35,3.38,0.0,0.0,0.0,0.648,0.0,0.27,6.81,0.183,0.063,13.0,1.47,12.0,0.001,221.0,3.43,0.002,0.0016799999999999,0.004,4.9000000000000005e-05,0.0228,2
beef,"round, eye of round roast, boneless, separable lean only, trimmed to 0"" fat, select, raw",Beef,116.0,23.41,2.52,0.0,0.0,0.0,0.637,0.0,0.22,6.585,0.185,0.064,13.0,1.37,11.0,0.002,222.0,3.38,0.002,0.00207,0.004,3.5000000000000004e-05,0.0222,2
beef,"round, eye of round steak, boneless, separable lean only, trimmed to 0"" fat, all grades, raw",Beef,121.0,23.37,3.04,0.0,0.0,0.0,0.644,0.0,0.24,6.72,0.184,0.063,13.0,1.45,12.0,0.001,222.0,3.42,0.002,0.00184,0.004,4.2e-05,0.0226,2
beef,"round, eye of round steak, boneless, separable lean only, trimmed to 0"" fat, choice, raw",Beef,124.0,23.35,3.38,0.0,0.0,0.0,0.648,0.0,0.25,6.81,0.183,0.063,13.0,1.47,12.0,0.001,221.0,3.43,0.002,0.0016799999999999,0.004,4.9000000000000005e-05,0.0228,2
beef,"round, eye of round steak, boneless, separable lean only, trimmed to 0"" fat, select, raw",Beef,116.0,23.41,2.52,0.0,0.0,0.0,0.637,0.0,0.22,6.585,0.185,0.064,13.0,1.37,11.0,0.002,222.0,3.38,0.002,0.00207,0.004,3.5000000000000004e-05,0.0222,2
beef,"loin, tenderloin roast, boneless, separable lean only, trimmed to 0"" fat, all grades, raw",Beef,139.0,21.94,5.74,0.0,0.0,0.0,0.615,0.0,0.23,4.755,0.318,0.053,13.0,2.5,12.0,0.007,215.0,3.26,0.002,0.0035299999999999,0.004,6.3e-05,0.0203999999999999,2
beef,"loin, tenderloin roast, boneless, separable lean only, trimmed to 0"" fat, choice, raw",Beef,143.0,21.78,6.16,0.0,0.0,0.0,0.61,0.0,0.24,4.508,0.307,0.053,13.0,2.55,12.0,0.007,212.0,3.27,0.002,0.0034,0.003,6.2e-05,0.0195,2
beef,"loin, tenderloin roast, boneless, separable lean only, trimmed to 0"" fat, select, raw",Beef,135.0,22.16,5.1,0.0,0.0,0.0,0.622,0.0,0.18,5.125,0.335,0.057,14.0,2.48,13.0,0.008,222.0,3.37,0.002,0.00372,0.004,6.8e-05,0.0215,2
beef,"loin, top loin steak, boneless, lip off, separable lean only, trimmed to 0"" fat, all grades, raw",Beef,143.0,23.07,5.67,0.0,0.0,0.0,0.578,0.0,0.22,6.742,0.211,0.056,15.0,1.84,12.0,0.002,207.0,3.72,0.002,0.00178,0.004,4.4e-05,0.0215,2
beef,"loin, top loin steak, boneless, lip off, separable lean only, trimmed to 0"" fat, choice, raw",Beef,149.0,22.93,6.34,0.0,0.0,0.0,0.589,0.0,0.24,6.947,0.205,0.053,15.0,1.93,11.0,0.002,205.0,3.79,0.002,0.00171,0.004,4.2e-05,0.021,2
beef,"loin, top loin steak, boneless, lip off, separable lean only, trimmed to 0"" fat, select, raw",Beef,135.0,23.3,4.66,0.0,0.0,0.0,0.563,0.0,0.2,6.435,0.22,0.06,14.0,1.73,12.0,0.002,210.0,3.64,0.002,0.00188,0.004,4.5e-05,0.022,2
beef,"loin, tenderloin steak, boneless, separable lean only, trimmed to 0"" fat, all grades, raw",Beef,139.0,21.94,5.74,0.0,0.0,0.0,0.615,0.0,0.23,4.755,0.318,0.053,13.0,2.5,12.0,0.007,215.0,3.26,0.002,0.0035299999999999,0.004,6.3e-05,0.0203999999999999,2
beef,"loin, tenderloin steak, boneless, separable lean only, trimmed to 0"" fat, choice, raw",Beef,143.0,21.78,6.16,0.0,0.0,0.0,0.61,0.0,0.24,4.508,0.307,0.05,13.0,2.55,12.0,0.007,212.0,3.27,0.0,0.0034,0.003,6.2e-05,0.0195,2
beef,"loin, tenderloin steak, boneless, separable lean only, trimmed to 0"" fat, select, raw",Beef,135.0,22.16,5.1,0.0,0.0,0.0,0.622,0.0,0.22,5.125,0.335,0.057,14.0,2.48,13.0,0.008,222.0,3.37,0.002,0.00372,0.004,6.8e-05,0.0215,2
beef,"loin, tenderloin roast, boneless, separable lean only, trimmed to 0"" fat, all grades, cooked, roasted",Beef,177.0,27.51,7.49,0.0,0.0,0.0,0.686,0.0,0.28,5.586,0.395,0.069,13.0,3.22,18.0,0.009,255.0,4.19,0.002,0.00409,0.007,9.1e-05,0.0251,2
beef,"loin, tenderloin roast, boneless, separable lean only, trimmed to 0"" fat, choice, cooked, roasted",Beef,183.0,27.48,8.13,0.0,0.0,0.0,0.696,0.0,0.3,5.47,0.392,0.065,14.0,3.25,18.0,0.009,253.0,4.46,0.001,0.00401,0.007,8.599999999999999e-05,0.0248,2
beef,"loin, tenderloin roast, separable lean only, boneless, trimmed to 0"" fat, select, cooked, roasted",Beef,169.0,27.55,6.54,0.0,0.0,0.0,0.669,0.0,0.25,5.76,0.4,0.074,13.0,3.04,14.0,0.009,259.0,3.7,0.002,0.00421,0.007,9.7e-05,0.0254,2
beef,"round, top round roast, boneless, separable lean only, trimmed to 0"" fat, all grades, cooked, roasted",Beef,162.0,30.09,3.77,0.0,0.0,0.0,0.784,0.0,0.28,7.978,0.291,0.079,16.0,2.89,15.0,0.005,272.0,4.57,0.002,0.0020299999999999,0.005,5.9e-05,0.0273999999999999,2
beef,"round, top round roast, boneless, separable lean only, trimmed to 0"" fat, choice, cooked, roasted",Beef,158.0,30.24,4.11,0.06,0.0,0.0,0.792,0.0,0.3,8.23,0.28,0.079,16.0,2.91,15.0,0.005,272.0,4.67,0.002,0.0020499999999999,0.005,5.9e-05,0.027,2
beef,"round, top round roast, boneless, separable lean only, trimmed to 0"" fat, select, cooked, roasted",Beef,150.0,29.81,3.37,0.0,0.0,0.0,0.772,0.0,0.26,7.599,0.309,0.079,17.0,2.89,15.0,0.004,271.0,4.37,0.003,0.0020099999999999,0.005,5.9e-05,0.028,2
beef,"round, eye of round steak, boneless, separable lean only, trimmed to 0"" fat, all grades, cooked, grilled",Beef,155.0,29.85,3.9,0.0,0.0,0.0,0.836,0.0,0.31,8.727,0.239,0.082,17.0,1.88,15.0,0.002,288.0,4.44,0.002,0.0023799999999999,0.005,5.5e-05,0.0293,2
beef,"round, eye of round steak, boneless, separable lean only, trimmed to 0"" fat, choice, cooked, grilled",Beef,158.0,29.94,4.26,0.0,0.0,0.0,0.842,0.0,0.33,8.844,0.238,0.082,17.0,1.91,16.0,0.001,288.0,4.46,0.002,0.00219,0.005,6.4e-05,0.0296,2
beef,"round, eye of round steak, boneless, separable lean only, trimmed to 0"" fat, select, cooked, grilled",Beef,149.0,29.52,3.43,0.0,0.0,0.0,0.828,0.0,0.28,8.552,0.24,0.082,16.0,1.78,15.0,0.002,289.0,4.39,0.003,0.00268,0.005,4.6e-05,0.0288,2
beef,"loin, top loin steak, boneless, lip-on, separable lean only, trimmed to 1/8"" fat, select, raw",Beef,135.0,23.3,4.66,0.0,0.0,0.0,0.563,0.0,0.2,6.435,0.22,0.06,14.0,1.73,12.0,0.002,210.0,3.64,0.002,0.00188,0.004,4.5e-05,0.022,2
beef,"loin, top loin steak, boneless, lip-on, separable lean only, trimmed to 1/8"" fat, choice, raw",Beef,149.0,22.93,6.34,0.0,0.0,0.0,0.589,0.0,0.24,6.947,0.205,0.053,15.0,1.93,11.0,0.002,205.0,3.79,0.002,0.00171,0.004,4.2e-05,0.021,2
beef,"loin, top loin steak, boneless, lip-on, separable lean only, trimmed to 1/8"" fat, all grades, raw",Beef,143.0,23.07,5.67,0.0,0.0,0.0,0.578,0.0,0.22,6.742,0.211,0.056,15.0,1.84,12.0,0.002,207.0,3.72,0.002,0.00178,0.004,4.4e-05,0.0215,2
beef,"loin, top loin steak, boneless, lip-on, separable lean and fat, trimmed to 1/8"" fat, select, raw",Beef,191.0,21.54,11.65,0.0,0.0,0.0,0.523,0.0,0.19,5.879,0.197,0.056,15.0,1.71,11.0,0.002,191.0,3.24,0.004,0.00178,0.003,4.1e-05,0.02,2
beef,"loin, top loin steak, boneless, lip-on, separable lean and fat, trimmed to 1/8"" fat, all grades, raw",Beef,199.0,21.29,12.68,0.0,0.0,0.0,0.535,0.0,0.21,6.123,0.189,0.052,16.0,1.8,11.0,0.002,188.0,3.29,0.004,0.0016899999999999,0.003,4e-05,0.0195,2
beef,"loin, top loin steak, boneless, lip-on, separable lean and fat, trimmed to 1/8"" fat, choice, cooked, grilled",Beef,275.0,25.69,19.19,0.0,0.0,0.0,0.642,0.0,0.24,6.734,0.191,0.056,14.0,2.47,20.0,0.003,212.0,4.1,0.007,0.00181,0.006,6.4e-05,0.024,2
beef,"loin, top loin steak, boneless, lip-on, separable lean and fat, trimmed to 1/8"" fat, select, cooked, grilled",Beef,247.0,26.92,15.44,0.0,0.0,0.0,0.663,0.0,0.2,6.51,0.214,0.062,14.0,2.51,21.0,0.004,223.0,4.31,0.008,0.002,0.007,6.4e-05,0.0259,2
beef,"loin, top loin steak, boneless, lip-on, separable lean and fat, trimmed to 1/8"" fat, all grades, cooked, grilled",Beef,264.0,26.18,17.69,0.0,0.0,0.0,0.65,0.0,0.23,6.644,0.2,0.058,14.0,2.48,20.0,0.003,216.0,4.16,0.0,0.00188,0.006,6.7e-05,0.0248,2
beef,"loin, top loin steak, boneless, lip-on, separable lean only, trimmed to 1/8"" fat, choice, cooked, grilled",Beef,208.0,28.66,10.34,0.0,0.0,0.0,0.714,0.0,0.24,7.46,0.212,0.06,13.0,2.58,22.0,0.003,226.0,4.66,0.001,0.00188,0.007,7.099999999999999e-05,0.0269,2
beef,"loin, top loin steak, boneless, lip-on, separable lean only, trimmed to 1/8"" fat, select, cooked, grilled",Beef,184.0,29.67,7.26,0.0,0.0,0.0,0.728,0.0,0.19,7.11,0.235,0.066,13.0,2.61,24.0,0.004,236.0,4.83,0.002,0.00209,0.007,7.000000000000001e-05,0.0287,2
beef,"loin, top loin steak, boneless, lip-on, separable lean only, trimmed to 1/8"" fat, all grades, cooked, grilled",Beef,198.0,29.06,9.11,0.0,0.0,0.0,0.719,0.0,0.22,7.32,0.221,0.062,13.0,2.59,23.0,0.004,229.0,4.71,0.002,0.00196,0.007,7.4e-05,0.0277,2
beef,"loin, top loin steak, boneless, lip-on, separable lean and fat, trimmed to 1/8"" fat, choice, raw",Beef,205.0,21.13,13.36,0.0,0.0,0.0,0.543,0.0,0.23,6.286,0.184,0.049,16.0,1.88,10.0,0.002,187.0,3.35,0.004,0.00163,0.003,3.8e-05,0.019,2
beef,"New Zealand, imported, bolar blade, separable lean only, cooked, fast roasted",Beef,193.0,33.53,6.57,0.0,0.0,0.0,0.191,0.0,0.76,2.232,0.142,0.037,5.0,2.7,19.0,0.012,165.0,6.38,0.013,0.00165,0.0,0.000128,0.002,2
beef,"New Zealand, imported, bolar blade, separable lean only, raw",Beef,129.0,22.09,4.49,0.0,0.0,0.0,0.331,0.0,0.4,3.142,0.109,0.048,4.0,2.06,22.0,0.013,190.0,3.63,0.006,0.0018,0.0,0.000145,0.001,2
beef,"New Zealand, imported, brisket naval end, separable lean only, cooked, braised",Beef,265.0,29.35,16.37,0.0,0.0,0.0,0.102,0.0,0.71,2.45,0.093,0.017,7.0,1.84,14.0,0.004,113.0,5.76,0.016,0.00134,0.0,6.8e-05,0.0036,2
beef,"New Zealand, imported, brisket naval end, separable lean only, raw",Beef,194.0,19.74,12.75,0.0,0.0,0.0,0.237,0.0,0.43,3.578,0.1,0.034,5.0,1.4,17.0,0.004,148.0,3.64,0.013,0.00197,0.0,4.8e-05,0.0026,2
beef,"New Zealand, imported, brisket point end, separable lean only, cooked, braised",Beef,202.0,34.51,7.05,0.0,0.0,0.0,0.195,0.0,0.85,3.485,0.117,0.015,6.0,2.78,20.0,0.013,167.0,5.16,0.012,0.0011799999999999,0.0,0.000113,0.0053,2
beef,"New Zealand, imported, brisket point end, separable lean only, raw",Beef,125.0,20.92,4.62,0.0,0.0,0.0,0.322,0.0,0.48,4.335,0.052,0.035,4.0,2.06,21.0,0.011,189.0,2.66,0.009,0.00139,0.0,0.000102,0.0027,2
beef,"New Zealand, imported, chuck eye roll, separable lean only, raw",Beef,131.0,20.46,5.41,0.0,0.0,0.0,0.187,0.0,0.63,2.878,0.119,0.051,4.0,2.04,20.0,0.009,180.0,4.84,0.009,0.00226,0.0,7.5e-05,0.0013,2
beef,"New Zealand, imported, chuck eye roll, separable lean only, cooked, braised",Beef,208.0,32.08,8.89,0.0,0.0,0.0,0.147,0.0,0.9,2.035,0.142,0.028,6.0,2.71,19.0,0.01,157.0,7.81,0.012,0.00197,0.0,9.8e-05,0.0021,2
beef,"New Zealand, imported, cube roll, separable lean only, cooked, fast roasted",Beef,239.0,30.09,13.22,0.0,0.0,0.0,0.305,0.0,0.4,4.177,0.148,0.067,5.0,2.38,23.0,0.004,209.0,4.99,0.012,0.0014,0.0,7.4e-05,0.0066,2
beef,"New Zealand, imported, cube roll, separable lean only, raw",Beef,161.0,19.77,8.51,1.38,0.0,0.0,0.28,0.0,0.39,3.257,0.076,0.071,3.0,2.09,20.0,0.009,174.0,3.66,0.017,0.00153,0.0,6e-05,0.0047,2
beef,"New Zealand, imported, eye round, separable lean only, cooked, slow roasted",Beef,164.0,29.68,4.98,0.0,0.0,0.0,0.337,0.0,0.6,3.983,0.112,0.041,4.0,1.89,24.0,0.004,222.0,3.95,0.007,0.00125,0.0,6.3e-05,0.0018,2
beef,"New Zealand, imported, eye round, separable lean only, raw",Beef,116.0,20.15,3.35,1.35,0.0,0.0,0.329,0.0,0.46,3.494,0.07,0.037,3.0,1.39,22.0,0.004,192.0,2.78,0.007,0.00114,0.0,4.8e-05,0.0011,2
beef,"New Zealand, imported, flank, separable lean only, cooked, braised",Beef,194.0,30.75,7.92,0.0,0.0,0.0,0.12,0.0,0.95,3.467,0.086,0.021,5.0,2.41,18.0,0.011,141.0,6.89,0.011,0.0014,0.0,6.6e-05,0.0055,2
beef,"New Zealand, imported, flank, separable lean only, raw",Beef,142.0,20.53,6.67,0.0,0.0,0.0,0.205,0.0,0.34,4.73,0.082,0.032,4.0,1.57,20.0,0.006,175.0,4.33,0.008,0.00156,0.0,4.6e-05,0.0035,2
beef,"New Zealand, imported, flat, separable lean only, cooked, braised",Beef,226.0,33.22,10.3,0.0,0.0,0.0,0.171,0.0,1.16,2.292,0.192,0.024,6.0,3.23,18.0,0.016,159.0,4.54,0.015,0.00185,0.0,0.00019,0.002,2
beef,"New Zealand, imported, flat, separable lean only, raw",Beef,154.0,21.3,7.69,0.0,0.0,0.0,0.276,0.0,0.52,3.328,0.14,0.045,5.0,1.9,20.0,0.008,175.0,5.44,0.011,0.00285,0.0,0.0001199999999999,0.001,2
beef,"New Zealand, imported, heart, cooked, boiled",Beef,179.0,31.29,6.0,0.0,0.0,0.0,0.122,0.0,2.09,3.365,0.983,0.237,6.0,6.81,26.0,0.041,265.0,2.79,0.014,0.00673,0.0,0.000648,0.017,2
beef,"New Zealand, imported, heart, raw",Beef,105.0,18.52,3.4,0.0,0.0,0.0,0.16,0.0,1.22,4.444,0.682,0.252,4.0,4.38,22.0,0.034,209.0,1.51,0.01,0.01081,0.0,0.000373,0.009,2
beef,"New Zealand, imported, hind shin, separable lean only, cooked, braised",Beef,167.0,31.23,4.64,0.0,0.0,0.0,0.144,0.0,0.74,2.698,0.118,0.019,6.0,2.72,20.0,0.012,155.0,6.15,0.008,0.00126,0.0,0.000111,0.002,2
beef,"New Zealand, imported, hind shin, separable lean only, raw",Beef,114.0,21.46,3.12,0.0,0.0,0.0,0.259,0.0,0.43,3.286,0.115,0.036,4.0,2.04,21.0,0.009,178.0,3.86,0.006,0.00151,0.0,6.7e-05,0.002,2
beef,"New Zealand, imported, inside, raw",Beef,128.0,22.16,4.36,0.1,0.0,0.0,0.367,0.0,0.2,3.955,0.072,0.058,4.0,2.27,22.0,0.008,198.0,2.93,0.008,0.00165,0.0,7.9e-05,0.0014,2
beef,"New Zealand, imported, intermuscular fat, cooked",Beef,560.0,7.9,57.22,3.39,0.0,0.0,0.084,0.0,0.0,1.07,0.056,0.046,16.0,1.18,9.0,0.005,75.0,1.88,0.0,0.0004,0.0,3.3e-05,0.004,4
beef,"New Zealand, imported, intermuscular fat, raw",Beef,602.0,6.97,63.78,0.01,0.0,0.0,0.063,0.0,0.0,1.05,0.032,0.06,11.0,0.76,7.0,0.002,68.0,1.09,0.0,0.0002099999999999,0.0,1.9e-05,0.0029,4
beef,"New Zealand, imported, kidney, cooked, boiled",Beef,157.0,27.28,5.27,0.0,0.0,0.0,0.254,0.0,1.53,3.903,2.945,0.403,14.0,5.7,18.0,0.155,338.0,2.6,0.104,0.02135,0.0,0.0005629999999999,0.1052,2
beef,"New Zealand, imported, knuckle, cooked, fast fried",Beef,178.0,27.51,7.58,0.0,0.0,0.0,0.319,0.0,0.38,3.229,0.09,0.058,5.0,2.25,26.0,0.008,232.0,4.66,0.013,0.00188,0.0,9.3e-05,0.0018,2
beef,"New Zealand, imported, kidney, raw",Beef,87.0,15.68,2.64,0.0,0.0,0.0,0.316,0.0,0.82,4.878,2.116,0.559,9.0,3.83,15.0,0.109,234.0,1.53,0.089,0.02766,0.0,0.0004089999999999,0.1033,2
beef,"New Zealand, imported, liver, cooked, boiled",Beef,150.0,23.3,4.68,3.78,0.0,0.0,0.452,0.0,1.28,13.8,3.04,0.376,4.0,7.17,21.0,328.0,397.0,3.4,21.014,0.096,0.0,0.00573,0.0162,2
beef,"New Zealand, imported, liver, raw",Beef,133.0,20.5,4.05,3.6,0.0,0.0,0.428,0.0,1.84,15.4,2.347,0.371,4.0,8.44,19.0,299.0,362.0,3.0,28.319,0.0845,0.0,0.0053,0.0165,2
beef,"New Zealand, imported, manufacturing beef, cooked, boiled",Beef,126.0,24.21,3.26,0.0,0.0,0.0,0.16,0.0,0.57,1.759,0.096,0.042,6.0,1.78,16.0,0.007,129.0,5.02,0.008,0.00102,0.0,0.000108,0.0011,2
beef,"New Zealand, imported, manufacturing beef, raw",Beef,119.0,21.23,3.68,0.23,0.0,0.0,0.194,0.0,0.49,2.908,0.107,0.055,6.0,1.95,21.0,0.008,182.0,4.28,0.01,0.00141,0.0,7.4e-05,0.0011,2
beef,"New Zealand, imported, oyster blade, separable lean only, cooked, braised",Beef,196.0,29.87,8.46,0.0,0.0,0.0,0.099,0.0,0.76,1.647,0.148,0.023,5.0,2.78,17.0,0.011,144.0,5.28,0.011,0.00186,0.0,8.999999999999999e-05,0.002,2
beef,"New Zealand, imported, oyster blade, separable lean only, raw",Beef,155.0,21.83,7.56,0.0,0.0,0.0,0.156,0.0,0.38,2.361,0.121,0.054,4.0,1.95,18.0,0.008,158.0,4.64,0.012,0.00233,0.0,6e-05,0.002,2
beef,"New Zealand, imported, ribs prepared, cooked, fast roasted",Beef,197.0,27.23,9.74,0.09,0.0,0.0,0.266,0.0,0.93,5.053,0.117,0.026,18.0,2.21,22.0,0.008,204.0,4.9,0.009,0.00115,0.0,5.8e-05,0.0035,2
beef,"New Zealand, imported, ribs prepared, raw",Beef,146.0,21.31,6.78,0.0,0.0,0.0,0.255,0.0,0.74,4.306,0.09,0.03,15.0,1.82,20.0,0.006,184.0,3.95,0.008,0.00117,0.0,4.7e-05,0.0029,2
beef,"New Zealand, imported, rump centre, separable lean only, cooked, fast fried",Beef,188.0,30.17,7.48,0.0,0.0,0.0,0.276,0.0,0.56,3.922,0.199,0.081,5.0,2.96,29.0,0.012,254.0,4.08,0.012,0.00221,0.0,0.000145,0.0019,2
beef,"New Zealand, imported, striploin, separable lean only, cooked, fast fried",Beef,217.0,28.53,11.4,0.0,0.0,0.0,0.323,0.0,0.53,4.842,0.086,0.053,6.0,1.96,24.0,0.004,217.0,3.41,0.019,0.00094,0.0,7.8e-05,0.004,2
beef,"New Zealand, imported, striploin, separable lean only, raw",Beef,150.0,20.93,7.0,0.74,0.0,0.0,0.316,0.0,0.35,4.243,0.086,0.048,4.0,1.61,20.0,0.006,177.0,2.76,0.012,0.0007099999999999,0.0,5.5e-05,0.003,2
beef,"New Zealand, imported, subcutaneous fat, cooked",Beef,731.0,6.5,78.3,0.0,0.0,0.0,0.057,0.0,0.0,1.27,0.034,0.063,17.0,0.47,7.0,0.002,66.0,0.43,0.0,0.00034,0.0,1.5e-05,0.0022,4
beef,"New Zealand, imported, subcutaneous fat, raw",Beef,685.0,8.5,72.38,0.0,0.0,0.0,0.052,0.0,0.0,0.74,0.027,0.132,20.0,0.38,5.0,0.002,51.0,0.36,0.0,0.00016,0.0,1.3e-05,0.0018,4
beef,"New Zealand, imported, sweetbread, cooked, boiled",Beef,318.0,12.53,29.79,0.0,0.0,0.0,0.041,0.0,0.79,1.6,0.114,0.077,4.0,1.12,16.0,0.012,356.0,1.2,0.019,0.0015,0.0,0.0050999999999999,0.011,2
beef,"New Zealand, imported, sweetbread, raw",Beef,303.0,11.51,28.6,0.0,0.0,0.0,0.041,0.0,0.69,2.0,0.122,0.087,4.0,1.15,15.0,0.012,331.0,1.0,0.019,0.0021,0.0,0.0050999999999999,0.009,2
beef,"New Zealand, imported, tenderloin, separable lean only, cooked, fast fried",Beef,200.0,29.37,9.01,0.27,0.0,0.0,0.23,0.0,0.81,5.003,0.21,0.058,4.0,3.01,31.0,0.015,259.0,3.34,0.013,0.00197,0.0,0.0001799999999999,0.0057,2
beef,"New Zealand, imported, oyster blade, separable lean and fat, raw",Beef,178.0,21.27,10.31,0.0,0.0,0.0,0.152,0.0,0.36,2.293,0.117,0.057,4.0,1.89,18.0,0.008,153.0,4.46,0.012,0.00224,0.0,5.8e-05,0.002,2
beef,"New Zealand, imported, tenderloin, separable lean only, raw",Beef,140.0,21.19,6.1,0.0,0.0,0.0,0.267,0.0,0.6,4.054,0.119,0.054,4.0,2.21,24.0,0.012,204.0,2.34,0.009,0.00178,0.0,0.000104,0.0043,2
beef,"New Zealand, imported, tongue, cooked, boiled",Beef,271.0,18.31,20.34,3.68,0.0,0.0,0.072,0.0,0.95,2.58,0.227,0.059,5.0,2.52,17.0,0.013,157.0,4.2,0.012,0.00395,0.0,0.000163,0.0039,2
beef,"New Zealand, imported, tongue, raw",Beef,243.0,17.77,19.09,0.0,0.0,0.0,0.094,0.0,0.95,2.996,0.212,0.065,4.0,1.81,16.0,0.013,150.0,2.7,0.012,0.00518,0.0,0.0001199999999999,0.0025,2
beef,"New Zealand, imported, tripe uncooked, cooked, boiled",Beef,103.0,19.0,2.98,0.0,0.0,0.0,0.013,0.0,0.51,2.616,0.103,0.022,158.0,3.72,24.0,6.066,168.0,2.39,0.006,0.00229,0.0,0.000106,0.0043,2
beef,"New Zealand, imported, tripe uncooked, raw",Beef,77.0,14.86,1.98,0.0,0.0,0.0,0.035,0.0,0.45,7.943,0.191,0.051,112.0,4.44,19.0,4.055,159.0,1.72,0.006,0.00712,0.0,9.4e-05,0.0031,2
beef,"New Zealand, imported, bolar blade, separable lean and fat, cooked, fast roasted",Beef,228.0,31.3,11.37,0.0,0.0,0.0,0.18,0.0,0.7,2.132,0.133,0.039,6.0,2.54,18.0,0.011,157.0,5.93,0.012,0.00153,0.0,0.0001189999999999,0.0021,2
beef,"New Zealand, imported, bolar blade, separable lean and fat, raw",Beef,159.0,21.29,8.22,0.0,0.0,0.0,0.315,0.0,0.37,3.01,0.105,0.051,4.0,1.97,22.0,0.013,183.0,3.46,0.006,0.00171,0.0,0.000138,0.0011,2
beef,"New Zealand, imported, brisket naval end, separable lean and fat, cooked, braised",Beef,453.0,20.14,41.33,0.0,0.0,0.0,0.084,0.0,0.43,1.974,0.069,0.035,11.0,1.29,11.0,0.003,94.0,3.61,0.01,0.00094,0.0,4.7e-05,0.0031,2
beef,"New Zealand, imported, brisket naval end, separable lean and fat, raw",Beef,345.0,15.81,31.27,0.0,0.0,0.0,0.177,0.0,0.29,2.683,0.076,0.056,9.0,1.11,13.0,0.003,118.0,2.66,0.009,0.00138,0.0,3.7e-05,0.0025,2
beef,"New Zealand, imported, brisket point end, separable lean and fat, cooked, braised",Beef,250.0,31.94,13.6,0.0,0.0,0.0,0.182,0.0,0.77,3.282,0.109,0.02,7.0,2.57,18.0,0.012,158.0,4.73,0.011,0.0011,0.0,0.000104,0.005,2
beef,"New Zealand, imported, brisket point end, separable lean and fat, raw",Beef,163.0,20.05,9.23,0.0,0.0,0.0,0.303,0.0,0.44,4.089,0.05,0.041,5.0,1.94,20.0,0.01,179.0,2.51,0.008,0.00131,0.0,9.5e-05,0.0026,2
beef,"New Zealand, imported, chuck eye roll, separable lean and fat, cooked, braised",Beef,252.0,29.92,14.74,0.0,0.0,0.0,0.139,0.0,0.82,1.97,0.133,0.031,7.0,2.52,18.0,0.01,149.0,7.18,0.011,0.00183,0.0,9.1e-05,0.0021,2
beef,"New Zealand, imported, chuck eye roll, separable lean and fat, raw",Beef,181.0,19.38,11.45,0.0,0.0,0.0,0.175,0.0,0.57,2.685,0.111,0.058,6.0,1.89,19.0,0.008,169.0,4.44,0.008,0.00207,0.0,6.900000000000001e-05,0.0014,2
beef,"New Zealand, imported, cube roll, separable lean and fat, cooked, fast roasted",Beef,286.0,27.79,19.45,0.03,0.0,0.0,0.281,0.0,0.36,3.889,0.137,0.066,6.0,2.2,22.0,0.004,195.0,4.56,0.011,0.0013,0.0,6.900000000000001e-05,0.0062,2
beef,"New Zealand, imported, cube roll, separable lean and fat, raw",Beef,225.0,18.22,16.31,1.31,0.0,0.0,0.254,0.0,0.34,3.015,0.072,0.07,5.0,1.91,18.0,0.009,161.0,3.32,0.015,0.00139,0.0,5.5e-05,0.0044,2
beef,"New Zealand, imported, eye round, separable lean and fat, cooked, slow roasted",Beef,168.0,29.49,5.57,0.0,0.0,0.0,0.335,0.0,0.59,3.962,0.111,0.041,4.0,1.88,24.0,0.004,221.0,3.92,0.007,0.00124,0.0,6.3e-05,0.0018,2
beef,"New Zealand, imported, eye round, separable lean and fat, raw",Beef,129.0,19.88,4.92,1.32,0.0,0.0,0.323,0.0,0.45,3.431,0.069,0.039,4.0,1.37,21.0,0.004,189.0,2.72,0.007,0.00112,0.0,4.7e-05,0.0011,2
beef,"New Zealand, imported, flank, separable lean and fat, cooked, braised",Beef,208.0,30.13,9.73,0.0,0.0,0.0,0.118,0.0,0.93,3.41,0.085,0.022,5.0,2.36,18.0,0.011,139.0,6.73,0.011,0.00138,0.0,6.500000000000001e-05,0.0054,2
beef,"New Zealand, imported, flank, separable lean and fat, raw",Beef,161.0,20.12,8.9,0.0,0.0,0.0,0.2,0.0,0.33,4.594,0.08,0.035,4.0,1.53,19.0,0.006,171.0,4.19,0.008,0.00151,0.0,4.4e-05,0.0034,2
beef,"New Zealand, imported, flat, separable lean and fat, cooked, braised",Beef,252.0,31.86,13.79,0.0,0.0,0.0,0.165,0.0,1.1,2.24,0.184,0.026,6.0,3.09,17.0,0.015,154.0,4.33,0.014,0.00177,0.0,0.0001809999999999,0.002,2
beef,"New Zealand, imported, flat, separable lean and fat, raw",Beef,177.0,20.57,10.55,0.0,0.0,0.0,0.265,0.0,0.49,3.212,0.135,0.046,5.0,1.84,19.0,0.008,170.0,5.22,0.01,0.00272,0.0,0.000115,0.0011,2
beef,"New Zealand, imported, hind shin, separable lean and fat, cooked, braised",Beef,196.0,29.82,8.5,0.07,0.0,0.0,0.139,0.0,0.7,2.611,0.113,0.021,7.0,2.6,19.0,0.011,150.0,5.85,0.008,0.00121,0.0,0.000106,0.0021,2
beef,"New Zealand, imported, hind shin, separable lean and fat, raw",Beef,147.0,20.61,7.2,0.0,0.0,0.0,0.246,0.0,0.41,3.136,0.109,0.04,5.0,1.95,20.0,0.009,170.0,3.66,0.006,0.0014299999999999,0.0,6.3e-05,0.002,2
beef,"New Zealand, imported, oyster blade, separable lean and fat, cooked, braised",Beef,197.0,29.79,8.68,0.0,0.0,0.0,0.099,0.0,0.75,1.645,0.147,0.023,5.0,2.77,17.0,0.011,144.0,5.27,0.01,0.00185,0.0,8.999999999999999e-05,0.002,2
beef,"New Zealand, imported, rump centre, separable lean and fat, cooked, fast fried",Beef,192.0,30.01,7.96,0.0,0.0,0.0,0.274,0.0,0.56,3.904,0.198,0.081,5.0,2.95,29.0,0.012,253.0,4.05,0.012,0.0022,0.0,0.0001439999999999,0.0019,2
beef,"New Zealand, imported, rump centre, separable lean only, raw",Beef,141.0,21.74,6.05,0.0,0.0,0.0,0.276,0.0,0.32,2.729,0.118,0.066,4.0,2.3,22.0,0.01,191.0,3.46,0.007,0.00215,0.0,0.000107,0.0015,2
beef,"New Zealand, imported, rump centre, separable lean and fat, raw",Beef,145.0,21.65,6.5,0.0,0.0,0.0,0.274,0.0,0.31,2.716,0.117,0.067,4.0,2.29,22.0,0.009,190.0,3.43,0.007,0.00213,0.0,0.000106,0.0015,2
beef,"New Zealand, imported, striploin, separable lean and fat, cooked, fast fried",Beef,301.0,24.89,22.33,0.02,0.0,0.0,0.279,0.0,0.44,4.25,0.077,0.054,8.0,1.72,21.0,0.003,192.0,2.92,0.016,0.0008399999999999,0.0,6.8e-05,0.0037,2
beef,"New Zealand, imported, striploin, separable lean and fat, raw",Beef,252.0,18.49,19.53,0.6,0.0,0.0,0.265,0.0,0.28,3.569,0.075,0.063,7.0,1.38,17.0,0.005,153.0,2.31,0.01,0.00061,0.0,4.6e-05,0.0028,2
beef,"New Zealand, imported, tenderloin, separable lean and fat, cooked, fast fried",Beef,202.0,29.26,9.35,0.27,0.0,0.0,0.229,0.0,0.81,4.985,0.209,0.058,4.0,2.99,30.0,0.015,258.0,3.33,0.013,0.00196,0.0,0.0001799999999999,0.0057,2
beef,"New Zealand, imported, tenderloin, separable lean and fat, raw",Beef,146.0,21.04,6.88,0.0,0.0,0.0,0.264,0.0,0.59,4.015,0.118,0.055,4.0,2.18,24.0,0.012,203.0,2.32,0.009,0.00176,0.0,0.000102,0.0043,2
beef,"ground, 93% lean meat / 7% fat, raw",Beef,146.0,20.85,7.0,0.0,0.0,0.0,0.383,0.0,0.17,5.325,0.151,0.041,10.0,2.33,21.0,0.01,192.0,4.97,0.004,0.0022299999999999,0.005,7.5e-05,0.0171,2
beef,"ground, 93% lean meat / 7% fat, patty, cooked, broiled",Beef,185.0,26.22,8.94,0.0,0.0,0.0,0.406,0.0,0.12,5.827,0.176,0.043,9.0,2.78,22.0,0.014,205.0,6.41,0.003,0.0025099999999999,0.007,9.4e-05,0.0215,2
beef,"ground, 93% lean meat /7% fat, patty, cooked, pan-broiled",Beef,175.0,25.56,8.01,0.06,0.0,0.0,0.386,0.0,0.13,6.175,0.177,0.043,11.0,2.82,24.0,0.012,220.0,6.4,0.003,0.00279,0.007,8.9e-05,0.0209,2
beef,"ground, 93% lean meat / 7% fat, loaf, cooked, baked",Beef,184.0,27.03,8.43,0.0,0.0,0.0,0.353,0.0,0.12,5.408,0.171,0.035,10.0,2.99,21.0,0.01,197.0,6.78,0.003,0.00249,0.006,7.9e-05,0.022,2
beef,"ground, 93% lean meat / 7% fat, crumbles, cooked, pan-browned",Beef,201.0,28.88,9.51,0.0,0.0,0.0,0.428,0.0,0.12,7.096,0.191,0.042,12.0,3.17,28.0,0.013,258.0,6.97,0.003,0.0028,0.008,0.000103,0.0216,2
beef,"ground, 97% lean meat / 3% fat, raw",Beef,115.0,21.98,3.0,0.0,0.0,0.0,0.401,0.0,0.17,5.663,0.151,0.041,8.0,2.44,22.0,0.01,203.0,5.21,0.004,0.00226,0.004,8e-05,0.0177,2
beef,"ground, 97% lean meat / 3% fat, patty, cooked, broiled",Beef,146.0,26.36,4.46,0.0,0.0,0.0,0.418,0.0,0.12,6.051,0.176,0.041,5.0,2.88,23.0,0.015,208.0,6.45,0.003,0.00244,0.007,9.8e-05,0.0215,2
beef,"ground, 97% lean meat /3% fat, patty, cooked, pan-broiled",Beef,137.0,26.03,3.65,0.0,0.0,0.0,0.396,0.0,0.13,6.374,0.177,0.043,7.0,2.89,24.0,0.012,224.0,6.5,0.003,0.00279,0.007,9.3e-05,0.0212,2
beef,"ground, 97% lean meat / 3% fat, loaf, cooked, baked",Beef,147.0,27.58,4.06,0.0,0.0,0.0,0.36,0.0,0.12,5.648,0.171,0.032,6.0,3.11,22.0,0.011,202.0,6.94,0.003,0.00249,0.006,7.9e-05,0.0225,2
beef,"ground, 97% lean meat / 3% fat, crumbles, cooked, pan-browned",Beef,167.0,29.46,5.46,0.0,0.0,0.0,0.428,0.0,0.12,7.485,0.191,0.041,7.0,3.29,29.0,0.013,267.0,7.15,0.003,0.0028,0.007,0.000108,0.0216,2
usda commodity,"beef patties with VPP, frozen, cooked",Beef,247.0,15.64,16.94,7.89,0.0,1.4,0.264,0.0,0.0,3.853,0.209,0.253,39.0,3.64,49.0,0.35,235.0,8.32,0.016,0.00287,0.017,0.000251,0.0146,2
usda commodity,"beef, ground bulk/coarse ground, frozen, cooked",Beef,259.0,26.06,16.34,0.0,0.0,0.0,0.132,0.0,0.0,3.376,0.12,0.071,9.0,3.01,24.0,0.016,221.0,6.28,0.012,0.00306,0.009,0.00014,0.0159,2
usda commodity,"beef, patties (100%), frozen, cooked",Beef,249.0,22.98,16.37,0.91,0.0,0.0,0.167,0.0,0.0,2.94,0.186,0.051,8.0,2.55,19.0,0.016,183.0,5.26,0.011,0.0035,0.008,6.4e-05,0.0215,2
usda commodity,"beef patties with VPP, frozen, raw",Beef,225.0,15.21,16.48,3.84,0.0,1.3,0.44,0.0,0.0,4.281,0.22,0.316,29.0,2.66,36.0,0.252,190.0,5.44,0.017,0.00359,0.0,0.000163,0.0116999999999999,2
usda commodity,"beef, patties (100%), frozen, raw",Beef,204.0,14.63,15.69,0.0,0.0,0.0,0.214,0.0,0.0,3.846,0.16,0.043,7.0,1.93,18.0,0.017,145.0,4.12,0.0,0.0020499999999999,0.006,7.3e-05,0.0148,2
usda commodity,"beef, ground, bulk/coarse ground, frozen, raw",Beef,228.0,17.37,17.07,0.0,0.0,0.0,0.241,0.0,0.0,4.207,0.232,0.056,7.0,1.69,17.0,0.015,122.0,3.59,0.0,0.00191,0.007,6.2e-05,0.0121,2
beef,"chuck, mock tender steak, separable lean only, trimmed to 0"" fat, all grades, cooked, broiled",Beef,159.0,25.9,5.42,0.0,0.0,0.0,0.322,0.0,0.16,3.635,0.23,0.111,8.0,2.93,23.0,0.0,227.0,7.83,0.0,0.00339,0.008,0.000118,0.0253,2
beef,"chuck, top blade, separable lean only, trimmed to 0"" fat, all grades, cooked, broiled",Beef,203.0,26.13,10.16,0.0,0.0,0.0,0.387,0.0,0.17,3.821,0.23,0.124,7.0,2.81,24.0,0.0,217.0,8.92,0.0,0.00357,0.008,0.000112,0.02,2
beef,"chuck, clod roast, separable lean only, trimmed to 1/4"" fat, all grades, raw",Beef,129.0,19.63,5.02,0.0,0.0,0.0,0.406,0.0,0.13,3.444,0.194,0.12,6.0,2.35,22.0,0.0,192.0,4.83,0.0,0.00321,0.007,8.999999999999999e-05,0.03,2
beef,"chuck, clod roast, separable lean only, trimmed to 0"" fat, all grades, cooked, roasted",Beef,172.0,26.82,6.34,0.0,0.0,0.0,0.278,0.0,0.17,3.529,0.252,0.09,7.0,3.2,22.0,0.0,222.0,6.39,0.0,0.00307,0.01,0.0001,0.03,2
beef,"chuck, clod roast, separable lean only, trimmed to 1/4"" fat, all grades, cooked, roasted",Beef,173.0,26.36,6.75,0.0,0.0,0.0,0.273,0.0,0.17,3.469,0.247,0.089,7.0,3.09,22.0,0.0,215.0,6.39,0.0,0.00302,0.009,0.0001,0.03,2
beef,"shoulder steak, boneless, separable lean only, trimmed to 0"" fat, all grades, cooked, grilled",Beef,175.0,28.6,5.82,0.0,0.0,0.0,0.678,0.0,0.1,5.542,0.225,0.09,12.0,2.94,26.0,0.013,249.0,8.19,0.002,0.00343,0.007,0.0001049999999999,0.032,2
beef,"chuck, clod steak, separable lean only, trimmed to 1/4"" fat, all grades, cooked, braised",Beef,189.0,29.34,7.04,0.0,0.0,0.0,0.261,0.0,0.13,3.121,0.254,0.075,8.0,3.79,22.0,0.0,233.0,7.87,0.0,0.00297,0.009,0.000148,0.03,2
beef,"chuck, mock tender steak, separable lean and fat, trimmed to 0"" fat, USDA choice, cooked, broiled",Beef,161.0,25.73,5.72,0.0,0.0,0.0,0.32,0.0,0.16,3.612,0.229,0.11,8.0,3.02,23.0,0.0,234.0,7.83,0.0,0.00337,0.008,0.000121,0.0252,2
beef,"chuck, mock tender steak, separable lean and fat, trimmed to 0"" fat, USDA select, cooked, broiled",Beef,159.0,26.08,5.24,0.0,0.0,0.0,0.324,0.0,0.15,3.66,0.232,0.112,7.0,2.8,23.0,0.0,217.0,7.81,0.0,0.00342,0.008,0.000112,0.0253,2
beef,"chuck, top blade, separable lean and fat, trimmed to 0"" fat, choice, cooked, broiled",Beef,227.0,25.77,12.93,0.0,0.0,0.0,0.32,0.0,0.18,3.619,0.229,0.11,7.0,2.77,24.0,0.0,215.0,8.76,0.0,0.0033799999999999,0.008,0.000111,0.0198999999999999,2
beef,"chuck, top blade, separable lean and fat, trimmed to 0"" fat, select, cooked, broiled",Beef,200.0,25.67,9.99,0.0,0.0,0.0,0.467,0.0,0.16,3.97,0.224,0.138,7.0,2.74,24.0,0.0,212.0,8.68,0.0,0.0037099999999999,0.009,0.00011,0.0198999999999999,2
beef,"chuck, clod roast, separable lean and fat, trimmed to 0"" fat, choice, cooked, roasted",Beef,216.0,24.61,12.26,0.0,0.0,0.0,0.257,0.0,0.15,3.251,0.23,0.082,8.0,3.02,20.0,0.001,210.0,5.95,0.0,0.00285,0.009,9.5e-05,0.0289,2
beef,"chuck, clod roast, separable lean and fat, trimmed to 0"" fat, select, cooked, roasted",Beef,196.0,27.3,8.76,0.0,0.0,0.0,0.284,0.0,0.16,3.599,0.256,0.092,7.0,3.09,21.0,0.0,215.0,6.16,0.0,0.00315,0.01,9.7e-05,0.0294,2
beef,"shoulder steak, boneless, separable lean and fat, trimmed to 0"" fat, choice, cooked, grilled",Beef,186.0,28.22,7.25,0.0,0.0,0.0,0.673,0.0,0.11,5.553,0.216,0.079,12.0,2.9,26.0,0.013,245.0,7.89,0.006,0.00327,0.007,0.000106,0.0322,2
beef,"shoulder steak, boneless, separable lean and fat, trimmed to 0"" fat, select, cooked, grilled",Beef,177.0,28.41,6.14,0.0,0.0,0.0,0.664,0.0,0.07,5.375,0.232,0.099,12.0,2.89,24.0,0.013,245.0,8.27,0.006,0.00357,0.007,0.000101,0.0308999999999999,2
beef,"plate, inside skirt steak, separable lean and fat, trimmed to 0"" fat, all grades, cooked, broiled",Beef,220.0,26.13,12.05,0.0,0.0,0.0,0.321,0.0,0.1,3.745,0.191,0.09,11.0,2.77,24.0,0.0,230.0,7.23,0.0,0.00372,0.007,9.3e-05,0.0198,2
beef,"plate, outside skirt steak, separable lean and fat, trimmed to 0"" fat, all grades, cooked, broiled",Beef,255.0,23.51,17.13,0.0,0.0,0.0,0.477,0.0,0.11,4.193,0.19,0.115,11.0,2.58,24.0,0.0,214.0,5.51,0.0,0.00417,0.007,8.7e-05,0.0186,2
beef,"loin, bottom sirloin butt, tri-tip steak, separable lean and fat, trimmed to 0"" fat, all grades, cooked, broiled",Beef,265.0,29.97,15.18,0.0,0.0,0.0,0.443,0.0,0.17,4.225,0.286,0.128,12.0,3.64,26.0,0.0,265.0,7.05,0.0,0.00283,0.01,0.000158,0.0103,2
beef,"chuck, mock tender steak, separable lean and fat, trimmed to 0"" fat, all grades, cooked, broiled",Beef,160.0,25.87,5.52,0.0,0.0,0.0,0.321,0.0,0.16,3.632,0.23,0.111,8.0,2.93,23.0,0.0,227.0,7.82,0.0,0.00339,0.008,0.000117,0.0252,2
beef,"chuck, top blade, separable lean and fat, trimmed to 0"" fat, all grades, cooked, broiled",Beef,216.0,25.73,11.73,0.0,0.0,0.0,0.38,0.0,0.17,3.761,0.227,0.121,7.0,2.76,24.0,0.0,214.0,8.73,0.0,0.0035099999999999,0.008,0.000111,0.0198999999999999,2
beef,"chuck, clod roast, separable lean and fat, trimmed to 0"" fat, all grades, cooked, roasted",Beef,207.0,25.7,10.84,0.0,0.0,0.0,0.268,0.0,0.16,3.393,0.24,0.086,7.0,3.05,21.0,0.0,212.0,6.04,0.0,0.00297,0.009,9.6e-05,0.0291,2
beef,"shoulder steak, boneless, separable lean and fat, trimmed to 0"" fat, all grades, cooked, grilled",Beef,182.0,28.29,6.8,0.0,0.0,0.0,0.669,0.0,0.1,5.481,0.222,0.089,12.0,2.9,25.0,0.013,245.0,8.04,0.006,0.00339,0.007,0.000104,0.0317,2
beef,"ground, 95% lean meat / 5% fat, raw",Beef,131.0,21.41,5.0,0.0,0.0,0.0,0.392,0.0,0.17,5.494,0.151,0.041,9.0,2.38,22.0,0.01,198.0,5.09,0.004,0.00224,0.005,7.8e-05,0.0174,2
beef,"ground, 95% lean meat / 5% fat, patty, cooked, broiled",Beef,174.0,26.29,6.8,0.0,0.0,0.0,0.412,0.0,0.12,5.939,0.176,0.042,7.0,2.83,22.0,0.014,206.0,6.43,0.003,0.00247,0.007,9.6e-05,0.0215,2
beef,"ground, 95% lean meat / 5% fat, patty, cooked, pan-broiled",Beef,164.0,25.8,5.94,0.0,0.0,0.0,0.391,0.0,0.13,6.275,0.177,0.043,9.0,2.85,24.0,0.012,222.0,6.45,0.003,0.00279,0.007,9.1e-05,0.0211,2
beef,"ground, 95% lean meat / 5% fat, crumbles, cooked, pan-browned",Beef,193.0,29.17,7.58,0.0,0.0,0.0,0.428,0.0,0.12,7.29,0.191,0.042,9.0,3.23,28.0,0.013,263.0,7.06,0.003,0.0028,0.007,0.000106,0.0216,2
beef,"ground, 95% lean meat / 5% fat, loaf, cooked, baked",Beef,174.0,27.31,6.37,0.0,0.0,0.0,0.357,0.0,0.12,5.528,0.171,0.034,8.0,3.05,22.0,0.01,199.0,6.86,0.003,0.00249,0.006,7.9e-05,0.0223,2
beef,"ground, 90% lean meat / 10% fat, raw",Beef,176.0,20.0,10.0,0.0,0.0,0.0,0.369,0.0,0.17,5.072,0.151,0.042,12.0,2.24,20.0,0.01,184.0,4.79,0.004,0.00221,0.006,7.199999999999999e-05,0.0166,2
beef,"ground, 90% lean meat / 10% fat, patty, cooked, broiled",Beef,217.0,26.11,11.75,0.0,0.0,0.0,0.397,0.0,0.12,5.659,0.176,0.044,13.0,2.71,22.0,0.013,202.0,6.37,0.003,0.00256,0.008,8.999999999999999e-05,0.0215,2
beef,"ground, 90% lean meat / 10% fat, patty, cooked, pan-broiled",Beef,204.0,25.21,10.68,0.0,0.0,0.0,0.379,0.0,0.13,6.027,0.177,0.043,15.0,2.77,23.0,0.012,216.0,6.33,0.003,0.00279,0.008,8.599999999999999e-05,0.0207,2
beef,"ground, 90% lean meat / 10% fat, crumbles, cooked, pan-browned",Beef,230.0,28.45,12.04,0.0,0.0,0.0,0.428,0.0,0.12,6.804,0.191,0.043,16.0,3.08,27.0,0.013,250.0,6.84,0.003,0.0028,0.008,9.9e-05,0.0216,2
beef,"ground, 90% lean meat / 10% fat, loaf, cooked, baked",Beef,214.0,26.62,11.1,0.0,0.0,0.0,0.347,0.0,0.12,5.228,0.171,0.037,13.0,2.89,21.0,0.01,193.0,6.65,0.003,0.00249,0.006,7.9e-05,0.0216,2
beef,"ground, 85% lean meat / 15% fat, raw",Beef,215.0,18.59,15.0,0.0,0.0,0.0,0.346,0.0,0.17,4.649,0.151,0.042,15.0,2.09,18.0,0.01,171.0,4.48,0.004,0.00217,0.006,6.7e-05,0.0158,2
beef,"ground, 85% lean meat / 15% fat, patty, cooked, broiled",Beef,250.0,25.93,15.41,0.0,0.0,0.0,0.382,0.0,0.12,5.378,0.176,0.046,18.0,2.6,21.0,0.012,198.0,6.31,0.003,0.00264,0.009,8.5e-05,0.0215,2
beef,"ground, 85% lean meat / 15% fat, patty, cooked, pan-broiled",Beef,232.0,24.62,14.02,0.0,0.0,0.0,0.367,0.0,0.13,5.778,0.177,0.043,20.0,2.68,22.0,0.012,211.0,6.2,0.003,0.00279,0.008,8.1e-05,0.0203,2
beef,"ground, 85% lean meat / 15% fat, crumbles, cooked, pan-browned",Beef,256.0,27.73,15.3,0.0,0.0,0.0,0.428,0.0,0.12,6.318,0.191,0.044,22.0,2.93,25.0,0.012,238.0,6.62,0.003,0.0028,0.01,9.3e-05,0.0216,2
beef,"ground, 85% lean meat / 15% fat, loaf, cooked, baked",Beef,233.0,25.93,14.36,0.0,0.0,0.0,0.338,0.0,0.12,4.927,0.171,0.04,18.0,2.74,20.0,0.01,186.0,6.45,0.003,0.00249,0.006,7.9e-05,0.021,2
beef,"ground, 80% lean meat / 20% fat, raw",Beef,254.0,17.17,20.0,0.0,0.0,0.0,0.323,0.0,0.17,4.227,0.151,0.043,18.0,1.94,17.0,0.01,158.0,4.18,0.004,0.00214,0.007,6.1e-05,0.015,2
beef,"ground, 80% lean meat / 20% fat, patty, cooked, broiled",Beef,270.0,25.75,17.78,0.0,0.0,0.0,0.366,0.0,0.12,5.098,0.176,0.047,24.0,2.48,20.0,0.011,194.0,6.25,0.003,0.00273,0.01,8e-05,0.0215,2
beef,"ground, 80% lean meat / 20% fat, patty, cooked, pan-broiled",Beef,246.0,24.04,15.94,0.0,0.0,0.0,0.356,0.0,0.13,5.53,0.177,0.043,26.0,2.59,21.0,0.012,205.0,6.07,0.003,0.00279,0.009,7.6e-05,0.0198999999999999,2
beef,"ground, 80% lean meat / 20% fat, crumbles, cooked, pan-browned",Beef,272.0,27.0,17.36,0.0,0.0,0.0,0.428,0.0,0.12,5.831,0.191,0.045,28.0,2.78,23.0,0.012,226.0,6.4,0.003,0.0028,0.011,8.7e-05,0.0216,2
beef,"ground, 80% lean meat / 20% fat, loaf, cooked, baked",Beef,254.0,25.25,16.17,0.0,0.0,0.0,0.329,0.0,0.12,4.627,0.171,0.044,23.0,2.58,19.0,0.009,179.0,6.24,0.003,0.00249,0.007,7.9e-05,0.0203,2
beef,"ground, 75% lean meat / 25% fat, raw",Beef,293.0,15.76,25.0,0.0,0.0,0.0,0.301,0.0,0.17,3.804,0.151,0.044,21.0,1.79,15.0,0.009,145.0,3.87,0.004,0.00211,0.008,5.6e-05,0.0143,2
beef,"ground, 75% lean meat / 25% fat, patty, cooked, broiled",Beef,279.0,25.56,18.87,0.0,0.0,0.0,0.351,0.0,0.12,4.818,0.176,0.049,30.0,2.37,20.0,0.01,189.0,6.19,0.003,0.00281,0.011,7.5e-05,0.0215,2
beef,"ground, 75% lean meat / 25% fat, patty, cooked, pan-broiled",Beef,248.0,23.45,16.44,0.0,0.0,0.0,0.344,0.0,0.13,5.282,0.177,0.043,32.0,2.5,20.0,0.012,199.0,5.95,0.003,0.00279,0.01,7.099999999999999e-05,0.0196,2
beef,"ground, 75% lean meat / 25% fat, crumbles, cooked, pan-browned",Beef,277.0,26.28,18.21,0.0,0.0,0.0,0.428,0.0,0.12,5.345,0.191,0.046,34.0,2.63,22.0,0.012,214.0,6.17,0.003,0.0028,0.012,8e-05,0.0216,2
beef,"ground, 75% lean meat / 25% fat, loaf, cooked, baked",Beef,254.0,24.56,16.5,0.0,0.0,0.0,0.32,0.0,0.12,4.327,0.171,0.047,28.0,2.43,18.0,0.009,172.0,6.04,0.003,0.00249,0.007,7.9e-05,0.0197,2
beef,"rib, small end (ribs 10-12), separable lean only, trimmed to 1/8"" fat, select, raw",Beef,134.0,22.53,4.2,0.0,0.0,0.0,0.635,0.0,0.29,6.544,0.121,0.076,22.0,1.59,23.0,0.011,209.0,3.96,0.0,0.00095,0.013,7.6e-05,0.0304,2
beef,"tenderloin, steak, separable lean only, trimmed to 1/8"" fat, select, raw",Beef,148.0,22.06,5.93,0.0,0.0,0.0,0.622,0.0,0.31,6.408,0.118,0.074,22.0,1.6,23.0,0.011,209.0,3.97,0.0,0.00093,0.013,7.6e-05,0.0305,2
beef,"top sirloin, steak, separable lean only, trimmed to 1/8"" fat, select, raw",Beef,127.0,22.27,3.54,0.0,0.0,0.0,0.628,0.0,0.28,6.469,0.12,0.075,22.0,1.61,23.0,0.011,211.0,4.0,0.0,0.00094,0.013,7.7e-05,0.0308,2
beef,"short loin, top loin, steak, separable lean only, trimmed to 1/8"" fat, select, raw",Beef,133.0,23.07,3.88,0.0,0.0,0.0,0.651,0.0,0.29,6.703,0.124,0.078,23.0,1.63,24.0,0.011,214.0,4.05,0.0,0.00098,0.013,7.8e-05,0.0312,2
beef,"rib, small end (ribs 10-12), separable lean only, trimmed to 1/8"" fat, select, cooked, broiled",Beef,188.0,30.87,6.22,0.0,0.0,0.0,0.682,0.0,0.4,9.02,0.164,0.088,22.0,1.91,27.0,0.011,253.0,5.69,0.0,0.00147,0.01,8.5e-05,0.0387999999999999,2
beef,"tenderloin, steak, separable lean only, trimmed to 1/8"" fat, select, cooked, broiled",Beef,194.0,29.07,7.76,0.0,0.0,0.0,0.642,0.0,0.4,8.494,0.154,0.083,21.0,1.81,25.0,0.011,238.0,5.37,0.0,0.00139,0.01,8e-05,0.0366,2
beef,"top sirloin, steak, separable lean only, trimmed to 1/8"" fat, select, cooked, broiled",Beef,170.0,29.34,4.96,0.0,0.0,0.0,0.648,0.0,0.37,8.574,0.155,0.084,21.0,1.81,25.0,0.011,238.0,5.37,0.0,0.0014,0.01,8e-05,0.0366,2
beef,"short loin, top loin, steak, separable lean only, trimmed to 1/8"" fat, select, cooked, grilled",Beef,177.0,29.44,5.73,0.0,0.0,0.0,0.65,0.0,0.38,8.603,0.156,0.084,21.0,1.81,25.0,0.011,239.0,5.38,0.0,0.00141,0.01,8e-05,0.0367,2
beef,"round, bottom round , roast, separable lean only, trimmed to 1/8"" fat, select, cooked, roasted",Beef,164.0,28.45,4.67,0.0,0.0,0.0,0.375,0.0,0.36,4.893,0.154,0.068,6.0,2.35,19.0,0.01,183.0,4.92,0.0,0.00146,0.01,7.9e-05,0.0356,2
beef,"round, eye of round, roast, separable lean only, trimmed to 1/8"" fat, select, cooked, roasted",Beef,163.0,29.59,4.11,0.0,0.0,0.0,0.39,0.0,0.36,5.089,0.16,0.071,6.0,2.42,20.0,0.011,188.0,5.06,0.0,0.00152,0.01,8.2e-05,0.0367,2
beef,"round, top round, steak, separable lean only, trimmed to 1/8"" fat, select, cooked, broiled",Beef,177.0,31.61,4.65,0.0,0.0,0.0,0.417,0.0,0.34,5.436,0.171,0.076,7.0,2.66,22.0,0.012,207.0,5.57,0.0,0.00162,0.011,8.999999999999999e-05,0.0404,2
beef,"round, bottom round, steak, separable lean only, trimmed to 1/8"" fat, select, cooked, braised",Beef,205.0,34.46,6.43,0.0,0.0,0.0,0.455,0.0,0.44,5.927,0.187,0.082,7.0,2.85,23.0,0.013,222.0,5.98,0.0,0.00177,0.012,9.6e-05,0.0433,2
beef,"round, bottom round, roast, separable lean only, trimmed to 1/8"" fat, all grades, raw",Beef,128.0,22.19,4.31,0.0,0.0,0.0,0.656,0.0,0.29,6.661,0.144,0.09,20.0,1.92,24.0,0.014,214.0,4.22,0.0,0.00157,0.013,9.9e-05,0.0282,2
beef,"brisket, flat half, separable lean only, trimmed to 1/8"" fat, all grades, cooked, braised",Beef,196.0,33.15,6.0,0.0,0.0,0.0,0.317,0.0,0.47,4.825,0.208,0.067,16.0,2.81,22.0,0.012,204.0,7.98,0.0,0.00242,0.011,0.000115,0.034,2
beef,"brisket, flat half, separable lean only, trimmed to 1/8"" fat, all grades, raw",Beef,127.0,21.57,3.84,0.0,0.0,0.0,0.519,0.0,0.29,4.947,0.156,0.079,16.0,1.92,23.0,0.014,202.0,5.52,0.0,0.00184,0.013,9.3e-05,0.0251,2
beef,"round, eye of round, roast, separable lean only, trimmed to 1/8"" fat, all grades, raw",Beef,124.0,22.6,3.0,0.0,0.0,0.0,0.667,0.0,0.28,6.78,0.147,0.091,20.0,1.96,25.0,0.014,219.0,4.3,0.0,0.0016,0.013,0.000101,0.0288,2
beef,"round, eye of round, roast, separable lean only, trimmed to 1/8"" fat, all grades, cooked, roasted",Beef,169.0,29.73,4.71,0.0,0.0,0.0,0.399,0.0,0.37,5.341,0.168,0.067,6.0,2.46,20.0,0.011,186.0,5.06,0.0,0.00164,0.01,7.3e-05,0.0332999999999999,2
beef,"rib, small end (ribs 10-12), separable lean only, trimmed to 1/8"" fat, all grades, raw",Beef,141.0,22.33,5.04,0.0,0.0,0.0,0.625,0.0,0.32,6.916,0.112,0.069,24.0,1.6,23.0,0.013,206.0,4.01,0.0,0.0011,0.013,7.4e-05,0.0269,2
beef,"tenderloin, steak, separable lean only, trimmed to 1/8"" fat, all grades, cooked, broiled",Beef,200.0,29.04,8.39,0.0,0.0,0.0,0.623,0.0,0.4,8.31,0.147,0.079,19.0,1.84,25.0,0.011,230.0,5.38,0.0,0.00166,0.01,8.599999999999999e-05,0.0337,2
beef,"tenderloin, steak, separable lean only, trimmed to 1/8"" fat, all grades, raw",Beef,153.0,22.12,6.52,0.0,0.0,0.0,0.619,0.0,0.32,6.851,0.111,0.068,24.0,1.6,23.0,0.013,206.0,4.01,0.0,0.00109,0.013,7.4e-05,0.0269,2
beef,"chuck, arm pot roast, separable lean only, trimmed to 1/8"" fat, all grades, cooked, braised",Beef,214.0,34.66,7.36,0.0,0.0,0.0,0.332,0.0,0.45,5.044,0.217,0.07,16.0,2.93,23.0,0.012,213.0,8.32,0.0,0.0025299999999999,0.012,0.0001199999999999,0.0354,2
beef,"chuck, arm pot roast, separable lean only, trimmed to 1/8"" fat, all grades, raw",Beef,132.0,22.11,4.19,0.0,0.0,0.0,0.532,0.0,0.28,5.069,0.16,0.081,16.0,1.93,23.0,0.014,203.0,5.55,0.0,0.00188,0.013,9.3e-05,0.0252,2
beef,"round, bottom round, roast, separable lean only, trimmed to 1/8"" fat, all grades, cooked",Beef,163.0,28.0,5.72,0.0,0.0,0.0,0.376,0.0,0.36,5.03,0.158,0.063,6.0,2.35,19.0,0.01,177.0,4.82,0.0,0.00154,0.009,7.000000000000001e-05,0.0317,2
beef,"round, bottom round, steak, separable lean only, trimmed to 1/8"" fat, all grades, cooked, braised",Beef,216.0,34.34,7.73,0.0,0.0,0.0,0.461,0.0,0.45,6.169,0.194,0.078,7.0,2.87,23.0,0.012,217.0,5.9,0.0,0.00189,0.011,8.5e-05,0.0387999999999999,2
beef,"short loin, top loin, steak, separable lean only, trimmed to 1/8"" fat, all grades, cooked, broiled",Beef,189.0,29.3,7.09,0.0,0.0,0.0,0.629,0.0,0.39,8.384,0.148,0.08,19.0,1.85,25.0,0.011,231.0,5.41,0.0,0.0016799999999999,0.01,8.599999999999999e-05,0.0339,2
beef,"short loin, top loin steak, separable lean only, trimmed to 1/8"" fat, all grades, raw",Beef,138.0,22.93,5.15,0.0,0.0,0.0,0.642,0.0,0.3,7.101,0.115,0.07,25.0,1.64,24.0,0.013,211.0,4.1,0.0,0.00113,0.013,7.6e-05,0.0275,2
beef,"round, top round, steak, separable lean only, trimmed to 1/8"" fat, all grades, cooked, broiled",Beef,185.0,31.82,5.45,0.0,0.0,0.0,0.427,0.0,0.49,5.717,0.18,0.072,7.0,2.7,21.0,0.011,204.0,5.54,0.0,0.00175,0.011,8e-05,0.0364,2
beef,"round, top round, steak, separable lean only, trimmed to 1/8"" fat, all grades, raw",Beef,135.0,22.91,4.09,0.0,0.0,0.0,0.677,0.0,0.27,6.873,0.149,0.093,20.0,1.99,25.0,0.014,222.0,4.36,0.0,0.00162,0.013,0.000102,0.0292,2
beef,"top sirloin, steak, separable lean only, trimmed to 1/8"" fat, all grades, cooked, broiled",Beef,178.0,29.42,5.84,0.0,0.0,0.0,0.631,0.0,0.38,8.42,0.149,0.08,19.0,1.87,25.0,0.011,233.0,5.46,0.0,0.0016799999999999,0.011,8.7e-05,0.0343,2
beef,"top sirloin, steak, separable lean only, trimmed to 1/8"" fat, all grades, raw",Beef,131.0,22.09,4.08,0.0,0.0,0.0,0.619,0.0,0.32,6.843,0.111,0.068,25.0,1.61,23.0,0.013,207.0,4.04,0.0,0.00109,0.013,7.5e-05,0.0271,2
beef,"chuck, arm pot roast, separable lean only, trimmed to 1/8"" fat, choice, raw",Beef,139.0,21.96,5.05,0.0,0.0,0.0,0.489,0.0,0.29,5.221,0.168,0.077,15.0,2.02,23.0,0.015,201.0,5.48,0.0,0.00211,0.013,9.1e-05,0.0245,2
beef,"brisket, flat half, separable lean only, trimmed to 1/8"" fat, choice, raw",Beef,129.0,21.69,4.06,0.0,0.0,0.0,0.483,0.0,0.29,5.158,0.166,0.076,15.0,2.04,23.0,0.015,203.0,5.53,0.0,0.00209,0.013,9.2e-05,0.0247,2
beef,"chuck, arm pot roast, separable lean only, trimmed to 1/8"" fat, choice, cooked, braised",Beef,224.0,34.72,8.37,0.0,0.0,0.0,0.344,0.0,0.46,5.243,0.231,0.07,15.0,3.04,23.0,0.012,213.0,8.2,0.0,0.00269,0.012,0.000129,0.0347,2
beef,"brisket, flat half, separable lean only, trimmed to 1/8"" fat, choice, cooked, braised",Beef,203.0,33.13,6.79,0.0,0.0,0.0,0.328,0.0,0.5,5.003,0.221,0.066,14.0,2.88,22.0,0.012,202.0,7.76,0.0,0.00257,0.011,0.000122,0.0329,2
beef,"round, eye of round, roast, separable lean only, trimmed to 1/8"" fat, choice, raw",Beef,128.0,22.88,3.38,0.0,0.0,0.0,0.672,0.0,0.29,6.958,0.165,0.096,20.0,2.12,25.0,0.014,221.0,4.28,0.0,0.00191,0.014,0.000101,0.0286,2
beef,"round, top round, steak, separable lean only, trimmed to 1/8"" fat, choice, raw",Beef,140.0,22.69,4.78,0.0,0.0,0.0,0.666,0.0,0.3,6.901,0.163,0.095,20.0,2.12,25.0,0.014,222.0,4.29,0.0,0.00189,0.013,0.000101,0.0286,2
beef,"round, bottom round, roast, separable lean only, trimmed to 1/8"" fat, choice, raw",Beef,140.0,22.22,4.96,0.0,0.0,0.0,0.653,0.0,0.3,6.757,0.16,0.093,19.0,2.06,24.0,0.014,215.0,4.16,0.0,0.00185,0.013,9.8e-05,0.0277,2
beef,"round, bottom round, roast, separable lean only, trimmed to 1/8"" fat, choice, cooked, roasted",Beef,179.0,27.56,6.77,0.0,0.0,0.0,0.385,0.0,0.37,5.294,0.172,0.057,6.0,2.43,19.0,0.009,174.0,4.82,0.0,0.00163,0.009,6.500000000000001e-05,0.0314,2
beef,"round, eye of round, roast, separable lean only, trimmed to 1/8"" fat, choice, cooked, roasted",Beef,175.0,29.87,5.3,0.0,0.0,0.0,0.417,0.0,0.38,5.74,0.187,0.062,6.0,2.61,20.0,0.01,187.0,5.16,0.0,0.00176,0.01,6.900000000000001e-05,0.0337,2
beef,"round, top round, steak, separable lean only, trimmed to 1/8"" fat, choice, cooked, broiled",Beef,193.0,32.04,6.25,0.0,0.0,0.0,0.447,0.0,0.41,6.156,0.2,0.067,7.0,2.84,22.0,0.011,203.0,5.62,0.0,0.00189,0.011,7.5e-05,0.0366,2
beef,"round, bottom round, steak, separable lean only, trimmed to 1/8"" fat, choice, cooked, braised",Beef,228.0,34.22,9.02,0.0,0.0,0.0,0.478,0.0,0.46,6.575,0.214,0.071,7.0,3.01,23.0,0.012,215.0,5.95,0.0,0.00202,0.011,8e-05,0.0387999999999999,2
beef,"rib, small end (ribs 10-12), separable lean only, trimmed to 1/8"" fat, choice, raw",Beef,148.0,22.12,5.91,0.0,0.0,0.0,0.607,0.0,0.33,7.491,0.108,0.061,28.0,1.63,23.0,0.014,204.0,4.13,0.0,0.0012,0.013,7.199999999999999e-05,0.0255,2
beef,"tenderloin, steak, separable lean only, trimmed to 1/8"" fat, choice, raw",Beef,158.0,22.17,7.07,0.0,0.0,0.0,0.607,0.0,0.33,7.491,0.108,0.061,28.0,1.63,23.0,0.014,204.0,4.13,0.0,0.0012,0.013,7.199999999999999e-05,0.0254,2
beef,"top sirloin, steak, separable lean only, trimmed to 1/8"" fat, choice, raw",Beef,135.0,21.91,4.62,0.0,0.0,0.0,0.601,0.0,0.33,7.42,0.107,0.061,28.0,1.63,23.0,0.014,205.0,4.14,0.0,0.0011899999999999,0.013,7.3e-05,0.0255,2
beef,"rib, small end (ribs 10-12), separable lean only, trimmed to 1/8""fat, choice, cooked, broiled",Beef,202.0,28.29,9.05,0.0,0.0,0.0,0.589,0.0,0.42,8.347,0.145,0.075,16.0,1.92,24.0,0.011,219.0,5.31,0.0,0.00177,0.009,8.9e-05,0.0325,2
beef,"short loin, top loin, steak, separable lean only, trimmed to 1/8"" fat, choice, raw",Beef,155.0,22.78,6.43,0.0,0.0,0.0,0.625,0.0,0.41,7.713,0.112,0.063,29.0,1.66,24.0,0.015,208.0,4.22,0.0,0.00124,0.013,7.4e-05,0.026,2
beef,"tenderloin, steak, separable lean only, trimmed to 1/8"" fat, choice, cooked, broiled",Beef,206.0,29.01,9.1,0.0,0.0,0.0,0.604,0.0,0.41,8.559,0.149,0.077,16.0,1.95,24.0,0.011,223.0,5.4,0.0,0.00181,0.01,9.1e-05,0.033,2
beef,"top sirloin, steak, separable lean only, trimmed to 1/8"" fat, choice, cooked, broiled",Beef,187.0,29.51,6.72,0.0,0.0,0.0,0.548,0.0,0.39,7.77,0.135,0.07,17.0,2.01,25.0,0.011,231.0,5.58,0.0,0.00164,0.009,9.4e-05,0.0341,2
beef,"short loin, top loin, steak, separable lean only, trimmed to 1/8"" fat, choice, cooked, broiled",Beef,201.0,29.16,8.45,0.0,0.0,0.0,0.607,0.0,0.41,8.604,0.149,0.077,16.0,1.97,25.0,0.011,226.0,5.47,0.0,0.00182,0.01,9.2e-05,0.0334,2
beef,"chuck, arm pot roast, separable lean only, trimmed to 1/8"" fat, select, raw",Beef,125.0,22.26,3.32,0.0,0.0,0.0,0.556,0.0,0.28,4.908,0.146,0.085,18.0,1.86,23.0,0.012,204.0,5.68,0.0,0.00177,0.013,9.4e-05,0.0276,2
beef,"brisket, flat half, separable lean only, trimmed to 1/8"" fat, select, raw",Beef,124.0,21.45,3.61,0.0,0.0,0.0,0.536,0.0,0.27,4.731,0.14,0.082,18.0,1.83,22.0,0.012,200.0,5.57,0.0,0.00171,0.013,9.2e-05,0.0271,2
beef,"chuck, arm pot roast, separable lean only, trimmed to 1/8"" fat, select, cooked, braised",Beef,205.0,34.6,6.35,0.0,0.0,0.0,0.321,0.0,0.43,5.007,0.213,0.073,17.0,2.89,23.0,0.012,215.0,8.43,0.0,0.00233,0.012,0.000113,0.0394,2
beef,"brisket, flat half, separable lean only, trimmed to 1/8"" fat, select, cooked, braised",Beef,189.0,33.18,5.21,0.0,0.0,0.0,0.308,0.0,0.41,4.801,0.204,0.07,17.0,2.81,22.0,0.012,209.0,8.19,0.0,0.00224,0.011,0.0001089999999999,0.0382999999999999,2
beef,"round, eye of round, roast, separable lean only, trimmed to 1/8"" fat, select, raw",Beef,119.0,22.31,2.62,0.0,0.0,0.0,0.655,0.0,0.28,6.637,0.142,0.091,22.0,1.92,25.0,0.014,219.0,4.46,0.0,0.0013,0.013,0.000104,0.0311,2
beef,"round, top round, steak, separable lean only, trimmed to 1/8"" fat, select, raw",Beef,129.0,23.13,3.37,0.0,0.0,0.0,0.679,0.0,0.29,6.879,0.147,0.095,22.0,1.97,25.0,0.014,224.0,4.57,0.0,0.00135,0.014,0.000107,0.0319,2
beef,"round, bottom round, roast, separable lean only, trimmed to 1/8"" fat, select, raw",Beef,128.0,22.18,3.66,0.0,0.0,0.0,0.652,0.0,0.29,6.598,0.141,0.091,21.0,1.9,24.0,0.014,217.0,4.42,0.0,0.0013,0.013,0.000103,0.0308,2
beef,"rib, small end (ribs 10-12), separable lean only, trimmed to 1/8"" fat, all grades, cooked, broiled",Beef,195.0,29.58,7.63,0.0,0.0,0.0,0.635,0.0,0.38,8.464,0.15,0.081,19.0,1.88,25.0,0.011,235.0,5.49,0.0,0.0016899999999999,0.01,8.7e-05,0.0344,2
beef,"variety meats and by-products, tripe, cooked, simmered",Beef,94.0,11.71,4.05,1.99,0.0,0.0,0.0,0.0,0.14,0.461,0.025,0.0,81.0,0.66,15.0,0.103,66.0,1.71,0.0,0.0007199999999999,0.003,0.0,0.0118,0
beef,"bottom sirloin, tri-tip roast, separable lean only, trimmed to 0"" fat, all grades, raw",Beef,142.0,21.26,5.63,0.0,0.0,0.0,0.595,0.0,0.29,6.585,0.107,0.065,23.0,1.54,22.0,0.012,198.0,3.85,0.0,0.00104,0.013,7.199999999999999e-05,0.0259,2
beef,"bottom sirloin, tri-tip roast, separable lean only, trimmed to 0"" fat, choice, cooked, roasted",Beef,193.0,26.34,9.73,0.0,0.0,0.0,0.548,0.0,0.39,7.77,0.135,0.07,15.0,1.77,22.0,0.01,202.0,4.9,0.0,0.00164,0.009,8.2e-05,0.0299,2
beef,"bottom sirloin, tri-tip roast, separable lean only, trimmed to 0"" fat, choice, raw",Beef,154.0,21.17,7.06,0.0,0.0,0.0,0.581,0.0,0.31,7.17,0.104,0.059,27.0,1.54,22.0,0.013,193.0,3.92,0.0,0.00115,0.013,6.900000000000001e-05,0.0241,2
beef,"bottom sirloin, tri-tip roast, separable lean only, trimmed to 0"" fat, select, cooked, roasted",Beef,179.0,27.17,6.95,0.0,0.0,0.0,0.6,0.0,0.37,7.939,0.144,0.078,20.0,1.68,24.0,0.01,222.0,5.0,0.0,0.0013,0.009,7.4e-05,0.0341,2
beef,"bottom sirloin, tri-tip roast, separable lean only, trimmed to 0"" fat, select, raw",Beef,129.0,21.34,4.21,0.0,0.0,0.0,0.602,0.0,0.28,6.201,0.115,0.072,22.0,1.55,23.0,0.011,204.0,3.85,0.0,0.0009,0.012,7.4e-05,0.0297,2
beef,"round, tip round, roast, separable lean only, trimmed to 0"" fat, all grades, raw",Beef,126.0,21.07,3.95,0.0,0.0,0.0,0.612,0.0,0.27,6.217,0.135,0.084,18.0,1.77,22.0,0.013,198.0,3.89,0.0,0.00147,0.012,9.1e-05,0.026,2
beef,"round, tip round, roast, separable lean only, trimmed to 0"" fat, choice, raw",Beef,130.0,20.76,4.55,0.0,0.0,0.0,0.61,0.0,0.28,6.314,0.149,0.087,18.0,1.92,23.0,0.013,200.0,3.87,0.0,0.00173,0.012,9.1e-05,0.0258,2
beef,"round, tip round, roast, separable lean only, trimmed to 0"" fat, select, raw",Beef,122.0,21.38,3.35,0.0,0.0,0.0,0.628,0.0,0.27,6.359,0.136,0.088,20.0,1.78,23.0,0.013,203.0,4.13,0.0,0.00125,0.012,9.7e-05,0.0288,2
beef,"flank, steak, separable lean only, trimmed to 0"" fat, all grades, cooked, broiled",Beef,186.0,27.89,7.4,0.0,0.0,0.0,0.599,0.0,0.38,7.981,0.141,0.076,18.0,1.74,23.0,0.01,217.0,5.09,0.0,0.0016,0.009,8.1e-05,0.0319,2
beef,"flank, steak, separable lean only, trimmed to 0"" fat, select, cooked, broiled",Beef,178.0,27.96,6.48,0.0,0.0,0.0,0.618,0.0,0.37,8.171,0.148,0.08,20.0,1.71,24.0,0.01,226.0,5.09,0.0,0.00134,0.009,7.6e-05,0.0347,2
beef,"flank, steak, separable lean only, trimmed to 0"" fat, all grades, raw",Beef,141.0,21.57,5.47,0.0,0.0,0.0,0.604,0.0,0.3,6.683,0.108,0.066,24.0,1.57,23.0,0.013,202.0,3.94,0.0,0.00106,0.013,7.3e-05,0.0264,2
beef,"flank, steak, separable lean only, trimmed to 0"" fat, select, raw",Beef,137.0,21.43,5.0,0.0,0.0,0.0,0.605,0.0,0.29,6.227,0.115,0.072,21.0,1.54,22.0,0.011,202.0,3.83,0.0,0.00091,0.013,7.3e-05,0.0295,2
beef,"brisket, flat half, separable lean and fat, trimmed to 1/8"" fat, choice, raw",Beef,278.0,18.12,22.15,0.12,0.0,0.0,0.403,0.0,0.44,4.098,0.135,0.06,15.0,1.68,19.0,0.012,166.0,4.42,0.0,0.0016899999999999,0.01,7.9e-05,0.0193,2
beef,"brisket, flat half, separable lean and fat, trimmed to 1/8"" fat, select, raw",Beef,276.0,17.77,22.21,0.0,0.0,0.0,0.446,0.0,0.43,3.984,0.124,0.07,17.0,1.5,18.0,0.009,164.0,4.23,0.0,0.00138,0.009,7.5e-05,0.0193999999999999,2
beef,"brisket, flat half, separable lean and fat, trimmed to 1/8"" fat, choice, cooked, braised",Beef,298.0,28.66,19.47,0.0,0.0,0.0,0.278,0.0,0.52,4.001,0.183,0.054,16.0,2.46,18.0,0.01,171.0,6.47,0.0,0.00233,0.009,0.0001089999999999,0.0261999999999999,2
snacks,"popcorn, microwave, 94% fat free",Snacks,402.0,10.72,6.1,76.04,0.65,13.6,0.21,0.0,0.41,2.099,0.151,0.07,14.0,2.87,124.0,1.085,304.0,2.8,0.013,0.0,0.018,0.000262,0.0069,3
snacks,"popcorn, microwave, low fat",Snacks,424.0,12.6,9.5,72.0,0.92,14.2,0.17,0.0,0.5,2.07,0.11,0.35,11.0,2.28,151.0,0.0,264.0,3.83,0.012,0.0,0.017,0.000545,0.0086,3
snacks,"candy rolls, yogurt-covered, fruit flavored with high vitamin C",Snacks,359.0,0.46,6.53,74.64,39.15,3.3,0.026,260.8,0.41,0.1,0.025,0.015,430.0,0.56,9.0,0.082,18.0,0.19,0.0,0.0,0.002,0.000114,0.0012,1
formulated bar,"MARS SNACKFOOD US, SNICKERS MARATHON Chewy Chocolate Peanut Bar",Snacks,396.0,24.29,13.12,47.24,32.86,2.5,3.636,144.4,24.55,36.364,3.091,2.727,965.0,0.0,255.0,0.0,455.0,9.55,0.0,0.01091,1.236,0.0,0.0,1
formulated bar,"MARS SNACKFOOD US, SNICKERS MARATHON MULTIGRAIN CRUNCH BAR",Snacks,422.0,18.49,13.18,57.27,33.04,2.8,3.636,144.3,24.57,36.364,3.091,2.727,953.0,14.67,255.0,0.0,455.0,9.55,0.0,0.01091,1.236,0.0,0.0,1
formulated bar,"MARS SNACKFOOD US, SNICKERS MARATHON Double Chocolate Nut Bar",Snacks,343.0,22.35,8.99,52.47,22.67,10.5,4.525,176.2,30.5,45.249,0.0,0.0,1495.0,17.95,317.0,0.0,566.0,13.57,0.0,0.01357,1.538,0.0,0.0,3
snacks,"M&M MARS, KUDOS Whole Grain Bars, peanut butter",Snacks,463.0,5.88,20.78,64.69,44.29,2.6,0.0,0.3,0.0,0.0,0.0,0.0,871.0,0.89,0.0,0.0,0.0,0.0,0.0,0.0,0.0,0.0,0.0,1
formulated bar,"MARS SNACKFOOD US, SNICKERS MARATHON Honey Nut Oat Bar",Snacks,378.0,22.5,7.87,54.3,26.26,11.0,4.525,176.4,30.5,45.249,3.846,3.394,0.0,18.15,317.0,0.0,0.0,11.88,0.0,0.01357,1.537,0.000452,0.0,3
snacks,"M&M MARS, KUDOS Whole Grain Bar, M&M's milk chocolate",Snacks,415.0,3.78,11.95,73.01,37.81,2.4,0.0,0.2,0.0,0.0,0.0,0.0,943.0,0.85,0.0,0.0,0.0,0.0,0.0,0.0,0.0,0.0,0.0,1
formulated bar,"MARS SNACKFOOD US, COCOAVIA, Chocolate Almond Snack Bar",Snacks,347.0,7.72,14.19,51.68,27.03,5.2,0.909,42.5,0.0,0.0,0.0,0.0,1209.0,2.21,0.0,0.0,0.0,0.0,0.0,0.00273,0.309,0.0,0.0,1
snacks,"sweet potato chips, unsalted",Snacks,532.0,2.94,32.35,56.82,8.82,8.8,0.535,0.0,9.82,2.088,0.161,0.088,59.0,2.12,65.0,1.349,145.0,0.53,1.184,0.0,0.037,0.000412,0.0021,3
snacks,"FRITOLAY, SUNCHIPS, Multigrain Snack, original flavor",Snacks,491.0,7.95,21.11,67.26,7.2,8.8,0.2,0.0,7.04,2.1,0.02,0.14,20.0,1.74,76.0,1.31,222.0,1.65,0.003,0.0,0.031,0.000227,0.0121999999999999,3
snacks,"popcorn, microwave, regular (butter) flavor, made with partially hydrogenated oil",Snacks,557.0,7.5,34.02,55.16,0.55,10.0,0.282,0.1,2.62,1.432,0.046,0.032,20.0,1.85,94.0,0.771,251.0,2.16,0.022,0.0,0.015,0.000188,0.0040999999999999,3
formulated bar,"MARS SNACKFOOD US, SNICKERS MARATHON Protein Performance Bar, Caramel Nut Rush",Snacks,415.0,25.0,12.5,50.5,28.75,12.5,2.5,75.0,16.88,25.0,2.125,1.875,625.0,10.13,175.0,1.322,375.0,6.56,0.652,0.0075,0.85,0.000977,0.0039,3
formulated bar,"MARS SNACKFOOD US, SNICKERS MARATHON Energy Bar, all flavors",Snacks,386.0,21.91,10.79,50.3,28.71,6.7,4.525,489.9,27.53,45.249,3.343,2.949,754.0,16.31,317.0,1.058,455.0,11.88,0.062,0.01224,1.102,0.000452,0.0045,3
formulated bar,"POWER BAR, chocolate",Snacks,363.0,14.15,3.11,69.63,30.07,5.7,2.2,92.3,8.28,32.6,1.92,8.06,504.0,11.7,248.0,1.61,614.0,9.96,0.0,0.0056,1.046,0.0014299999999999,0.0078,1
formulated bar,"MARS SNACKFOOD US, COCOAVIA, Chocolate Blueberry Snack Bar",Snacks,325.0,6.21,9.27,57.87,33.4,4.6,1.364,42.4,0.0,0.0,0.0,0.0,1207.0,1.88,0.0,0.0,0.0,0.0,0.0,0.00409,0.464,0.0,0.0,1
formulated bar,"SLIM-FAST OPTIMA meal bar, milk chocolate peanut",Snacks,386.0,16.19,8.92,60.21,25.0,5.1,2.1,96.6,6.0,21.2,1.9,1.7,668.0,4.98,250.0,0.743,673.0,5.73,0.94,0.0079,0.725,0.0002839999999999,0.0467,3
formulated bar,"LUNA BAR, NUTZ OVER CHOCOLATE",Snacks,403.0,20.75,12.19,52.49,16.9,4.3,2.4,68.0,8.4,37.1,3.0,0.12,886.0,14.2,329.0,2.59,785.0,9.72,0.374,0.0064,1.773,0.00141,0.0625,3
snacks,"FRITOLAY, SUNCHIPS, multigrain, French onion flavor",Snacks,496.0,8.68,22.15,65.49,8.82,7.8,0.289,0.9,0.0,2.399,0.018,0.187,42.0,1.55,67.0,0.0,215.0,1.38,0.0,0.0,0.0,0.0,0.0,3
snacks,"FRITOLAY, SUNCHIPS, Multigrain Snack, Harvest Cheddar flavor",Snacks,491.0,8.08,22.22,64.7,7.05,8.1,0.269,0.9,0.0,1.975,0.12,0.169,41.0,1.41,61.0,0.0,245.0,1.34,0.022,0.0,0.0,0.0,0.0,3
pretzels,"soft, unsalted",Snacks,345.0,8.2,3.1,71.04,0.25,1.7,0.02,0.0,0.54,4.27,0.29,0.41,23.0,3.92,21.0,0.0,79.0,0.94,0.0,0.0,0.024,0.000126,0.0172,3
snacks,"soy chips or crisps, salted",Snacks,385.0,26.5,7.35,53.15,1.8,3.5,0.513,0.0,1.01,2.978,0.349,0.333,171.0,5.2,170.0,2.039,7.0,1.5,0.0,0.0,0.24,0.002456,0.0121,3
popcorn,"microwave, regular (butter) flavor, made with palm oil",Snacks,535.0,8.38,30.22,57.26,0.3,10.0,0.31,0.0,2.91,1.615,0.06,0.047,23.0,2.06,110.0,0.772,275.0,2.32,0.009,0.0,0.015,0.000204,0.0059,3
snacks,"plantain chips, salted",Snacks,531.0,2.28,29.59,63.84,0.92,3.5,0.46,32.1,5.04,0.802,0.04,0.065,9.0,0.97,71.0,0.276,78.0,0.37,0.069,0.0,0.035,0.000198,0.0004,3
tortilla chips,"yellow, plain, salted",Snacks,497.0,6.62,22.33,67.38,1.21,4.7,0.202,0.0,2.97,1.498,0.043,0.13,104.0,1.32,84.0,0.357,234.0,1.46,0.008,0.0,0.022,0.0001049999999999,0.0084,3
snacks,"vegetable chips, HAIN CELESTIAL GROUP, TERRA CHIPS",Snacks,517.0,4.13,29.81,57.97,9.75,10.9,0.53,12.1,8.16,1.768,0.131,0.227,79.0,1.64,86.0,1.205,198.0,1.15,0.097,0.0,0.087,0.000433,0.0032,3
formulated bar,"ZONE PERFECT CLASSIC CRUNCH BAR, mixed flavors",Snacks,422.0,30.0,14.0,45.0,27.0,2.0,2.0,120.0,24.0,20.0,1.7,0.75,200.0,3.6,80.0,0.846,300.0,7.5,1.05,0.0042,0.272,0.000774,0.0039,1
snacks,"granola bar, KASHI GOLEAN, chewy, mixed flavors",Snacks,390.0,16.67,7.69,63.42,42.31,7.7,0.095,0.4,0.81,0.68,0.151,0.135,103.0,1.62,321.0,0.562,255.0,1.4,0.017,0.00016,0.039,0.000382,0.0113,1
snacks,"granola bar, KASHI TLC Bar, chewy, mixed flavors",Snacks,429.0,18.57,15.71,53.26,17.14,11.4,0.063,0.0,7.14,1.158,0.289,0.115,0.0,3.39,107.0,0.779,271.0,1.6,0.002,0.0,0.046,0.000506,0.0091,3
snacks,"granola bar, KASHI GOLEAN, crunchy, mixed flavors",Snacks,393.0,17.88,9.23,59.58,27.3,5.9,1.073,19.3,10.27,1.888,0.179,0.259,434.0,5.2,86.0,1.108,263.0,4.83,0.05,0.00322,0.264,0.00079,0.0060999999999999,3
snacks,"granola bar, chewy, reduced sugar, all flavors",Snacks,412.0,5.55,12.5,69.4,20.8,3.1,0.089,0.1,1.52,1.049,0.116,0.19,417.0,2.03,48.0,1.133,159.0,1.34,0.0,8.999999999999999e-05,0.017,0.000163,0.0057,3
snacks,"granola bites, mixed flavors",Snacks,451.0,7.17,17.5,66.27,30.0,5.7,0.143,0.2,2.51,2.318,0.146,0.199,41.0,1.56,69.0,1.682,216.0,1.92,0.002,7.000000000000001e-05,0.038,0.000247,0.02,1
snacks,"pita chips, salted",Snacks,457.0,11.79,15.2,68.26,4.76,3.8,0.109,0.0,6.93,7.043,0.307,0.56,17.0,4.59,37.0,0.656,124.0,0.96,0.0,0.0,0.215,0.0001409999999999,0.0331,3
snacks,"granola bars, soft, almond, confectioners coating",Snacks,455.0,8.6,20.0,60.13,34.0,4.3,0.072,0.2,7.6,1.318,0.36,0.102,136.0,1.49,95.0,0.933,192.0,1.41,0.005,0.00014,0.018,0.000337,0.0065,1
snacks,"granola bars, QUAKER OATMEAL TO GO, all flavors",Snacks,389.0,6.67,6.67,75.47,31.54,4.6,0.667,0.9,2.25,6.667,0.567,0.5,333.0,6.0,69.0,1.547,167.0,1.42,0.236,8e-05,0.113,0.0001729999999999,0.016,1
snacks,"vegetable chips, made from garden vegetables",Snacks,473.0,5.32,23.3,60.43,4.04,4.7,0.545,4.9,4.84,2.767,0.059,0.133,52.0,1.55,53.0,0.275,130.0,0.5,0.009,0.0,0.016,0.000232,0.001,3
snacks,"granola bar, KASHI TLC Bar, crunchy, mixed flavors",Snacks,446.0,15.0,15.0,62.78,20.0,10.0,0.536,0.0,2.3,2.403,0.163,0.486,0.0,2.7,97.0,3.137,333.0,2.86,0.001,0.0,0.081,0.000678,0.0189,3
snacks,"candy bits, yogurt covered with vitamin C",Snacks,415.0,0.0,7.5,86.9,65.0,0.2,0.069,180.0,0.6,0.173,0.343,0.079,500.0,0.19,23.0,0.021,190.0,0.86,0.001,0.00076,0.01,2.1e-05,0.006,1
formulated bar,"high fiber, chewy, oats and chocolate",Snacks,350.0,5.0,10.0,69.78,25.0,22.5,0.963,1.2,1.47,7.903,0.091,0.688,250.0,0.9,190.0,3.407,419.0,1.96,0.0,0.0,0.043,0.000262,0.0089,3
snacks,"bagel chips, plain",Snacks,451.0,12.34,15.14,66.36,6.02,4.1,0.117,0.0,0.81,7.66,0.337,0.523,24.0,5.05,39.0,0.672,131.0,1.0,0.0,0.0,0.22,0.000167,0.0362,3
snacks,NUTRI-GRAIN FRUIT AND NUT BAR,Snacks,403.0,9.38,10.93,66.72,32.45,7.5,0.612,0.2,3.72,6.442,0.616,0.465,65.0,5.65,105.0,1.441,290.0,3.28,0.267,0.00116,0.203,0.0004359999999999,0.0113,1
snacks,"yucca (cassava) chips, salted",Snacks,515.0,1.34,25.91,69.23,3.36,3.7,0.13,0.0,2.78,1.197,0.027,0.05,52.0,0.72,46.0,0.282,99.0,0.85,0.0,0.0,0.0,0.000115,0.0049,3
snacks,"CLIF BAR, mixed flavors",Snacks,346.0,14.71,5.88,65.44,31.62,7.4,0.588,88.2,0.24,4.412,0.375,0.551,368.0,6.62,147.0,2.146,294.0,4.41,0.001,0.00132,0.118,0.000441,0.0206,1
snacks,"granola bar, QUAKER, chewy, 90 Calorie Bar",Snacks,408.0,4.17,8.33,79.17,29.17,4.2,0.122,0.5,2.23,1.064,0.076,0.189,333.0,1.5,71.0,1.389,152.0,1.23,0.003,3e-05,0.017,0.000307,0.0101,1
snacks,"granola bar, GENERAL MILLS NATURE VALLEY, SWEET&SALTY NUT, peanut",Snacks,487.0,9.14,22.86,61.14,33.14,2.9,0.32,0.3,6.89,3.413,0.528,0.357,57.0,1.44,102.0,1.157,272.0,1.77,0.142,0.00025,0.078,0.000339,0.01,1
snacks,"granola bar, GENERAL MILLS, NATURE VALLEY, with yogurt coating",Snacks,423.0,5.71,11.43,74.29,40.0,4.4,0.708,0.0,1.7,7.302,0.542,0.905,286.0,1.03,62.0,1.297,191.0,1.58,0.475,1e-05,0.205,0.0001729999999999,0.0123,1
snacks,"granola bar, GENERAL MILLS, NATURE VALLEY, CHEWY TRAIL MIX",Snacks,415.0,5.71,11.43,72.27,42.86,3.8,0.52,0.1,2.66,5.443,0.391,0.64,116.0,8.71,63.0,1.057,168.0,1.35,0.302,0.0,0.142,0.000226,0.0105,1
snacks,"granola bar, QUAKER, DIPPS, all flavors",Snacks,480.0,7.52,20.42,64.96,37.61,3.2,0.115,0.3,4.19,1.007,0.097,0.132,65.0,1.16,55.0,1.138,162.0,1.2,0.004,6e-05,0.012,0.000217,0.0146,1
snacks,brown rice chips,Snacks,384.0,8.2,2.8,81.5,0.6,4.2,0.15,0.0,6.54,7.806,0.165,0.061,11.0,1.49,131.0,3.73,360.0,3.0,0.0,0.0,0.021,0.000445,0.0246,3
snack,"Pretzel, hard chocolate coated",Snacks,467.0,7.05,17.64,70.07,38.8,3.5,0.031,0.0,0.62,2.398,0.317,0.36,141.0,2.54,35.0,0.452,128.0,1.33,0.025,0.00032,0.114,0.000262,0.0145,1
snack,Mixed Berry Bar,Snacks,383.0,13.16,10.53,58.84,26.32,7.9,0.116,0.6,0.29,0.858,0.285,0.283,105.0,1.89,91.0,1.963,343.0,2.64,0.027,0.00051,0.028,0.000244,0.0198,3
snacks,"potato chips, made from dried potatoes (preformed), multigrain",Snacks,505.0,5.3,24.74,65.34,4.08,2.7,0.252,0.7,9.08,2.558,0.085,0.132,26.0,0.85,40.0,0.761,127.0,0.91,0.0,0.0,0.016,0.0001409999999999,0.0084,3
snacks,"potato chips, lightly salted",Snacks,560.0,6.72,35.39,53.54,0.34,4.2,0.651,27.3,7.72,5.476,0.173,0.158,24.0,1.43,62.0,0.478,148.0,1.51,0.0,0.0,0.058,0.000299,0.0078,3
soup,"egg drop, Chinese restaurant","Soups, Sauces, and Gravies",27.0,1.16,0.61,4.29,0.09,0.4,0.02,6.5,0.13,0.156,0.019,0.019,7.0,0.26,2.0,0.011,15.0,0.09,0.02,3e-05,0.007,1.9e-05,0.0004,0
soup,"hot and sour, Chinese restaurant","Soups, Sauces, and Gravies",39.0,2.58,1.21,4.35,0.42,0.5,0.064,0.0,0.39,0.507,0.031,0.026,19.0,0.64,9.0,0.085,32.0,0.22,0.009,0.0001,0.008,2.6e-05,0.0004,0
soup,"wonton, Chinese restaurant","Soups, Sauces, and Gravies",32.0,2.08,0.26,5.25,0.34,0.2,0.076,0.7,0.06,0.58,0.016,0.024,5.0,0.21,3.0,0.034,18.0,0.12,0.001,8.999999999999999e-05,0.018,2.4e-05,0.0011,0
campbell's chunky soups,"HEALTHY REQUEST Microwavable Bowls, Chicken Noodle Soup","Soups, Sauces, and Gravies",49.0,2.86,1.02,6.94,0.41,0.4,0.0,1.0,0.0,0.0,0.0,0.0,8.0,0.29,0.0,0.0,0.0,0.0,0.0,0.0,0.0,0.0,0.0,0
campbell's chunky soups,"HEALTHY REQUEST Microwavable Bowls, Grilled Chicken & Sausage Gumbo Soup","Soups, Sauces, and Gravies",53.0,2.86,1.22,7.35,1.63,0.8,0.0,2.4,0.0,0.0,0.0,0.0,16.0,0.29,0.0,0.0,0.0,0.0,0.0,0.0,0.0,0.0,0.0,0
campbell's chunky soups,HEALTHY REQUEST New England Clam Chowder,"Soups, Sauces, and Gravies",53.0,2.04,1.22,8.16,0.82,0.8,0.0,0.0,0.0,0.0,0.0,0.0,41.0,0.29,0.0,0.0,0.0,0.0,0.0,0.0,0.0,0.0,0.0,0
campbell's red and white,"Chicken Barley with Mushrooms Soup, condensed","Soups, Sauces, and Gravies",71.0,3.17,1.19,12.7,1.59,2.4,0.0,0.0,0.0,0.0,0.0,0.0,0.0,0.0,0.0,0.0,0.0,0.0,0.0,0.0,0.0,0.0,0.0,0
campbell's red and white,"Italian Style Wedding Soup, condensed","Soups, Sauces, and Gravies",71.0,3.17,1.98,9.52,1.59,2.4,0.0,0.0,0.0,0.0,0.0,0.0,32.0,0.57,0.0,0.0,0.0,0.0,0.0,0.0,0.0,0.0,0.0,0
campbell's red and white,"PHINEAS and FERB Soup, condensed","Soups, Sauces, and Gravies",56.0,2.38,1.59,8.73,0.79,0.8,0.0,0.0,0.0,0.0,0.0,0.0,16.0,0.57,0.0,0.0,0.0,0.0,0.0,0.0,0.0,0.0,0.0,0
campbell's homestyle microwaveable bowls,HEALTHY REQUEST Italian Wedding Soup,"Soups, Sauces, and Gravies",41.0,2.45,1.02,5.31,1.63,0.8,0.0,0.0,0.0,0.0,0.0,0.0,16.0,0.29,0.0,0.0,0.0,0.0,0.0,0.0,0.0,0.0,0.0,0
campbell's homestyle microwaveable bowls,HEALTHY REQUEST Mexican Style Tortilla,"Soups, Sauces, and Gravies",53.0,2.86,1.02,7.76,1.22,1.2,0.0,0.5,0.0,0.0,0.0,0.0,16.0,0.44,0.0,0.0,0.0,0.0,0.0,0.0,0.0,0.0,0.0,0
campbell's homestyle harvest tomato with basil soup,No_descr,"Soups, Sauces, and Gravies",45.0,0.82,0.41,9.39,6.53,0.8,0.0,7.3,0.0,0.0,0.0,0.0,8.0,0.29,0.0,0.0,0.0,0.0,0.0,0.0,0.0,0.0,0.0,0
campbell's homestyle healthy request chicken with whole grain pasta soup,No_descr,"Soups, Sauces, and Gravies",40.0,3.8,0.82,4.28,0.32,0.7,0.0,0.0,0.0,1.82,0.019,0.015,11.0,0.31,9.0,0.054,45.0,0.2,0.0,0.0,0.0,2.5e-05,0.005,0
campbell's soup on the go,HEALTHY REQUEST Chicken with Mini Noodles Soup,"Soups, Sauces, and Gravies",20.0,0.98,0.66,2.62,0.66,0.7,0.0,0.0,0.0,0.0,0.0,0.0,7.0,0.12,0.0,0.0,0.0,0.0,0.0,0.0,0.0,0.0,0.0,0
campbell's soup on the go,HEALTHY REQUEST Classic Tomato Soup,"Soups, Sauces, and Gravies",39.0,0.98,0.0,9.18,5.57,0.7,0.0,11.8,0.0,0.0,0.0,0.0,7.0,0.24,0.0,0.0,0.0,0.0,0.0,0.0,0.0,0.0,0.0,0
pace,Pico De Gallo,"Soups, Sauces, and Gravies",31.0,0.0,0.0,9.38,6.25,0.0,0.0,3.8,0.0,0.0,0.0,0.0,0.0,0.0,0.0,0.0,0.0,0.0,0.0,0.0,0.0,0.0,0.0,0
pace,Salsa Verde,"Soups, Sauces, and Gravies",47.0,0.0,1.56,6.25,6.25,0.0,0.0,3.8,0.0,0.0,0.0,0.0,0.0,0.0,0.0,0.0,0.0,0.0,0.0,0.0,0.0,0.0,0.0,0
pace,Tequila Lime Salsa,"Soups, Sauces, and Gravies",47.0,0.0,0.0,9.38,6.25,0.0,0.0,7.5,0.0,0.0,0.0,0.0,0.0,0.0,0.0,0.0,0.0,0.0,0.0,0.0,0.0,0.0,0.0,0
pace,Triple Pepper Salsa,"Soups, Sauces, and Gravies",47.0,3.13,0.0,9.38,6.25,3.1,0.0,7.5,0.0,0.0,0.0,0.0,0.0,0.0,0.0,0.0,0.0,0.0,0.0,0.0,0.0,0.0,0.0,0
campbell's red and white,"Lentil Soup, condensed","Soups, Sauces, and Gravies",111.0,6.35,0.79,19.05,1.59,4.0,0.0,0.0,0.0,0.0,0.0,0.0,32.0,2.14,0.0,0.0,0.0,0.0,0.0,0.0,0.0,0.0,0.0,0
prego pasta,"Heart Smart- Traditional Sauce, ready-to-serve","Soups, Sauces, and Gravies",54.0,1.54,1.15,10.0,7.7,2.3,0.0,1.8,0.0,0.0,0.0,0.0,15.0,0.55,0.0,0.0,0.0,0.0,0.0,0.0,0.0,0.0,0.0,0
campbell's,"98% Fat Free Cream of Mushroom Soup, condensed","Soups, Sauces, and Gravies",53.0,1.1,1.98,7.63,0.25,1.2,0.0,0.1,0.0,0.0,0.0,0.0,8.0,0.31,21.0,0.0,27.0,0.18,0.0,0.0,0.0,0.0,0.0,0
soup,"ramen noodle, dry, any flavor, reduced fat, reduced sodium","Soups, Sauces, and Gravies",350.0,10.89,2.5,70.95,0.85,2.7,0.065,1.2,0.24,4.906,0.41,0.582,22.0,4.52,23.0,0.0,117.0,0.74,0.0,0.0,0.191,0.000165,0.0308999999999999,3
soup,"clam chowder, new england, canned, ready-to-serve","Soups, Sauces, and Gravies",79.0,2.61,3.94,8.28,0.23,1.0,0.0,0.0,0.0,0.497,0.015,0.015,15.0,0.48,10.0,0.06,65.0,0.23,0.0,0.0,0.0,3.3e-05,0.003,0
soup,"clam chowder, new england, reduced sodium, canned, ready-to-serve","Soups, Sauces, and Gravies",70.0,2.33,4.23,5.68,0.0,0.8,0.13,3.3,0.4,0.422,0.015,0.015,14.0,0.56,13.0,0.076,31.0,0.27,0.008,0.00093,0.006,2.5e-05,0.0043,0
soup,"chicken noodle, reduced sodium, canned, ready-to-serve","Soups, Sauces, and Gravies",41.0,3.29,1.34,3.84,0.34,0.8,0.06,0.4,0.1,1.396,0.022,0.032,11.0,0.33,8.0,0.053,42.0,0.18,0.049,0.00015,0.01,2.5e-05,0.0045,0
soup,"beef and vegetables, reduced sodium, canned, ready-to-serve","Soups, Sauces, and Gravies",42.0,3.26,0.95,4.99,1.22,0.8,0.0,0.0,0.0,0.907,0.015,0.015,17.0,0.45,9.0,0.048,43.0,0.41,0.0,0.0,0.0,2.6e-05,0.003,0
sauce,"duck, ready-to-serve","Soups, Sauces, and Gravies",245.0,0.36,0.13,60.61,30.54,0.6,0.032,0.9,0.2,0.239,0.014,0.023,11.0,0.39,5.0,0.429,9.0,0.21,0.008,0.0,0.002,3.7e-05,0.0013,1
sauce,"salsa, verde, ready-to-serve","Soups, Sauces, and Gravies",38.0,1.13,0.89,6.36,3.5,1.9,0.083,12.3,0.43,1.615,0.036,0.046,9.0,0.65,19.0,0.156,41.0,0.25,0.011,0.0,0.008,8.1e-05,0.0008,0
sauce,"steak, tomato based","Soups, Sauces, and Gravies",95.0,1.25,0.23,22.04,9.82,1.5,0.105,6.8,1.16,0.913,0.054,0.034,19.0,1.37,17.0,0.174,33.0,0.34,0.015,0.0,0.008,0.000189,0.0008,0
sauce,"tartar, ready-to-serve","Soups, Sauces, and Gravies",211.0,1.0,16.7,13.3,4.25,0.5,0.044,2.3,1.68,0.093,0.029,0.016,26.0,0.25,6.0,0.107,17.0,0.12,0.011,2e-05,0.005,2.3e-05,0.0009,0
sauce,"sweet and sour, ready-to-serve","Soups, Sauces, and Gravies",150.0,0.27,0.02,38.22,18.75,0.1,0.053,8.7,0.01,0.187,0.019,0.048,10.0,0.21,8.0,0.761,7.0,0.09,0.001,0.0,0.008,7.9e-05,0.0004,0
sauce,"cocktail, ready-to-serve","Soups, Sauces, and Gravies",124.0,1.36,1.05,28.22,11.83,1.8,0.08,11.6,1.08,0.82,0.047,0.021,26.0,0.83,17.0,0.148,30.0,0.38,0.018,0.0,0.017,0.000111,0.0022,0
dip,"salsa con queso, cheese and salsa- medium","Soups, Sauces, and Gravies",143.0,3.14,9.51,11.14,1.95,0.7,0.043,0.4,1.86,0.136,0.065,0.012,98.0,0.14,8.0,0.019,200.0,0.41,0.033,0.00025,0.006,4e-06,0.0032,0
dip,"OLD EL PASO, Cheese 'n Salsa, medium","Soups, Sauces, and Gravies",129.0,2.7,8.43,10.65,1.3,0.6,0.033,0.8,1.95,0.115,0.07,0.01,81.0,0.12,6.0,0.014,143.0,0.3,0.029,0.0,0.0,4e-06,0.0026,0
dip,"TOSTITOS, salsa con queso, medium","Soups, Sauces, and Gravies",133.0,2.92,8.26,11.72,1.4,0.6,0.043,0.6,1.92,0.15,0.05,0.01,90.0,0.14,7.0,0.019,177.0,0.44,0.033,0.0,0.0,4e-06,0.003,0
sauce,"barbecue, SWEET BABY RAY'S, original","Soups, Sauces, and Gravies",192.0,0.95,0.43,46.08,38.37,1.3,0.07,1.4,1.08,0.743,0.067,0.02,11.0,0.33,11.0,0.113,22.0,0.19,0.014,0.0,0.0,5.7e-05,0.0,1
sauce,"barbecue, BULL'S-EYE, original","Soups, Sauces, and Gravies",170.0,0.91,0.67,39.95,35.29,1.0,0.09,0.3,0.91,0.637,0.063,0.03,43.0,0.69,16.0,0.136,22.0,0.17,0.016,0.0,0.0,8.9e-05,0.0,1
sauce,"barbecue, KC MASTERPIECE, original","Soups, Sauces, and Gravies",160.0,1.0,0.52,37.92,30.95,1.4,0.093,0.2,0.96,0.787,0.073,0.027,40.0,1.09,16.0,0.178,24.0,0.22,0.014,0.0,0.0,7.199999999999999e-05,0.0,0
sauce,"barbecue, OPEN PIT, original","Soups, Sauces, and Gravies",132.0,0.44,1.41,29.45,23.49,0.5,0.015,0.0,0.21,0.16,0.022,0.015,20.0,0.15,5.0,0.071,17.0,0.12,0.001,0.0,0.0,1.5e-05,0.0,0
sauce,"peanut, made from peanut butter, water, soy sauce","Soups, Sauces, and Gravies",257.0,6.31,16.02,22.02,17.07,1.8,0.19,0.0,2.23,3.2,0.127,0.06,22.0,0.91,45.0,0.484,107.0,0.78,0.0,0.0,0.022,0.000123,0.0034,0
soup,"chunky vegetable, reduced sodium, canned, ready-to-serve","Soups, Sauces, and Gravies",50.0,1.16,0.51,10.28,2.78,1.1,0.07,0.7,0.18,0.61,0.1,0.05,25.0,0.4,12.0,0.089,28.0,0.24,0.056,0.0,0.0,4.6e-05,0.0,0
kellogg's,"EGGO, Mini Muffin Tops, Chocolate Chip",Baked Products,300.0,5.2,11.2,45.0,18.5,1.2,0.43,0.0,0.0,4.3,0.37,0.33,217.0,3.9,18.0,0.0,351.0,0.5,0.326,0.0013,0.0,0.0,0.0,3
kellogg's,"EGGO, NUTRI-GRAIN Frozen Fruit Pizza, Mixed Berry Granola",Baked Products,259.0,6.4,8.4,41.4,11.5,3.0,0.01,0.0,0.0,0.8,0.08,0.14,47.0,1.1,14.0,0.0,51.0,0.4,0.0,0.0,0.0,0.0,0.0,3
kellogg's,"EGGO, NUTRI-GRAIN Frozen Fruit Pizza, Strawberry Granola",Baked Products,266.0,6.5,8.1,43.7,11.9,2.7,0.01,0.0,0.0,0.8,0.07,0.14,46.0,1.1,13.0,0.0,49.0,0.4,0.0,0.0,0.0,0.0,0.0,3
kellogg's,"EGGO, Pancakes, Blueberry",Baked Products,245.0,5.3,7.4,39.9,10.1,1.0,0.38,0.0,0.0,3.8,0.32,0.29,76.0,5.1,0.0,0.0,190.0,0.0,0.286,0.0011,0.0,0.0,0.0,0
kellogg's,"EGGO, Pancakes, Chocolate Chip",Baked Products,253.0,5.5,8.2,39.9,11.2,1.3,0.38,0.0,0.0,3.8,0.32,0.29,76.0,4.3,5.0,0.0,190.0,0.1,0.286,0.0011,0.0,0.0,0.0,0
kellogg's,"CINNABON, Pancakes, Caramel",Baked Products,255.0,5.0,7.1,43.4,15.6,1.0,0.4,0.0,0.0,3.8,0.32,0.29,57.0,4.3,0.0,0.0,190.0,0.0,0.286,0.0011,0.0,0.0,0.0,0
kellogg's,"CINNABON, Pancakes, Original",Baked Products,258.0,5.0,7.7,43.1,14.9,1.1,0.4,0.0,0.0,3.8,0.32,0.29,76.0,4.3,0.0,0.0,190.0,0.0,0.286,0.0011,0.0,0.0,0.0,0
kellogg's,"EGGO, Wafflers, Brown Sugar Cinnamon Roll",Baked Products,331.0,4.8,11.6,52.2,21.0,1.3,0.53,0.0,0.0,5.3,0.45,0.39,293.0,5.9,13.0,0.0,263.0,0.4,0.395,0.0016,0.0,0.0,0.0,1
kellogg's,"EGGO, Wafflers, Strawberry Strudel",Baked Products,318.0,5.0,11.0,50.0,16.8,1.2,0.53,0.0,0.0,5.3,0.45,0.39,293.0,5.9,13.0,0.0,263.0,0.4,0.395,0.0016,0.0,0.0,0.0,3
kellogg's,"EGGO, Waffles, Blueberry",Baked Products,265.0,5.5,8.7,41.7,9.1,1.1,0.57,0.0,0.0,5.7,0.49,0.43,357.0,6.4,15.0,0.0,279.0,0.4,0.429,0.0017,0.0,0.0,0.0,0
kellogg's,"EGGO, Waffles, Buttermilk",Baked Products,278.0,6.6,10.9,39.0,2.9,1.2,0.57,0.0,0.0,5.7,0.49,0.43,357.0,6.4,18.0,0.0,286.0,0.5,0.429,0.0017,0.0,0.0,0.0,0
kellogg's,"EGGO, Waffles, Cinnamon Toast",Baked Products,325.0,5.5,11.9,49.5,18.2,1.4,0.65,0.0,0.0,6.5,0.55,0.49,272.0,6.8,15.0,0.0,277.0,0.4,0.489,0.0023,0.0,0.0,0.0,3
kellogg's,"EGGO, FIBERPLUS Waffles, Buttermilk",Baked Products,227.0,4.7,7.9,41.8,4.7,13.2,0.6,0.0,0.0,5.7,0.49,0.43,500.0,6.4,14.0,0.0,311.0,0.4,0.429,0.0017,0.0,0.0,0.0,3
kellogg's,"EGGO, FIBERPLUS Waffles, Chocolate Chip",Baked Products,259.0,4.3,10.5,44.4,10.9,12.9,0.6,0.0,4.05,5.7,0.49,0.43,357.0,6.4,18.0,0.0,256.0,4.3,0.429,0.0017,0.0,0.0,0.0,3
kellogg's,"EGGO, Waffles, French Toast",Baked Products,305.0,5.8,12.2,43.4,11.5,1.2,0.44,0.0,0.0,4.4,0.38,0.67,222.0,8.0,15.0,0.0,290.0,0.4,0.667,0.002,0.0,0.0,0.0,3
kellogg's,"EGGO, Waffles, Homestyle",Baked Products,278.0,6.6,10.55,39.8,2.7,1.2,0.61,0.0,0.0,6.1,0.52,0.455,232.0,6.6,17.0,0.0,313.0,0.5,0.457,0.0018,0.0,0.0,0.0,0
kellogg's,"EGGO Protein, Waffles, Homestyle",Baked Products,281.0,10.8,10.2,37.0,2.7,1.2,0.57,0.0,3.6,5.7,0.49,0.43,357.0,6.4,18.0,0.0,286.0,0.4,0.429,0.0017,0.0,0.0,0.0,0
kashi,"TLC, Pita Crisps, Sea Salt",Baked Products,381.0,10.5,9.2,72.4,5.4,14.7,0.08,0.0,0.0,1.9,0.1,0.25,0.0,2.2,34.0,0.0,99.0,0.5,0.0,0.0,0.0,0.0,0.0,3
kellogg's,"EGGO, NUTRI-GRAIN, Waffles, Blueberry",Baked Products,257.0,6.2,7.8,43.6,10.0,3.9,0.57,0.0,0.0,5.7,0.49,0.43,143.0,6.4,50.0,0.0,319.0,0.9,0.429,0.0017,0.0,0.0,0.0,3
kellogg's,"EGGO, NUTRI-GRAIN, Waffles, Honey Oat",Baked Products,268.0,6.6,8.6,44.1,10.5,3.8,0.57,0.0,0.0,5.7,0.49,0.43,184.0,6.4,26.0,0.0,286.0,0.6,0.429,0.0017,0.0,0.0,0.0,3
kashi,"TLC, Pita Crisps, Zesty Salsa",Baked Products,381.0,11.0,9.3,71.6,2.9,15.3,0.1,0.0,0.0,2.1,0.11,0.26,0.0,2.7,34.0,0.0,102.0,0.6,0.149,0.0,0.0,0.0,0.0,3
kellogg's,"EGGO, NUTRI-GRAIN, Waffles, Original",Baked Products,239.0,6.6,8.3,37.6,3.6,3.9,0.57,0.0,0.0,5.7,0.49,0.43,143.0,6.4,51.0,0.0,286.0,0.9,0.429,0.0017,0.0,0.0,0.0,0
kellogg's,"EGGO Seasons, Waffles, Pumpkin Spice",Baked Products,296.0,5.5,12.2,41.4,9.2,1.5,0.57,0.0,0.0,5.7,0.49,0.43,143.0,6.4,23.0,0.0,325.0,0.4,0.429,0.0017,0.0,0.0,0.0,3
kellogg's,"SIMPLY EGGO, Original",Baked Products,294.0,6.2,10.9,43.3,5.9,1.3,0.57,0.0,0.0,5.7,0.49,0.43,0.0,6.4,14.0,0.0,286.0,0.4,0.429,0.0017,0.0,0.0,0.0,3
kellogg's,"EGGO, Waffles, Strawberry",Baked Products,265.0,5.5,8.7,41.6,9.3,1.1,0.57,0.0,0.0,5.7,0.49,0.43,143.0,6.4,14.0,0.0,281.0,0.4,0.429,0.0017,0.0,0.0,0.0,0
kellogg's,"EGGO, Thick & Fluffy, Waffles, Brown Sugar",Baked Products,307.0,5.8,11.9,44.5,15.8,1.1,0.73,0.0,0.0,7.3,0.62,0.55,455.0,8.2,16.0,0.0,342.0,0.3,0.546,0.0022,0.0,0.0,0.0,3
kellogg's,"EGGO, Thick & Fluffy, Waffles, Original",Baked Products,295.0,6.5,13.6,37.4,4.7,1.1,0.73,0.0,0.0,7.3,0.62,0.55,455.0,8.2,16.0,0.0,368.0,0.4,0.546,0.0022,0.0,0.0,0.0,0
famous amos,Chocolate Chip Cookies,Baked Products,503.0,4.5,24.1,67.7,32.4,2.8,0.0,0.0,0.0,2.0,0.18,0.33,0.0,1.2,33.0,0.0,49.0,0.5,0.0,0.0,0.0,0.0,0.0,1
famous amos,Chocolate Chip Pecan Cookies,Baked Products,519.0,5.8,27.0,63.8,31.8,3.3,0.04,0.0,0.0,2.3,0.21,0.34,0.0,2.5,47.0,0.0,106.0,1.0,0.0,0.0,0.0,0.0,0.0,1
girl scouts,Caramel Dulce De Leche Cookies,Baked Products,520.0,5.1,27.1,64.8,29.6,1.3,0.02,0.0,0.0,2.8,0.25,0.37,0.0,2.3,11.0,0.0,58.0,0.4,0.0,0.0,0.0,0.0,0.0,1
girl scouts,Chalet Cookies,Baked Products,478.0,4.2,19.1,72.3,35.4,1.5,0.02,0.0,0.0,2.2,0.19,0.28,0.0,3.3,10.0,0.0,43.0,0.5,0.0,0.0,0.0,0.0,0.0,1
girl scouts,Do-si-dos Cookies,Baked Products,478.0,8.1,21.4,66.0,31.1,3.7,0.0,0.0,0.0,10.2,0.15,0.26,0.0,3.4,0.0,0.0,31.0,0.0,0.0,0.0,0.0,0.0,0.0,1
girl scouts,Samoas Cookies,Baked Products,489.0,3.5,25.8,64.1,35.8,4.4,0.05,0.0,0.0,1.2,0.12,0.14,0.0,3.2,30.0,0.0,76.0,0.5,0.0,0.0,0.0,0.0,0.0,1
girl scouts,Tagalongs Cookies,Baked Products,558.0,8.1,35.3,52.2,30.9,3.5,0.0,0.0,0.0,4.5,0.09,0.14,0.0,2.1,17.0,0.0,37.0,0.2,0.0,0.0,0.0,0.0,0.0,1
girl scouts,Thank U Berry Munch Cookies,Baked Products,491.0,4.6,21.6,70.0,28.9,1.8,0.0,0.0,0.0,2.6,0.21,0.31,0.0,2.3,2.0,0.0,42.0,0.0,0.0,0.0,0.0,0.0,0.0,1
girl scouts,Thin Mints Cookies,Baked Products,502.0,4.5,24.2,67.3,32.0,2.3,0.0,0.0,0.0,2.5,0.19,0.29,0.0,3.0,25.0,0.0,75.0,0.3,0.0,0.0,0.0,0.0,0.0,1
girl scouts,Trefoils Cookies,Baked Products,498.0,5.7,22.9,68.0,20.7,1.6,0.0,0.0,0.0,3.6,0.29,0.43,0.0,3.0,1.0,0.0,15.0,0.1,0.0,0.0,0.0,0.0,0.0,1
jackson's,Old Fashioned Lemon Jumble Cookies,Baked Products,469.0,5.7,18.1,71.7,31.6,1.4,0.02,0.0,0.0,3.2,0.27,0.42,0.0,2.6,12.0,0.0,119.0,0.4,0.0,0.0,0.0,0.0,0.0,1
jackson's,Old Fashioned Vanilla Wafers,Baked Products,453.0,5.0,15.4,74.0,33.9,1.1,0.02,0.0,0.0,3.0,0.24,0.35,0.0,2.6,10.0,0.0,69.0,0.4,0.0,0.0,0.0,0.0,0.0,1
kashi,"TLC, Happy Trail Mix Cookies",Baked Products,453.0,8.1,18.1,69.4,26.6,13.7,0.06,0.0,0.0,1.4,0.07,0.2,0.0,0.0,60.0,0.0,186.0,1.1,0.0,0.0,0.0,0.0,0.0,3
kashi,"TLC, Oatmeal Dark Chocolate Cookies",Baked Products,426.0,7.2,16.3,67.0,27.2,12.2,0.0,0.0,0.0,0.0,0.0,0.0,0.0,0.0,0.0,0.0,0.0,0.0,0.0,0.0,0.0,0.0,0.0,3
kashi,"TLC, Oatmeal Raisin Flax Cookies",Baked Products,414.0,7.7,15.2,67.0,24.8,12.8,0.08,0.0,0.0,0.9,0.08,0.16,0.0,0.0,62.0,0.0,200.0,1.0,0.0,0.0,0.0,0.0,0.0,3
keebler,"ANIMALS, Cookies",Baked Products,450.0,5.6,14.2,75.3,25.4,1.4,0.02,0.0,0.0,3.3,0.26,0.42,375.0,3.3,13.0,0.0,92.0,0.4,0.0,0.0,0.0,0.0,0.0,1
keebler,"ANIMALS, Frosted Cookies",Baked Products,506.0,3.0,24.1,70.0,41.1,0.9,0.0,0.0,0.0,1.7,0.15,0.28,0.0,0.0,0.0,0.0,5.0,0.0,0.0,0.0,0.0,0.0,0.0,1
keebler,"ANIMALS, Iced Cookies",Baked Products,459.0,5.6,15.6,74.2,26.7,1.6,0.02,0.0,0.0,3.6,0.27,0.42,0.0,3.1,12.0,0.0,61.0,0.4,0.0,0.0,0.0,0.0,0.0,1
keebler,"ANIMALS, Crackers",Baked Products,450.0,5.6,14.2,75.3,25.4,1.4,0.02,0.0,0.0,3.3,0.26,0.42,345.0,3.3,13.0,0.0,92.0,0.4,0.0,0.0,0.0,0.0,0.0,1
keebler,"BAKER'S TREASURES, Chocolate Chip Cookie, soft",Baked Products,437.0,5.3,16.0,69.9,36.2,2.4,0.02,0.0,0.0,2.6,0.31,0.35,0.0,3.3,31.0,0.0,79.0,0.6,0.0,0.0,0.0,0.0,0.0,1
keebler,"BAKER'S TREASURES, Oatmeal Raisin Cookie, soft",Baked Products,420.0,6.1,14.4,69.1,32.3,3.6,0.03,0.0,0.0,2.2,0.27,0.29,0.0,2.6,10.0,0.0,45.0,0.2,0.0,0.0,0.0,0.0,0.0,1
keebler,Cheese & Cheddar Sandwich Crackers,Baked Products,502.0,8.1,25.9,59.5,13.4,1.3,0.0,0.0,0.0,3.5,0.27,0.41,159.0,3.2,12.0,0.0,176.0,0.0,0.0,0.0,0.0,0.0,0.0,3
keebler,Club & Cheddar Sandwich Crackers,Baked Products,494.0,8.4,24.0,61.3,14.1,1.3,0.0,0.0,0.0,3.6,0.27,0.42,155.0,3.2,12.0,0.0,138.0,0.0,0.0,0.0,0.0,0.0,0.0,3
keebler,Cheese on Wheat Sandwich Crackers,Baked Products,499.0,8.4,25.4,59.8,14.2,1.8,0.0,0.0,0.0,3.5,0.25,0.39,151.0,3.0,10.0,0.0,195.0,0.0,0.0,0.0,0.0,0.0,0.0,3
keebler,"CHIPS DELUXE, Chocolate Lovers Cookies",Baked Products,508.0,5.5,27.2,63.0,34.0,3.1,0.02,0.0,0.0,2.1,0.2,0.28,0.0,3.6,52.0,0.0,154.0,0.9,0.0,0.0,0.0,0.0,0.0,1
keebler,"CHIPS DELUXE, Chocolate Malt Chunk Cookies",Baked Products,537.0,4.7,30.4,61.8,31.6,1.7,0.02,0.0,0.0,2.2,0.2,0.3,0.0,2.5,24.0,0.0,61.0,0.5,0.0,0.0,0.0,0.0,0.0,1
keebler,"CHIPS DELUXE, Coconut Cookies",Baked Products,530.0,5.7,29.3,61.5,28.4,3.7,0.04,0.0,0.0,2.2,0.2,0.3,0.0,2.5,28.0,0.0,75.0,0.5,0.0,0.0,0.0,0.0,0.0,1
keebler,"CHIPS DELUXE, Dark Chocolate Chunk Cookies",Baked Products,518.0,4.3,27.5,64.0,31.2,2.6,0.0,0.0,0.0,2.0,0.17,0.33,0.0,2.8,33.0,0.0,47.0,0.5,0.0,0.0,0.0,0.0,0.0,1
keebler,"CHIPS DELUXE, Mini Chocolate Chip Cookies",Baked Products,498.0,5.2,23.1,68.0,31.0,2.4,0.02,0.0,0.0,2.7,0.21,0.35,0.0,3.6,36.0,0.0,76.0,0.8,0.0,0.0,0.0,0.0,0.0,1
keebler,"CHIPS DELUXE, Oatmeal Chocolate Chip Cookies",Baked Products,500.0,6.4,24.1,65.3,32.3,4.4,0.0,0.0,0.0,1.8,0.16,0.27,0.0,3.2,39.0,0.0,76.0,0.6,0.0,0.0,0.0,0.0,0.0,1
keebler,"CHIPS DELUXE, Original Chocolate Chip Cookies",Baked Products,517.0,5.5,28.3,62.7,30.1,2.9,0.02,0.0,0.0,2.4,0.21,0.32,0.0,3.6,47.0,0.0,95.0,0.8,0.0,0.0,0.0,0.0,0.0,1
keebler,"CHIPS DELUXE, Peanut Butter Cups Cookies",Baked Products,519.0,6.0,28.9,60.8,30.2,2.3,0.01,0.0,0.0,2.6,0.17,0.32,0.0,1.3,29.0,0.0,54.0,0.5,0.0,0.0,0.0,0.0,0.0,1
keebler,"CHIPS DELUXE, Rainbow Chocolate Chip Cookies",Baked Products,502.0,5.1,25.5,65.0,33.5,2.4,0.01,0.0,0.0,2.3,0.18,0.28,0.0,3.0,25.0,0.0,57.0,0.6,0.0,0.0,0.0,0.0,0.0,1
keebler,"CHIPS DELUXE, Rainbow Chocolate Chip Cookies, bite size",Baked Products,505.0,4.75,23.9,68.55,35.3,1.7,0.01,0.0,0.45,2.2,0.185,0.3,0.0,2.7,18.0,0.0,40.0,0.25,0.0,0.0,0.0,0.0,0.0,1
keebler,"CHIPS DELUXE, Soft 'n Chewy Chocolate Chip Cookies",Baked Products,464.0,4.2,20.7,67.4,29.9,2.5,0.0,0.0,0.0,2.0,0.18,0.33,0.0,1.2,25.0,0.0,37.0,0.2,0.0,0.0,0.0,0.0,0.0,1
keebler,"CLUB, Buttery Garlic Crackers",Baked Products,488.0,5.5,22.5,65.7,8.6,1.8,0.0,0.0,0.0,3.46,0.3,0.57,0.0,0.0,0.0,0.0,145.0,0.0,0.0,0.0,0.0,0.0,0.0,3
keebler,"CLUB, Dash of Salt Crackers",Baked Products,490.0,6.8,22.4,66.3,7.3,2.1,0.03,0.0,0.0,4.5,0.34,0.56,0.0,4.2,22.0,0.0,273.0,0.7,0.0,0.0,0.0,0.0,0.0,3
keebler,"CLUB, Minis Original Crackers",Baked Products,479.0,6.0,21.2,66.4,8.0,2.2,0.02,0.0,0.0,3.2,0.27,0.4,0.0,4.7,13.0,0.0,259.0,0.6,0.0,0.0,0.0,0.0,0.0,3
keebler,"CLUB, Minis Multigrain Crackers",Baked Products,470.0,7.3,19.8,67.4,10.7,3.7,0.1,0.0,0.0,3.1,0.26,0.38,0.0,4.5,39.0,0.0,221.0,1.3,0.0,0.0,0.0,0.0,0.0,3
keebler,"CLUB, Multigrain Crackers",Baked Products,466.0,7.1,20.4,65.9,12.0,3.5,0.0,0.0,0.0,3.4,0.28,0.52,0.0,0.0,29.0,0.0,292.0,0.0,0.0,0.0,0.0,0.0,0.0,3
keebler,"CLUB, Original Crackers",Baked Products,486.0,5.5,22.1,66.2,8.9,1.9,0.0,0.0,0.0,3.5,0.3,0.58,0.0,0.0,0.0,0.0,221.0,0.0,0.0,0.0,0.0,0.0,0.0,3
keebler,"CLUB, Reduced Fat Crackers",Baked Products,441.0,6.1,13.9,73.1,10.1,2.0,0.0,0.0,0.0,3.85,0.34,0.64,0.0,0.0,0.0,0.0,254.0,0.0,0.0,0.0,0.0,0.0,0.0,3
keebler,"CLUB Crackers, Snack Sticks, Honey Wheat",Baked Products,471.0,6.5,21.3,66.0,14.0,3.1,0.0,0.0,0.0,3.4,0.3,0.4,0.0,0.0,0.0,0.0,0.0,0.0,0.0,0.0,0.0,0.0,0.0,3
keebler,"CLUB Crackers, Snack Sticks, Original",Baked Products,475.0,6.0,22.2,65.0,9.5,2.4,0.0,0.0,0.0,4.0,0.3,0.5,0.0,0.0,0.0,0.0,0.0,0.0,0.0,0.0,0.0,0.0,0.0,3
keebler,Country Style Oatmeal Cookies with Raisins,Baked Products,482.0,6.5,21.3,67.0,29.9,3.6,0.02,0.0,0.0,2.0,0.19,0.31,0.0,2.2,9.0,0.0,41.0,0.2,0.0,0.0,0.0,0.0,0.0,1
keebler,Danish Wedding Cookies,Baked Products,504.0,3.9,24.1,68.3,37.9,2.6,0.02,0.0,0.0,1.8,0.14,0.23,0.0,2.1,17.0,0.0,55.0,0.2,0.0,0.0,0.0,0.0,0.0,1
keebler,"E.L. FUDGE, Butter Flavored Cookies",Baked Products,482.0,5.5,20.5,70.0,33.9,3.4,0.02,0.0,0.0,2.5,0.22,0.31,0.0,3.2,22.0,0.0,63.0,0.6,0.0,0.0,0.0,0.0,0.0,1
keebler,"E.L. FUDGE, Double Stuffed Cookies",Baked Products,512.0,4.6,24.8,67.6,38.5,4.1,0.0,0.0,0.0,2.14,0.18,0.28,0.0,2.6,0.0,0.0,64.0,0.0,0.0,0.0,0.0,0.0,0.0,1
keebler,"FUDGE SHOPPE, Cheesecake Middles, Dark Chocolate",Baked Products,506.0,4.4,26.5,64.7,33.7,4.1,0.0,0.0,0.0,1.7,0.12,0.22,0.0,3.5,24.0,0.0,41.0,0.1,0.0,0.0,0.0,0.0,0.0,1
keebler,"FUDGE SHOPPE, Cheesecake Middles, Original Graham Cookies",Baked Products,507.0,4.2,26.2,65.5,33.2,3.2,0.0,0.0,0.0,1.7,0.12,0.25,0.0,2.6,8.0,0.0,21.0,0.1,0.0,0.0,0.0,0.0,0.0,1
keebler,"FUDGE SHOPPE, Mint Creme Middles, Chocolate Graham Cookies",Baked Products,516.0,4.3,27.2,65.4,38.9,3.2,0.05,0.0,0.0,2.0,0.13,0.21,0.0,1.7,41.0,0.0,83.0,0.5,0.0,0.0,0.0,0.0,0.0,1
keebler,"FUDGE SHOPPE, Coconut Dreams Cookies",Baked Products,499.0,3.5,28.0,61.4,34.5,3.3,0.05,0.0,0.0,1.3,0.12,0.16,0.0,1.9,23.0,0.0,67.0,0.6,0.0,0.0,0.0,0.0,0.0,1
keebler,"FUDGE SHOPPE, Deluxe Grahams Cookies",Baked Products,511.0,4.0,25.8,66.6,37.3,2.2,0.0,0.0,0.0,1.7,0.15,0.27,0.0,0.0,16.0,0.0,87.0,0.2,0.0,0.0,0.0,0.0,0.0,1
keebler,"FUDGE SHOPPE, Caramel Filled Cookies",Baked Products,506.0,2.9,25.4,66.7,42.0,1.6,0.0,0.0,0.0,0.9,0.1,0.11,0.0,1.5,23.0,0.0,61.0,0.4,0.0,0.0,0.0,0.0,0.0,1
keebler,"FUDGE SHOPPE, Peanut Creme Filled Cookies",Baked Products,537.0,7.2,31.1,57.6,30.3,3.3,0.0,0.0,0.0,1.8,0.13,0.19,0.0,2.7,25.0,0.0,62.0,0.3,0.0,0.0,0.0,0.0,0.0,1
keebler,"FUDGE SHOPPE, Triple Fudge Filled Cookies",Baked Products,533.0,3.6,29.4,64.2,42.7,3.0,0.0,0.0,0.0,1.2,0.1,0.15,0.0,3.2,45.0,0.0,91.0,0.5,0.0,0.0,0.0,0.0,0.0,1
keebler,"FUDGE SHOPPE, Fudge-Dipped Ice Cream Cups",Baked Products,485.0,6.0,18.8,73.1,25.7,2.2,0.0,0.0,0.0,3.52,0.26,0.44,0.0,0.0,0.0,0.0,55.0,0.0,0.0,0.0,0.0,0.0,0.0,1
keebler,"FUDGE SHOPPE, Fudge Grahams, 1/2 Dipped, Reduced Fat",Baked Products,470.0,5.6,17.0,73.7,34.1,3.2,0.0,0.0,0.0,2.5,0.2,0.39,0.0,4.8,4.0,0.0,147.0,0.8,0.0,0.0,0.0,0.0,0.0,1
keebler,"FUDGE SHOPPE, Fudge Sticks",Baked Products,529.0,2.6,27.1,68.8,53.0,1.3,0.01,0.0,0.0,1.1,0.11,0.14,0.0,1.3,19.0,0.0,49.0,0.3,0.0,0.0,0.0,0.0,0.0,1
keebler,"FUDGE SHOPPE, Fudge Stripes, Dark Chocolate",Baked Products,487.0,4.3,21.5,70.1,39.9,3.1,0.01,0.0,0.0,2.0,0.18,0.27,0.0,2.1,43.0,0.0,68.0,0.4,0.0,0.0,0.0,0.0,0.0,1
keebler,"FUDGE SHOPPE, Fudge Stripes, Holiday/Spiderman",Baked Products,498.0,4.1,23.6,68.8,33.8,1.9,0.0,0.0,0.0,2.1,0.2,0.34,0.0,0.0,13.0,0.0,74.0,0.2,0.0,0.0,0.0,0.0,0.0,1
keebler,"FUDGE SHOPPE, Fudge Stripes, Mini",Baked Products,497.0,4.2,23.1,68.7,31.8,1.8,0.0,0.0,0.0,2.2,0.21,0.36,0.0,1.0,12.0,0.0,75.0,0.2,0.0,0.0,0.0,0.0,0.0,1
keebler,"FUDGE SHOPPE, Fudge Stripes, Oatmeal",Baked Products,478.0,5.5,23.8,66.4,33.1,7.1,0.0,0.0,0.0,1.2,0.12,0.22,0.0,1.3,13.0,0.0,72.0,0.2,0.0,0.0,0.0,0.0,0.0,1
keebler,"FUDGE SHOPPE, Fudge Stripes, Original",Baked Products,500.0,4.1,23.5,68.6,33.8,1.9,0.0,0.0,0.0,2.1,0.19,0.34,0.0,0.0,13.0,0.0,74.0,0.2,0.0,0.0,0.0,0.0,0.0,1
keebler,"FUDGE SHOPPE, Grasshopper Cookies, Fudge Mint",Baked Products,499.0,4.0,23.7,68.3,39.7,2.4,0.0,0.0,0.0,1.9,0.17,0.26,0.0,1.7,31.0,0.0,76.0,0.2,0.0,0.0,0.0,0.0,0.0,1
keebler,"FUDGE SHOPPE, Jumbo Fudge Sticks, Vanilla",Baked Products,530.0,2.4,27.3,68.6,51.2,1.7,0.0,0.0,0.0,0.0,0.01,0.0,0.0,1.5,0.0,0.0,4.0,0.0,0.0,0.0,0.0,0.0,0.0,1
keebler,"FUDGE SHOPPE, Jumbo Fudge Sticks, Peanut Butter",Baked Products,537.0,7.1,30.2,60.6,40.8,3.2,0.05,0.0,0.0,2.4,0.02,0.08,0.0,1.9,31.0,0.0,69.0,0.6,0.0,0.0,0.0,0.0,0.0,1
keebler,"FUDGE SHOPPE, Magic Middles Fudge Filled Cookies, Original",Baked Products,521.0,5.0,28.2,62.5,33.0,1.9,0.02,0.0,0.0,2.2,0.2,0.3,0.0,1.2,8.0,0.0,41.0,0.3,0.0,0.0,0.0,0.0,0.0,1
keebler,"FUDGE SHOPPE, Merry Mint Patties, Holiday",Baked Products,528.0,2.9,27.7,66.7,44.3,1.4,0.01,0.0,0.0,1.2,0.11,0.16,0.0,2.2,16.0,0.0,60.0,0.4,0.0,0.0,0.0,0.0,0.0,1
keebler,"FUDGE SHOPPE, Magic Middles Fudge Filled Cookies, Peanut Butter",Baked Products,514.0,6.9,28.4,59.2,34.5,2.7,0.01,0.0,0.0,1.7,0.16,0.23,0.0,1.2,6.0,0.0,87.0,0.2,0.0,0.0,0.0,0.0,0.0,1
keebler,"FUDGE SHOPPE, Jumbo Fudge Sticks, Mint",Baked Products,525.0,2.6,27.2,67.6,50.1,1.8,0.0,0.0,0.0,0.0,0.01,0.0,0.0,1.6,0.0,0.0,3.0,0.0,0.0,0.0,0.0,0.0,0.0,1
keebler,"FUDGE SHOPPE, Fudge Sticks, Peanut Butter",Baked Products,544.0,6.8,31.4,60.0,41.4,2.7,0.05,0.0,0.0,3.3,0.12,0.21,0.0,1.8,47.0,0.0,106.0,0.9,0.0,0.0,0.0,0.0,0.0,1
keebler,Cinnamon Toast Grahams,Baked Products,429.0,7.3,13.2,73.9,26.0,4.8,0.96,0.0,0.45,8.1,0.76,0.9,300.0,3.4,53.0,0.0,148.0,1.2,0.45,0.0,0.0,0.0,0.0,1
keebler,"GRIPZ, CHIPS DELUXE, Chocolate Chip Cookies, bite-size",Baked Products,473.0,5.3,19.3,71.3,31.4,2.5,0.02,0.0,0.0,3.0,0.23,0.367,0.0,3.7,36.0,0.0,83.0,0.8,0.0,0.0,0.0,0.0,0.0,1
keebler,"GRIPZ, CHIPS DELUXE, Rainbow Chocolate Chip Cookies, bite-size",Baked Products,470.0,4.7,17.7,74.3,33.5,1.8,0.02,0.0,0.0,2.9,0.22,0.36,0.0,3.1,23.0,0.0,63.0,0.6,0.0,0.0,0.0,0.0,0.0,1
keebler,"GRIPZ, Chocolate Chip Grahams, bite-size",Baked Products,433.0,7.4,12.9,75.6,22.8,11.0,0.12,0.0,0.0,3.8,0.2,0.36,400.0,3.7,67.0,0.0,166.0,1.4,0.6,0.0,0.0,0.0,0.0,3
keebler,"GRIPZ, Cinnamon Grahams, bite-size",Baked Products,415.0,7.4,12.9,75.6,20.5,10.4,0.12,0.0,0.0,4.0,0.22,0.38,400.0,3.8,56.0,0.0,149.0,1.3,0.901,0.0,0.0,0.0,0.0,3
keebler,"Almond Crescents Cookies, Holiday",Baked Products,482.0,5.1,20.5,70.1,26.0,1.6,0.0,0.0,0.0,3.3,0.25,0.39,0.0,2.8,4.0,0.0,31.0,0.0,0.0,0.0,0.0,0.0,0.0,1
keebler,"Gingerbread Men Cookies, Holiday",Baked Products,444.0,4.9,12.8,77.9,32.9,2.1,0.0,0.0,0.0,3.3,0.25,0.4,0.0,3.5,6.0,0.0,5.0,0.0,0.0,0.0,0.0,0.0,0.0,1
keebler,Holiday Jingles Cookies,Baked Products,470.0,5.0,17.4,73.9,28.2,1.5,0.0,0.0,0.0,3.5,0.26,0.42,0.0,2.9,0.0,0.0,3.0,0.0,0.0,0.0,0.0,0.0,0.0,1
keebler,Iced Oatmeal Cookies,Baked Products,467.0,6.5,18.3,69.5,35.6,4.1,0.01,0.0,0.0,1.6,0.15,0.26,0.0,1.9,5.0,0.0,26.0,0.2,0.0,0.0,0.0,0.0,0.0,1
keebler,Toast & Peanut Butter Sandwich Crackers,Baked Products,489.0,10.6,23.8,60.2,11.6,3.2,0.0,0.0,0.0,3.5,0.27,0.41,54.0,3.3,12.0,0.0,118.0,0.0,0.0,0.0,0.0,0.0,0.0,3
keebler,"READY CRUST, Chocolate Pie Crust",Baked Products,490.0,5.1,22.05,67.7,28.7,1.8,0.0,0.0,0.0,2.45,0.195,0.29,0.0,2.92,29.0,0.0,138.0,0.0,0.0,0.0,0.0,0.0,0.0,1
keebler,"READY CRUST, Shortbread Pie Crust",Baked Products,502.0,4.4,23.1,69.1,26.6,1.3,0.0,0.0,0.0,2.6,0.22,0.3,0.0,2.3,0.0,0.0,89.0,0.0,0.0,0.0,0.0,0.0,0.0,1
keebler,"100 Calorie RIGHT BITES, CHIPS DELUXE, Chocolate Chip Cookies",Baked Products,452.0,4.7,13.3,77.7,40.3,3.1,0.02,0.0,0.0,2.8,0.21,0.34,0.0,3.2,29.0,0.0,75.0,0.7,0.0,0.0,0.0,0.0,0.0,1
keebler,"100 Calorie RIGHT BITES, FUDGE SHOPPE, Dark Chocolate Fudge Stripes Cookies",Baked Products,479.0,4.5,20.1,71.2,39.3,3.2,0.01,0.0,0.0,2.1,0.19,0.29,0.0,1.7,43.0,0.0,70.0,0.4,0.0,0.0,0.0,0.0,0.0,1
keebler,"100 Calorie RIGHT BITES, FUDGE SHOPPE, Fudge Covered Pretzels",Baked Products,455.0,7.5,17.0,71.3,32.9,3.9,0.04,0.0,0.0,3.6,0.42,0.34,106.0,5.5,47.0,0.0,89.0,0.1,0.0,0.0,0.0,0.0,0.0,1
keebler,"100 Calorie RIGHT BITES, FUDGE SHOPPE, Cookies 'N Creme",Baked Products,471.0,4.0,19.1,72.2,39.7,2.4,0.0,0.0,0.0,2.3,0.18,0.29,0.0,2.1,32.0,0.0,82.0,0.0,0.0,0.0,0.0,0.0,0.0,1
keebler,"100 Calorie RIGHT BITES, FUDGE SHOPPE, Mini Brownies",Baked Products,455.0,4.5,20.1,65.1,31.5,2.8,0.01,0.0,0.0,2.1,0.16,0.26,0.0,3.3,41.0,0.0,81.0,0.6,0.0,0.0,0.0,0.0,0.0,1
keebler,"100 Calorie RIGHT BITES, FUDGE SHOPPE, Mini Fudge Grahams Cookies",Baked Products,467.0,4.5,17.9,73.2,34.8,2.3,0.0,0.0,0.0,2.4,0.19,0.37,0.0,0.0,10.0,0.0,75.0,0.1,0.0,0.0,0.0,0.0,0.0,1
keebler,"100 Calorie RIGHT BITES, FUDGE SHOPPE, Mini Fudge Stripes Cookies",Baked Products,470.0,4.0,17.8,74.3,39.2,1.9,0.0,0.0,0.0,2.1,0.2,0.34,0.0,0.0,13.0,0.0,72.0,0.2,0.0,0.0,0.0,0.0,0.0,1
keebler,"100 Calorie RIGHT BITES, FUDGE SHOPPE, Mini Mints Grasshopper Cookies",Baked Products,456.0,5.2,15.4,75.0,34.5,2.9,0.01,0.0,0.0,2.4,0.23,0.38,0.0,0.0,28.0,0.0,93.0,0.4,0.0,0.0,0.0,0.0,0.0,1
keebler,"100 Calorie RIGHT BITES, Sandies Shortbread Cookies, Fudge Dipped",Baked Products,462.0,4.1,20.1,72.4,27.0,13.2,0.02,0.0,0.0,1.9,0.17,0.24,0.0,3.1,17.0,0.0,80.0,0.5,0.0,0.0,0.0,0.0,0.0,3
keebler,"100 Calorie RIGHT BITES, Sandies Shortbread Cookies",Baked Products,468.0,5.2,17.2,73.9,25.8,1.4,0.02,0.0,0.0,3.4,0.26,0.41,0.0,2.9,11.0,0.0,56.0,0.5,0.0,0.0,0.0,0.0,0.0,1
keebler,"100 Calorie RIGHT BITES, White Fudge Dipped Pretzels",Baked Products,483.0,7.0,20.0,68.8,31.7,2.3,0.0,0.0,0.0,3.1,0.35,0.33,112.0,2.2,0.0,0.0,88.0,0.0,0.0,0.0,0.0,0.0,0.0,1
keebler,"SANDIES, Cashew Shortbread Cookies",Baked Products,535.0,6.3,30.6,59.3,23.2,1.5,0.04,0.0,0.0,2.8,0.25,0.37,0.0,2.7,33.0,0.0,93.0,0.8,0.0,0.0,0.0,0.0,0.0,1
keebler,"SANDIES, Chocolate Chip & Pecan Shortbread Cookies",Baked Products,546.0,5.6,32.1,59.2,26.5,2.4,0.03,0.0,0.0,2.5,0.22,0.36,0.0,2.9,32.0,0.0,83.0,0.7,0.0,0.0,0.0,0.0,0.0,1
keebler,"SANDIES, Dark Chocolate Almond Shortbread Cookies",Baked Products,540.0,6.1,31.0,59.9,26.5,2.6,0.02,0.0,0.45,2.5,0.22,0.33,0.0,3.1,32.0,0.0,77.0,0.6,0.0,0.0,0.0,0.0,0.0,1
keebler,"SANDIES, Pecan Shortbread Cookies",Baked Products,541.0,5.0,31.7,59.0,22.5,1.9,0.03,0.0,0.0,2.3,0.21,0.32,0.0,3.4,16.0,0.0,54.0,0.7,0.0,0.0,0.0,0.0,0.0,1
keebler,"SANDIES, Pecan Shortbread Cookies, bite size",Baked Products,547.0,5.0,32.6,58.7,22.5,1.6,0.03,0.0,0.45,2.8,0.22,0.36,0.0,2.5,17.0,0.0,64.0,0.6,0.0,0.0,0.0,0.0,0.0,1
keebler,"SANDIES, Pecan Shortbread Cookies, Reduced Fat",Baked Products,488.0,6.7,21.8,67.1,23.9,2.1,0.03,0.0,0.0,3.4,0.29,0.46,0.0,2.8,16.0,0.0,70.0,0.5,0.0,0.0,0.0,0.0,0.0,1
keebler,"SOFT BATCH, Chocolate Chip Cookies",Baked Products,477.0,3.6,22.1,66.2,36.9,1.7,0.01,0.0,0.0,2.0,0.15,0.25,0.0,2.1,17.0,0.0,138.0,0.5,0.0,0.0,0.0,0.0,0.0,1
keebler,Sweet Cremes Cookies,Baked Products,469.0,4.5,19.3,71.0,32.0,1.3,0.02,0.0,0.0,2.9,0.22,0.36,0.0,2.5,10.0,0.0,43.0,0.5,0.0,0.0,0.0,0.0,0.0,1
keebler,Toasted Coconut Cookies,Baked Products,475.0,3.8,20.2,69.9,41.2,2.3,0.04,0.0,0.0,2.1,0.17,0.26,0.0,2.1,15.0,0.0,49.0,0.5,0.0,0.0,0.0,0.0,0.0,1
keebler,"TOASTEDS, Buttercrisps Crackers",Baked Products,495.0,5.5,23.7,65.0,8.4,1.8,0.0,0.0,0.0,3.53,0.3,0.57,0.0,0.0,0.0,0.0,18.0,0.0,0.0,0.0,0.0,0.0,0.0,3
keebler,"TOASTEDS, Party Pack Cracker Assortment",Baked Products,483.0,6.5,23.0,64.4,7.2,2.9,0.05,0.0,0.0,3.7,0.3,0.57,0.0,0.0,13.0,0.0,261.0,0.5,0.0,0.0,0.0,0.0,0.0,3
keebler,"TOASTEDS, Onion Crackers",Baked Products,479.0,5.7,20.6,67.7,9.7,2.2,0.0,0.0,0.0,3.47,0.3,0.56,0.0,0.0,0.0,0.0,243.0,0.0,0.0,0.0,0.0,0.0,0.0,3
keebler,"TOASTEDS, Sesame Crackers",Baked Products,496.0,6.6,24.3,62.6,4.1,2.8,0.0,0.0,0.0,3.7,0.31,0.61,0.0,0.0,0.0,0.0,281.0,0.0,0.0,0.0,0.0,0.0,0.0,3
keebler,"TOASTEDS, Wheat Crackers",Baked Products,466.0,8.3,20.0,66.1,9.0,4.0,0.0,0.0,0.0,4.3,0.3,0.52,0.0,4.2,33.0,0.0,367.0,0.0,0.0,0.0,0.0,0.0,0.0,3
keebler,"TOWN HOUSE, Bistro Multigrain Crackers",Baked Products,460.0,7.3,19.5,67.0,8.6,3.4,0.0,0.0,0.0,3.4,0.26,0.42,0.0,3.0,0.0,0.0,0.0,0.0,0.0,0.0,0.0,0.0,0.0,3
keebler,"TOWN HOUSE, FLIPSIDES, Pretzel Crackers, Cheese",Baked Products,476.0,8.0,22.5,61.3,5.4,2.1,0.0,0.0,0.0,4.2,0.31,0.51,0.0,3.7,14.0,0.0,265.0,0.0,0.0,0.0,0.0,0.0,0.0,3
keebler,"TOWN HOUSE, FLIPSIDES, Pretzel Crackers, Garlic Herb",Baked Products,486.0,6.5,23.6,63.0,6.6,2.2,0.0,0.0,0.0,4.3,0.32,0.53,0.0,4.0,15.0,0.0,260.0,0.0,0.0,0.0,0.0,0.0,0.0,3
keebler,"TOWN HOUSE, FLIPSIDES, Pretzel Crackers, Original",Baked Products,487.0,6.6,23.1,64.3,6.8,2.1,0.03,0.0,0.0,4.4,0.33,0.55,0.0,3.9,15.0,0.0,268.0,0.7,0.0,0.0,0.0,0.0,0.0,3
keebler,"TOWN HOUSE, Original Crackers",Baked Products,526.0,5.1,29.6,59.8,6.5,1.7,0.0,0.0,0.0,3.25,0.28,0.54,0.0,0.0,0.0,0.0,202.0,0.0,0.0,0.0,0.0,0.0,0.0,3
keebler,"TOWN HOUSE, Reduced Fat Crackers",Baked Products,431.0,6.6,11.3,77.1,8.4,2.2,0.0,0.0,0.0,4.2,0.36,0.69,0.0,0.0,0.0,0.0,220.0,0.0,0.0,0.0,0.0,0.0,0.0,3
keebler,"TOWN HOUSE, FLIPSIDES, Pretzel Crackers, Reduced Fat",Baked Products,450.0,7.2,16.0,70.4,7.5,2.3,0.03,0.0,0.0,4.8,0.36,0.6,0.0,4.3,16.0,0.0,293.0,0.8,0.0,0.0,0.0,0.0,0.0,3
keebler,"TOWN HOUSE, TOPPERS, Garlic Herb Crackers",Baked Products,483.0,6.4,19.0,71.6,8.0,2.8,0.0,0.0,0.0,3.5,0.3,0.57,0.0,3.0,0.0,0.0,0.0,0.0,0.0,0.0,0.0,0.0,0.0,3
keebler,"TOWN HOUSE, TOPPERS, Multigrain Crackers",Baked Products,462.0,7.6,18.5,68.4,13.7,3.4,0.0,0.0,0.0,3.9,0.3,0.46,0.0,3.6,34.0,0.0,287.0,0.0,0.0,0.0,0.0,0.0,0.0,3
keebler,"TOWN HOUSE, TOPPERS, Original Crackers",Baked Products,483.0,7.6,20.5,66.8,8.0,2.6,0.0,0.0,0.0,3.5,0.3,0.58,0.0,3.8,0.0,0.0,227.0,0.0,0.0,0.0,0.0,0.0,0.0,3
keebler,"TOWN HOUSE, Wheat Crackers",Baked Products,489.0,6.3,24.4,63.2,3.1,2.8,0.01,0.0,0.0,3.8,0.31,0.56,0.0,0.0,5.0,0.0,333.0,0.1,0.0,0.0,0.0,0.0,0.0,3
keebler,"TOWN HOUSE, FLATBREAD CRISPS, Sea Salt and Olive Oil Crackers",Baked Products,443.0,8.0,14.0,72.8,5.2,3.6,0.05,0.0,0.0,3.3,0.25,0.44,0.0,0.0,16.0,0.0,53.0,0.3,0.0,0.0,0.0,0.0,0.0,3
keebler,"TRADITIONS, Iced Lemonade Cookies",Baked Products,502.0,4.5,24.4,66.3,29.9,1.0,0.01,0.0,0.0,2.8,0.22,0.32,0.0,2.4,9.0,0.0,60.0,0.3,0.0,0.0,0.0,0.0,0.0,1
keebler,"TRADITIONS, Iced Oatmeal Cookies",Baked Products,463.0,5.4,18.0,71.0,36.3,2.7,0.01,0.0,0.0,2.1,0.17,0.27,0.0,2.3,6.0,0.0,33.0,0.2,0.0,0.0,0.0,0.0,0.0,1
keebler,"Vanilla Wafers Minis, Rainbow",Baked Products,466.0,4.0,18.3,72.3,31.1,1.3,0.0,0.0,0.0,2.5,0.23,0.42,0.0,0.0,0.0,0.0,41.0,0.0,0.0,0.0,0.0,0.0,0.0,1
keebler,Vienna Fingers with Creme Filling,Baked Products,492.0,4.5,20.1,73.2,33.6,1.5,0.0,0.0,0.0,2.2,0.2,0.3,0.0,3.35,0.0,0.0,54.0,0.0,0.0,0.0,0.0,0.0,0.0,1
keebler,"Vienna Fingers with Creme Filling, Reduced Fat",Baked Products,465.0,4.5,15.0,78.1,37.2,1.5,0.0,0.0,0.0,2.28,0.2,0.3,0.0,3.4,0.0,0.0,91.0,0.0,0.0,0.0,0.0,0.0,0.0,1
keebler,Waffle Bowls,Baked Products,424.0,6.5,5.3,87.7,31.6,1.8,0.03,0.0,0.05,4.34,0.33,0.54,0.0,3.0,15.0,0.0,80.0,0.7,0.0,0.0,0.0,0.0,0.0,1
keebler,Waffle Cones,Baked Products,424.0,6.5,5.3,87.7,31.6,1.8,0.03,0.0,0.05,4.34,0.33,0.54,0.0,3.0,15.0,0.0,80.0,0.7,0.0,0.0,0.0,0.0,0.0,1
keebler,"WHEATABLES, Honey Wheat Crackers",Baked Products,482.0,7.6,20.4,67.0,15.0,3.3,0.0,0.0,0.0,3.71,0.24,0.42,0.0,2.9,0.0,0.0,0.0,0.0,0.0,0.0,0.0,0.0,0.0,3
keebler,"WHEATABLES, Nut Crisp Crackers, Roasted Almond",Baked Products,472.0,8.4,20.4,66.5,11.7,3.9,0.07,0.0,0.45,4.5,0.33,0.51,0.0,2.9,43.0,0.0,185.0,1.1,0.0,0.0,0.0,0.0,0.0,3
keebler,"WHEATABLES, Nut Crisp Crackers, Toasted Pecan",Baked Products,483.0,7.6,22.0,65.7,11.6,3.8,0.07,0.0,0.0,3.6,0.26,0.45,0.0,4.6,34.0,0.0,172.0,1.2,0.0,0.0,0.0,0.0,0.0,3
kellogg's,"ALL-BRAN, Garlic and Herb Crackers",Baked Products,467.0,8.6,19.9,63.5,10.0,16.3,0.0,0.0,0.0,4.3,0.22,0.3,67.0,3.5,21.0,0.0,364.0,0.87,0.0,0.0,0.0,0.0,0.0,3
kellogg's,"ALL-BRAN, Multigrain Crackers",Baked Products,415.0,8.6,20.0,65.7,12.9,16.4,0.23,0.0,0.45,3.7,0.2,0.24,0.0,2.5,71.0,0.0,363.0,2.0,0.0,0.0001,0.0,0.0,0.0,3
kellogg's,Corn Flakes Crumbs,Baked Products,367.0,7.5,0.4,84.4,9.3,1.2,0.6,0.0,0.0,4.8,2.6,2.02,0.0,13.3,40.0,0.0,87.0,1.0,0.064,0.0,0.0,0.0,0.0,3
kellogg's,"POP-TARTS, Frosted Apple Strudel Toaster Pastries",Baked Products,395.0,4.4,10.8,70.5,28.0,1.5,0.71,0.0,0.0,4.9,0.48,0.4,0.0,4.9,6.0,0.0,45.0,0.3,0.363,0.0,0.0,0.0,0.0,1
kellogg's,"POP-TARTS, Frosted Blueberry Muffin Toaster Pastries",Baked Products,397.0,4.0,10.9,70.9,27.6,1.1,0.4,0.0,0.0,4.0,0.34,0.3,0.0,3.6,6.0,0.0,45.0,0.3,0.3,0.0,0.0,0.0,0.0,1
kellogg's,"POP-TARTS, Chocolate Chip Cookie Dough Toaster Pastries",Baked Products,387.0,4.5,10.5,69.4,35.5,1.5,0.4,0.0,0.0,4.0,0.34,0.3,200.0,3.6,12.0,0.0,83.0,0.3,0.3,0.0,0.0,0.0,0.0,1
kellogg's,"POP-TARTS, Frosted Cinnamon Roll Toaster Pastries",Baked Products,416.0,4.7,14.1,67.8,26.2,1.4,0.4,0.0,0.0,4.0,0.34,0.3,0.0,3.6,7.0,0.0,43.0,0.3,0.3,0.0,0.0,0.0,0.0,1
kellogg's,"POP-TARTS, Frosted Confetti Cake Toaster Pastries",Baked Products,375.0,4.4,7.4,73.0,29.3,1.3,0.58,0.0,0.0,5.0,0.49,0.44,209.0,5.1,8.0,0.0,120.0,0.3,0.355,0.0,0.0,0.0,0.0,1
kellogg's,"POP-TARTS, Frosted Cookies & Creme Toaster Pastries",Baked Products,379.0,4.9,9.8,69.3,38.3,2.6,0.78,0.0,0.0,4.8,0.49,0.7,241.0,8.4,32.0,0.0,141.0,0.5,0.397,0.0,0.0,0.0,0.0,1
kellogg's,"POP-TARTS, Frosted Orange Cream Toaster Pastries",Baked Products,401.0,3.9,11.5,70.6,31.8,1.1,0.4,0.0,0.0,4.0,0.34,0.3,0.0,4.6,0.0,0.0,44.0,0.0,0.3,0.0,0.0,0.0,0.0,1
kellogg's,"POP-TARTS, Frosted Pumpkin Pie Toaster Pastries",Baked Products,394.0,4.7,10.5,70.6,28.6,1.5,0.4,0.0,0.0,4.0,0.34,0.3,0.0,3.6,30.0,0.0,58.0,0.3,0.3,0.0,0.0,0.0,0.0,1
kellogg's,"POP-TARTS, Frosted Spring Berry Toaster Pastries",Baked Products,390.0,4.0,9.6,72.3,31.3,1.3,0.38,0.0,0.0,3.8,0.33,0.29,0.0,3.5,6.0,0.0,43.0,0.3,0.289,0.0,0.0,0.0,0.0,1
kellogg's,"POP-TARTS, Frosted Sugar Cookie Toaster Pastries",Baked Products,393.0,4.5,10.6,70.2,27.5,1.3,0.4,0.0,0.0,4.0,0.34,0.3,200.0,3.6,8.0,0.0,66.0,0.3,0.3,0.0,0.0,0.0,0.0,1
kellogg's,"POP-TARTS, Frosted Waffle Cone Toaster Pastries",Baked Products,373.0,3.9,6.8,74.3,32.4,1.2,0.4,0.0,0.0,4.0,0.34,0.3,200.0,3.6,10.0,0.0,45.0,0.3,0.3,0.0,0.0,0.0,0.0,1
kellogg's,"POP-TARTS, Frosted Wild Fruit Fusion Toaster Pastries",Baked Products,391.0,3.9,9.7,72.3,30.8,1.3,0.4,0.0,0.0,4.0,0.34,0.3,0.0,3.6,6.0,0.0,47.0,0.3,0.3,0.0,0.0,0.0,0.0,1
kellogg's,"POP-TARTS, Frosted Wild Grape Toaster Pastries",Baked Products,390.0,4.1,9.8,71.8,30.5,1.3,0.73,0.0,0.0,4.9,0.48,0.39,0.0,4.8,6.0,0.0,45.0,0.3,0.37,0.0,0.0,0.0,0.0,1
kellogg's,"POP-TARTS, Frosted Wild Strawberry Toaster Pastries",Baked Products,391.0,3.9,9.7,72.1,30.6,1.3,0.4,0.0,0.0,4.0,0.34,0.3,0.0,3.6,6.0,0.0,47.0,0.3,0.3,0.0,0.0,0.0,0.0,1
kellogg's,"POP-TARTS, Ice Cream Shoppe Frosted Hot Fudge Sundae Toaster Pastries",Baked Products,391.0,4.4,10.8,69.8,24.7,3.3,0.4,0.0,0.0,4.2,0.34,0.3,200.0,3.6,0.0,0.0,45.0,0.0,0.3,0.0,0.0,0.0,0.0,1
kellogg's,"POP-TARTS, Ice Cream Shoppe Frosted Ice Creme Sandwich Toaster Pastries",Baked Products,390.0,4.6,10.9,69.4,23.5,3.5,0.4,0.0,0.0,4.2,0.35,0.31,208.0,3.8,18.0,0.0,101.0,0.5,0.313,0.0,0.0,0.0,0.0,1
kellogg's,"POP-TARTS, Ice Cream Shoppe Frosted Rainbow Chip Toaster Pastries",Baked Products,400.0,4.0,11.2,70.8,30.3,1.1,0.4,0.0,0.0,4.0,0.34,0.3,200.0,3.6,8.0,0.0,87.0,0.3,0.3,0.0,0.0,0.0,0.0,1
kellogg's,"POP-TARTS, Ice Cream Shoppe Frosted Strawberry Milkshake Toaster Pastries",Baked Products,397.0,4.0,11.3,70.0,23.9,2.7,0.4,0.0,0.0,4.2,0.35,0.31,208.0,3.8,7.0,0.0,45.0,0.3,0.313,0.0,0.0,0.0,0.0,1
kellogg's,"POP-TARTS, Ice Cream Shoppe Frosted Vanilla Milkshake Toaster Pastries",Baked Products,398.0,4.0,11.3,70.1,23.9,2.7,0.4,0.0,0.0,4.2,0.35,0.31,208.0,3.8,7.0,0.0,45.0,0.3,0.313,0.0,0.0,0.0,0.0,1
kellogg's,"POP-TARTS MINI CRISPS, Cinnamon Brown Sugar Baked Bites",Baked Products,433.0,4.8,11.0,79.0,33.4,1.7,0.87,0.0,0.0,8.7,0.74,0.65,0.0,7.8,11.0,0.0,45.0,0.5,0.653,0.0,0.0,0.0,0.0,1
kellogg's,"POP-TARTS MINI CRISPS, Frosted Chocolate Baked Bites",Baked Products,438.0,5.0,11.6,78.9,35.8,2.2,0.9,0.0,0.0,8.7,0.74,0.65,0.0,7.8,21.0,0.0,58.0,0.6,0.653,0.0,0.0,0.0,0.0,1
kellogg's,"POP-TARTS MINI CRISPS, Frosted Strawberry Baked Bites",Baked Products,440.0,4.7,11.8,79.1,35.3,1.5,0.99,0.0,0.0,10.9,1.12,1.11,0.0,9.4,10.0,0.0,44.0,0.5,1.026,0.0,0.0,0.0,0.0,1
kellogg's,"SPECIAL K, Cracker Chips, Cheddar",Baked Products,382.0,6.4,9.4,73.7,4.3,9.2,0.36,0.0,0.0,4.1,0.08,0.57,81.0,1.8,52.0,0.0,120.0,0.4,0.129,0.0,0.0,0.0,0.0,3
kellogg's,"SPECIAL K, Cracker Chips, Sea Salt",Baked Products,361.0,6.8,7.6,75.4,0.6,10.8,0.39,0.0,0.0,4.4,0.08,0.61,0.0,1.8,72.0,0.0,190.0,1.0,0.0,0.0,0.0,0.0,0.0,3
kellogg's,"SPECIAL K, Cracker Chips, Sour Cream & Onion",Baked Products,365.0,7.1,8.0,74.3,3.5,9.8,0.38,0.0,1.35,4.1,0.18,0.58,69.0,1.7,67.0,0.0,202.0,1.0,0.0,0.0,0.0,0.0,0.0,3
kellogg's,"SPECIAL K, Cracker Chips, Southwest Ranch",Baked Products,380.0,6.2,8.7,74.8,4.3,9.3,0.36,0.0,0.0,4.1,0.08,0.56,74.0,2.0,52.0,0.0,119.0,0.4,0.0,0.0,0.0,0.0,0.0,3
kellogg's,"SPECIAL K, Multigrain Crackers",Baked Products,401.0,9.0,9.4,75.4,20.8,8.6,0.12,0.0,0.0,2.7,0.19,0.35,0.0,2.5,30.0,0.0,97.0,1.1,0.0,0.0,0.0,0.0,0.0,3
kellogg's,"SPECIAL K, Savory Herb Crackers",Baked Products,406.0,10.9,10.0,73.8,10.6,9.8,0.25,0.0,0.0,3.8,0.25,0.37,0.0,3.9,80.0,0.0,264.0,2.3,0.0,0.0001,0.0,0.0,0.0,3
kellogg's,"POP-TARTS, Gingerbread Toaster Pastries",Baked Products,393.0,4.1,10.5,70.8,28.6,1.4,0.4,0.0,0.0,4.0,0.34,0.3,25.0,3.6,12.0,0.0,81.0,0.3,0.3,0.0,0.0,0.0,0.0,1
kellogg's,"POP-TARTS, Yum-azing Vanilla Milkshake Toaster Pastries",Baked Products,398.0,4.1,11.3,70.2,23.4,2.7,0.4,0.0,0.0,4.0,0.34,0.3,200.0,3.6,7.0,0.0,45.0,0.3,0.3,0.0,0.0,0.0,0.0,1
mother's,4th of July Circus Animal Cookies,Baked Products,487.0,3.8,25.4,68.3,44.2,0.8,0.02,0.0,0.0,1.8,0.2,0.23,0.0,1.5,10.0,0.0,63.0,0.4,0.0,0.0,0.0,0.0,0.0,1
mother's,Chocolate Chip Cookies,Baked Products,490.0,5.7,22.0,67.6,32.9,1.7,0.01,0.0,0.0,2.5,0.22,0.3,0.0,2.7,8.0,0.0,42.0,0.3,0.0,0.0,0.0,0.0,0.0,1
mother's,Circus Animal Cookies,Baked Products,515.0,3.8,25.3,68.3,43.5,0.8,0.02,0.0,0.0,1.8,0.2,0.23,0.0,1.5,10.0,0.0,63.0,0.4,0.0,0.0,0.0,0.0,0.0,1
mother's,Coconut Cocadas Cookies,Baked Products,500.0,5.7,25.1,65.1,27.8,3.0,0.06,0.0,0.45,2.8,0.25,0.33,0.0,2.8,21.0,0.0,81.0,0.6,0.0,0.0,0.0,0.0,0.0,1
mother's,Double Fudge Creme Sandwich Cookies,Baked Products,457.0,5.3,20.4,70.0,33.1,3.3,0.02,0.0,0.0,2.5,0.19,0.31,0.0,3.8,45.0,0.0,84.0,0.4,0.0,0.0,0.0,0.0,0.0,1
mother's,English Tea Sandwich Cookies,Baked Products,469.0,4.5,19.3,71.0,32.0,1.3,0.02,0.0,0.0,2.9,0.22,0.36,0.0,2.5,10.0,0.0,43.0,0.5,0.0,0.0,0.0,0.0,0.0,1
mother's,Halloween Circus Animals Cookies,Baked Products,514.0,3.8,25.3,68.1,43.9,0.8,0.02,0.0,0.0,1.8,0.2,0.23,0.0,1.5,10.0,0.0,63.0,0.4,0.0,0.0,0.0,0.0,0.0,1
mother's,Holiday Circus Animal Cookies,Baked Products,515.0,3.8,25.3,68.3,44.3,0.8,0.02,0.0,0.0,1.8,0.2,0.23,0.0,1.5,10.0,0.0,63.0,0.4,0.0,0.0,0.0,0.0,0.0,1
mother's,Iced Lemonade Cookies,Baked Products,502.0,4.5,24.4,66.3,29.9,1.0,0.01,0.0,0.0,2.8,0.22,0.32,0.0,2.4,9.0,0.0,60.0,0.3,0.0,0.0,0.0,0.0,0.0,1
mother's,Iced Oatmeal Cookies,Baked Products,463.0,5.4,18.0,71.0,36.3,2.7,0.01,0.0,0.0,2.1,0.17,0.27,0.0,2.3,6.0,0.0,33.0,0.2,0.0,0.0,0.0,0.0,0.0,1
mother's,Jungle Animal Cookies,Baked Products,514.0,3.8,25.3,68.3,44.2,0.8,0.02,0.0,0.0,1.8,0.2,0.23,0.0,1.5,10.0,0.0,63.0,0.4,0.0,0.0,0.0,0.0,0.0,1
mother's,Macaroon Cookies,Baked Products,552.0,6.1,34.1,55.7,25.4,4.1,0.21,0.0,0.0,2.3,0.24,0.3,0.0,2.4,26.0,0.0,116.0,0.7,0.0,0.0001,0.0,0.0,0.0,1
mother's,Old Fashioned Chocolate Chip Cookies,Baked Products,500.0,5.4,24.1,66.0,34.0,2.2,0.02,0.0,0.0,2.4,0.21,0.31,0.0,2.5,9.0,0.0,44.0,0.3,0.0,0.0,0.0,0.0,0.0,1
mother's,Old Fashioned Iced Oatmeal Cookies,Baked Products,461.0,6.0,16.9,72.8,35.8,2.7,0.02,0.0,0.0,2.4,0.21,0.34,0.0,2.3,9.0,0.0,42.0,0.3,0.0,0.0,0.0,0.0,0.0,1
mother's,Peanut Butter Gauchos Cookies,Baked Products,482.0,7.4,22.0,65.7,32.3,2.7,0.01,0.0,0.45,4.1,0.17,0.28,0.0,2.3,7.0,0.0,33.0,0.4,0.0,0.0,0.0,0.0,0.0,1
mother's,Taffy Sandwich Cookies,Baked Products,475.0,3.8,20.2,69.9,41.2,2.3,0.04,0.0,0.0,2.1,0.17,0.26,0.0,2.1,15.0,0.0,49.0,0.5,0.0,0.0,0.0,0.0,0.0,1
murray,"SUGAR FREE, Vanilla Sugar Wafer",Baked Products,458.0,3.2,27.6,68.5,0.8,17.2,0.0,0.0,0.0,1.8,0.15,0.24,0.0,1.5,7.0,0.0,40.0,0.0,0.0,0.0,0.0,0.0,0.0,3
murray,Chocolatey Chip Thins Cookies,Baked Products,466.0,7.1,16.4,73.6,23.2,2.0,0.03,0.0,0.0,4.0,0.33,0.52,0.0,3.3,19.0,0.0,80.0,0.5,0.0,0.0,0.0,0.0,0.0,1
murray,"COOKIE JAR CLASSICS, Coconut Bars Cookies",Baked Products,461.0,7.1,15.7,73.9,22.6,2.0,0.03,0.0,0.0,4.0,0.34,0.53,0.0,3.3,16.0,0.0,79.0,0.5,0.0,0.0,0.0,0.0,0.0,1
murray,Duplex Creme Sandwich Cookies,Baked Products,475.0,4.9,18.8,72.6,37.6,1.8,0.02,0.0,0.0,2.8,0.23,0.34,0.0,2.7,23.0,0.0,83.0,0.3,0.0,0.0,0.0,0.0,0.0,1
murray,Lemon Creme Sandwich Cookies,Baked Products,479.0,4.7,18.8,73.7,37.8,1.2,0.02,0.0,0.0,2.7,0.23,0.35,0.0,2.2,10.0,0.0,51.0,0.3,0.0,0.0,0.0,0.0,0.0,1
murray,JACKS Vanilla Wafers,Baked Products,438.0,4.8,11.9,78.1,37.6,1.1,0.02,0.0,0.0,3.0,0.23,0.35,0.0,2.6,10.0,0.0,50.0,0.4,0.0,0.0,0.0,0.0,0.0,1
murray,Old Fashioned Iced Oatmeal Cookies,Baked Products,459.0,5.0,17.5,71.0,32.5,1.7,0.01,0.0,0.0,2.7,0.0,0.33,0.0,2.5,9.0,0.0,48.0,0.3,0.0,0.0,0.0,0.0,0.0,1
murray,"SOUTHERN KITCHEN, Chocolate Chip Cookies",Baked Products,493.0,5.5,23.7,66.5,30.5,2.5,0.02,0.0,0.0,2.7,0.23,0.36,0.0,3.3,36.0,0.0,130.0,0.7,0.0,0.0,0.0,0.0,0.0,1
murray,"SOUTHERN KITCHEN, Coconut Cookies",Baked Products,511.0,5.7,25.5,65.5,30.4,3.0,0.04,0.0,0.0,2.6,0.23,0.35,0.0,2.4,17.0,0.0,65.0,0.5,0.0,0.0,0.0,0.0,0.0,1
murray,"SOUTHERN KITCHEN, Iced Oatmeal Cookies",Baked Products,467.0,6.5,18.3,69.5,35.6,4.1,0.01,0.0,0.0,1.6,0.15,0.26,0.0,1.9,5.0,0.0,26.0,0.2,0.0,0.0,0.0,0.0,0.0,1
murray,"SUGAR FREE, Chocolate Bites Cookies",Baked Products,363.0,8.1,12.7,74.9,0.6,19.6,0.0,0.0,0.0,3.9,0.28,0.39,0.0,5.2,55.0,0.0,133.0,1.1,0.0,0.0,0.0,0.0,0.0,3
murray,"SUGAR FREE, Chocolate Chip & Pecan Cookies",Baked Products,497.0,6.0,31.4,58.6,1.5,5.1,0.04,0.0,0.0,2.6,0.23,0.4,0.0,3.0,37.0,0.0,124.0,1.0,0.0,0.0,0.0,0.0,0.0,3
murray,"SUGAR FREE, Fudge Dipped Grahams",Baked Products,483.0,5.7,27.5,63.3,0.4,3.8,0.04,0.0,0.0,1.9,0.16,0.23,0.0,3.1,24.0,0.0,117.0,0.6,0.0,0.0,0.0,0.0,0.0,3
murray,"SUGAR FREE, Fudge Dipped Mint Cookies",Baked Products,481.0,6.0,27.0,63.5,0.6,4.6,0.03,0.0,0.0,2.6,0.19,0.25,0.0,3.6,45.0,0.0,96.0,0.3,0.0,0.0,0.0,0.0,0.0,3
murray,"SUGAR FREE, Fudge Dipped Wafers",Baked Products,486.0,3.4,33.5,61.2,0.4,13.3,0.0,0.0,0.0,1.0,0.08,0.11,0.0,1.4,17.0,0.0,45.0,0.3,0.0,0.0,0.0,0.0,0.0,3
murray,"SUGAR FREE, Peanut Butter Cookies",Baked Products,505.0,9.5,30.8,55.8,1.7,5.7,0.0,0.0,0.0,5.2,0.23,0.41,0.0,2.5,43.0,0.0,172.0,0.0,0.0,0.0,0.0,0.0,0.0,3
murray,"SUGAR FREE, Pecan Shortbread Cookies",Baked Products,514.0,5.9,33.5,57.3,1.1,4.6,0.03,0.0,0.0,3.0,0.26,0.42,0.0,2.5,17.0,0.0,99.0,0.6,0.0,0.0,0.0,0.0,0.0,3
murray,"SUGAR FREE, Lemon Creme Sandwich Cookies",Baked Products,469.0,4.9,23.9,68.3,1.2,3.3,0.04,0.0,0.0,2.7,0.23,0.35,0.0,2.2,10.0,0.0,53.0,0.3,0.0,0.0,0.0,0.0,0.0,3
murray,"SUGAR FREE, Vanilla Creme Sandwich Cookies",Baked Products,467.0,4.9,23.1,70.0,1.2,3.4,0.04,0.0,0.0,2.7,0.23,0.36,0.0,2.2,11.0,0.0,54.0,0.3,0.0,0.0,0.0,0.0,0.0,3
murray,"SUGAR FREE, Shortbread Cookies",Baked Products,431.0,7.0,17.8,71.6,1.3,5.7,0.06,0.0,0.0,3.8,0.33,0.51,0.0,3.1,15.0,0.0,98.0,0.5,0.0,0.0,0.0,0.0,0.0,3
murray,"SUGAR FREE, Shortbread Bites",Baked Products,371.0,6.5,15.5,75.3,1.2,14.9,0.02,0.0,0.0,3.6,0.3,0.48,0.0,3.0,24.0,0.0,109.0,0.4,0.0,0.0,0.0,0.0,0.0,3
murray,"SUGAR FREE, Vanilla Wafer",Baked Products,412.0,5.9,16.8,74.0,1.4,5.6,0.08,0.0,0.0,3.0,0.27,0.39,0.0,2.4,12.0,0.0,59.0,0.4,0.0,0.0,0.0,0.0,0.0,3
murray,Vanilla Sugar Wafer,Baked Products,527.0,3.9,25.7,70.0,41.0,1.0,0.0,0.0,0.0,2.2,0.2,0.3,0.0,1.8,8.0,0.0,46.0,0.0,0.0,0.0,0.0,0.0,0.0,1
murray,Vanilla Wafer,Baked Products,461.0,4.0,17.4,72.9,31.5,1.4,0.0,0.0,0.0,2.6,0.23,0.42,0.0,0.0,0.0,0.0,42.0,0.0,0.0,0.0,0.0,0.0,0.0,1
sunshine,"CHEEZ-IT, Asiago Crackers",Baked Products,502.0,8.7,24.7,62.6,1.3,2.1,0.03,0.0,0.0,4.7,0.35,0.59,0.0,4.1,16.0,0.0,68.0,0.7,0.0,0.0,0.0,0.0,0.0,3
sunshine,"CHEEZ-IT, Baby Swiss Crackers",Baked Products,503.0,8.6,24.7,63.1,1.4,2.2,0.03,0.0,0.0,4.7,0.35,0.59,0.0,4.1,16.0,0.0,68.0,0.7,0.0,0.0,0.0,0.0,0.0,3
sunshine,"CHEEZ-IT, BIG Crackers",Baked Products,507.0,11.4,26.3,57.4,0.5,2.4,0.03,0.0,0.0,4.4,0.33,0.54,147.0,3.9,15.0,0.0,63.0,0.7,0.1,0.0,0.0,0.0,0.0,3
sunshine,"CHEEZ-IT, Cheddar Jack Crackers",Baked Products,460.0,9.5,22.0,57.6,1.2,2.4,0.0,0.0,0.0,4.3,0.34,0.54,103.0,3.9,16.0,0.0,65.0,0.0,0.125,0.0,0.0,0.0,0.0,3
sunshine,"CHEEZ-IT, Colby Crackers",Baked Products,512.0,9.55,26.85,59.25,1.2,2.2,0.03,0.0,0.0,4.4,0.33,0.545,104.0,3.9,15.0,0.0,63.0,0.7,0.101,0.0,0.0,0.0,0.0,3
sunshine,"CHEEZ-IT, Duoz Sharp Cheddar Parmesan Crackers",Baked Products,500.0,9.7,25.0,60.5,1.5,2.3,0.0,0.0,0.0,4.5,0.35,0.57,89.0,4.0,16.0,0.0,67.0,0.0,0.0,0.0,0.0,0.0,0.0,3
sunshine,"CHEEZ-IT, Duoz Smoked Cheddar Monterey Jack Crackers",Baked Products,507.0,9.0,25.9,60.8,0.9,2.2,0.0,0.0,0.0,4.6,0.34,0.57,75.0,4.0,15.0,0.0,66.0,0.0,0.0,0.0,0.0,0.0,0.0,3
sunshine,"GRIPZ, Cheez-It Crackers",Baked Products,491.0,11.0,23.2,61.0,0.5,2.5,0.0,0.0,0.0,4.8,0.37,0.6,113.0,4.2,18.0,0.0,78.0,0.0,0.127,0.0,0.0,0.0,0.0,3
sunshine,"GRIPZ, Cheez-It Mixx and Cheesy Pizza Crackers",Baked Products,484.0,10.8,21.3,63.7,1.0,2.5,0.0,0.0,0.0,5.0,0.37,0.6,0.0,4.3,18.0,0.0,77.0,0.0,0.0,0.0,0.0,0.0,0.0,3
sunshine,"CHEEZ-IT, Hot & Spicy Crackers",Baked Products,513.0,8.3,26.1,61.2,1.0,2.9,0.0,0.0,0.0,4.55,0.36,0.58,0.0,4.26,0.0,0.0,72.0,0.0,0.384,0.0,0.0,0.0,0.0,3
sunshine,"CHEEZ-IT, Italian Four Cheese Crackers",Baked Products,500.0,8.4,24.6,62.4,0.7,2.2,0.03,0.0,0.0,4.7,0.35,0.59,0.0,4.1,16.0,0.0,68.0,0.7,0.0,0.0,0.0,0.0,0.0,3
sunshine,"CHEEZ-IT, Crackers (made with Whole Grain)",Baked Products,511.0,10.7,26.5,58.2,0.5,4.3,0.0,0.0,0.0,3.4,0.26,0.42,116.0,3.9,13.0,0.0,51.0,0.0,0.119,0.0,0.0,0.0,0.0,3
sunshine,"CHEEZ-IT, Mozzarella Crackers",Baked Products,500.0,8.6,23.8,64.1,1.4,2.2,0.03,0.0,0.0,4.8,0.36,0.6,0.0,4.1,16.0,0.0,69.0,0.8,0.0,0.0,0.0,0.0,0.0,3
sunshine,"CHEEZ-IT, Parmesan Garlic Crackers",Baked Products,503.0,8.5,25.1,62.0,1.6,2.1,0.0,0.0,0.0,4.7,0.35,0.58,0.0,4.0,16.0,0.0,68.0,0.0,0.0,0.0,0.0,0.0,0.0,3
sunshine,"CHEEZ-IT, Pepper Jack Crackers",Baked Products,503.0,8.8,25.0,61.9,0.8,2.6,0.0,0.0,0.0,4.8,0.37,0.59,0.0,4.1,18.0,0.0,74.0,0.0,0.197,0.0,0.0,0.0,0.0,3
sunshine,"CHEEZ-IT, White Cheddar, Reduced Fat Crackers",Baked Products,443.0,9.7,13.6,72.0,1.2,2.5,0.0,0.0,0.0,5.5,0.41,0.67,0.0,4.7,18.0,0.0,79.0,0.0,0.0,0.0,0.0,0.0,0.0,3
sunshine,"CHEEZ-IT, 100 Calorie RIGHT BITES, Extra Cheesy Party Mix",Baked Products,473.0,8.5,17.4,65.3,2.7,3.1,0.01,0.0,0.0,1.7,0.13,0.22,0.0,3.8,6.0,0.0,25.0,0.3,0.0,0.0,0.0,0.0,0.0,3
sunshine,"CHEEZ-IT, 100 Calorie Right Bites, Reduced Fat",Baked Products,452.0,13.3,14.6,67.0,0.8,2.2,0.07,0.0,0.0,5.7,0.41,0.64,137.0,4.4,19.0,0.0,104.0,0.6,0.0,0.0,0.0,0.0,0.0,3
sunshine,"CHEEZ-IT, Scrabble Jr. Crackers",Baked Products,466.0,10.9,17.3,67.9,0.6,2.6,0.0,0.0,0.0,5.2,0.39,0.65,0.0,4.6,18.0,0.0,75.0,0.0,0.117,0.0,0.0,0.0,0.0,3
sunshine,"CHEEZ-IT, Snack Mix",Baked Products,438.0,9.0,15.2,66.7,2.2,3.7,0.0,0.0,0.0,1.65,0.13,0.21,84.0,3.84,15.0,0.0,62.0,0.0,0.0,0.0,0.0,0.0,0.0,3
sunshine,"CHEEZ-IT, Snack Mix, White Cheddar",Baked Products,473.0,8.55,20.6,65.7,2.15,3.2,0.02,0.0,0.0,3.8,0.28,0.455,0.0,3.7,25.0,0.0,80.0,0.65,0.0,0.0,0.0,0.0,0.0,3
keebler,"ZESTA, Export Sodas Crackers",Baked Products,414.0,5.6,11.5,74.0,2.3,3.3,0.0,0.0,0.0,5.1,0.39,0.62,0.0,4.3,0.0,0.0,0.0,0.0,0.0,0.0,0.0,0.0,0.0,3
austin,"Peanut Butter on Cheese Crackers, sandwich-type",Baked Products,492.0,10.8,24.5,59.0,9.0,3.2,0.0,0.0,0.0,3.7,0.28,0.43,50.0,3.5,12.0,0.0,183.0,0.0,0.0,0.0,0.0,0.0,0.0,3
austin,"Peanut Butter on Toasty Crackers, sandwich-type",Baked Products,489.0,10.6,23.8,60.2,11.6,3.2,0.0,0.0,0.0,3.5,0.27,0.41,54.0,3.3,12.0,0.0,118.0,0.0,0.0,0.0,0.0,0.0,0.0,3
austin,"Cheddar Cheese on Wafer Crackers, sandwich-type",Baked Products,489.0,7.8,23.0,62.6,14.3,1.3,0.0,0.0,0.0,3.6,0.27,0.42,156.0,3.2,12.0,0.0,139.0,0.0,0.0,0.0,0.0,0.0,0.0,3
kellogg's,"EGGO Minis, Pancakes, Buttermilk",Baked Products,251.0,5.5,8.2,39.6,10.3,1.0,0.36,0.0,0.0,3.6,0.31,0.27,36.0,4.1,1.0,0.0,182.0,0.0,0.273,0.0011,0.0,0.0,0.0,0
kellogg's,"EGGO, Waffles, Chocolate Chip",Baked Products,291.0,5.8,10.1,44.8,13.1,1.5,0.57,0.0,0.0,5.7,0.49,0.43,357.0,6.4,16.0,0.0,272.0,0.4,0.429,0.0017,0.0,0.0,0.0,3
famous amos,Chocolate Sandwich Creme Cookies,Baked Products,474.0,4.3,19.1,72.3,40.4,2.2,0.01,0.0,0.0,2.6,0.19,0.25,0.0,3.4,39.0,0.0,114.0,0.2,0.0,0.0,0.0,0.0,0.0,1
famous amos,Vanilla Sandwich Creme Cookies,Baked Products,485.0,4.9,19.3,73.8,37.2,1.3,0.02,0.0,0.0,2.8,0.24,0.37,0.0,2.3,10.0,0.0,67.0,0.3,0.0,0.0,0.0,0.0,0.0,1
keebler,"Grahams, Cinnamon Crisp",Baked Products,430.0,5.9,12.2,76.3,26.9,3.3,0.02,0.0,0.0,3.5,0.24,0.44,381.0,3.5,12.0,0.0,110.0,0.5,0.0,0.0,0.0,0.0,0.0,1
keebler,Oatmeal Cookies,Baked Products,478.0,7.1,20.1,67.7,30.9,4.5,0.01,0.0,0.0,1.7,0.16,0.29,0.0,2.1,6.0,0.0,28.0,0.2,0.0,0.0,0.0,0.0,0.0,1
keebler,Cheese & Peanut Butter Sandwich Crackers,Baked Products,492.0,10.8,24.5,59.0,9.0,3.2,0.0,0.0,0.0,3.7,0.28,0.43,50.0,3.5,12.0,0.0,183.0,0.0,0.0,0.0,0.0,0.0,0.0,3
keebler,"READY CRUST, Graham Pie Crust (10""), Reduced Fat",Baked Products,472.0,4.9,17.5,73.5,29.7,2.5,0.0,0.0,0.0,2.8,0.2,0.35,0.0,2.6,5.0,0.0,109.0,0.0,0.0,0.0,0.0,0.0,0.0,1
keebler,"SANDIES, Simply Shortbread Cookies",Baked Products,528.0,6.0,28.8,62.2,22.6,1.4,0.02,0.0,0.0,3.1,0.28,0.42,0.0,2.6,12.0,0.0,61.0,0.4,0.119,0.0,0.0,0.0,0.0,1
keebler,Sugar Cones,Baked Products,375.0,7.3,3.7,78.0,26.4,2.1,0.0,0.0,0.0,3.7,0.28,0.42,0.0,3.2,9.0,0.0,2.0,0.0,0.0,0.0,0.0,0.0,0.0,1
mother's,Old Fashioned Oatmeal Cookies,Baked Products,470.0,6.5,18.4,71.2,31.3,3.0,0.02,0.0,0.0,2.6,0.23,0.37,0.0,2.5,9.0,0.0,46.0,0.3,0.0,0.0,0.0,0.0,0.0,1
mother's,Vanilla Sandwich Cookies,Baked Products,469.0,4.8,20.1,68.9,30.1,1.3,0.02,0.0,0.0,2.9,0.25,0.36,0.0,2.5,11.0,0.0,55.0,0.5,0.0,0.0,0.0,0.0,0.0,1
murray,"COOKIE JAR CLASSICS, Butter Cookies",Baked Products,463.0,7.2,15.7,74.3,22.3,1.9,0.03,0.0,0.0,4.1,0.34,0.54,0.0,3.3,15.0,0.0,75.0,0.5,0.0,0.0,0.0,0.0,0.0,1
murray,Chocolate Creme Sandwich Cookies,Baked Products,473.0,4.9,19.4,71.3,38.4,2.2,0.02,0.0,0.0,2.8,0.22,0.31,0.0,3.2,36.0,0.0,113.0,0.3,0.0,0.0,0.0,0.0,0.0,1
murray,Vanilla Creme Sandwich Cookies,Baked Products,477.0,4.9,18.3,73.9,36.9,1.3,0.02,0.0,0.0,2.8,0.24,0.37,0.0,2.2,10.0,0.0,53.0,0.3,0.0,0.0,0.0,0.0,0.0,1
murray,Honey Graham,Baked Products,445.0,5.9,13.2,75.7,22.0,2.7,0.0,0.0,0.0,3.1,0.25,0.42,379.0,3.8,0.0,0.0,45.0,0.0,0.0,0.0,0.0,0.0,0.0,1
murray,Old Fashioned Gingersnaps Cookies,Baked Products,463.0,5.1,16.4,73.9,31.4,1.3,0.02,0.0,0.0,3.2,0.24,0.37,0.0,3.2,12.0,0.0,55.0,0.4,0.0,0.0,0.0,0.0,0.0,1
murray,"SOUTHERN KITCHEN, Oatmeal Cookies",Baked Products,478.0,7.1,20.1,67.7,30.9,4.5,0.01,0.0,0.0,1.7,0.16,0.29,0.0,2.1,6.0,0.0,28.0,0.2,0.0,0.0,0.0,0.0,0.0,1
murray,"SUGAR FREE, Chocolate Chip Cookies",Baked Products,469.0,5.6,27.0,63.6,1.2,4.8,0.02,0.0,0.0,2.7,0.23,0.36,0.0,3.2,33.0,0.0,111.0,0.6,0.0,0.0,0.0,0.0,0.0,3
murray,"SUGAR FREE, Oatmeal Cookies",Baked Products,451.0,6.7,22.7,66.6,1.2,8.5,0.02,0.0,0.0,2.6,0.23,0.37,0.0,2.8,10.0,0.0,85.0,0.3,0.0,0.0,0.0,0.0,0.0,3
murray,"SUGAR FREE, Chocolate Creme Sandwich Cookies",Baked Products,465.0,5.3,24.8,65.9,1.1,4.5,0.06,0.0,0.0,2.8,0.22,0.29,0.0,3.5,43.0,0.0,110.0,0.3,0.0,0.0,0.0,0.0,0.0,3
sunshine,"CHEEZ-IT, Original Crackers",Baked Products,507.0,11.4,26.3,57.4,0.5,2.4,0.03,0.0,0.0,4.4,0.33,0.54,147.0,3.9,15.0,0.0,63.0,0.7,0.1,0.0,0.0,0.0,0.0,3
sunshine,"CHEEZ-IT, Reduced Fat Crackers",Baked Products,449.0,13.3,14.5,67.0,0.8,2.2,0.07,0.0,0.0,5.7,0.41,0.64,137.0,4.4,19.0,0.0,104.0,0.6,0.115,0.0,0.0,0.0,0.0,3
sunshine,"KRISPY, Soup & Oyster Crackers (large)",Baked Products,416.0,8.6,9.3,76.1,2.4,2.6,0.0,0.0,0.0,6.0,0.45,0.71,0.0,4.9,19.0,0.0,81.0,0.0,0.0,0.0,0.0,0.0,0.0,3
keebler,"ZESTA, Saltines, Original",Baked Products,418.0,8.2,9.0,76.1,1.6,2.5,0.0,0.0,0.0,5.2,0.41,0.63,0.0,4.0,0.0,0.0,0.0,0.0,0.0,0.0,0.0,0.0,0.0,3
keebler,"ZESTA, Saltines with Whole Wheat",Baked Products,416.0,8.4,9.6,75.1,2.1,3.2,0.0,0.0,0.0,5.2,0.39,0.61,0.0,3.89,0.0,0.0,0.0,0.0,0.0,0.0,0.0,0.0,0.0,3
bread,"chapati or roti, whole wheat, frozen",Baked Products,299.0,7.85,9.2,46.13,2.93,9.7,0.28,0.0,0.55,4.61,0.18,0.45,36.0,2.2,56.0,1.747,158.0,1.54,0.0,0.0,0.045,0.000229,0.0266,3
bread,"paratha (Indian bread), whole wheat, frozen",Baked Products,326.0,6.36,13.2,45.35,4.15,9.6,0.08,0.0,1.35,1.83,0.076,0.11,25.0,1.61,37.0,1.054,120.0,0.82,0.002,0.0,0.01,0.000146,0.0070999999999999,3
bread,"naan (Indian bread), whole wheat, refrigerated",Baked Products,286.0,10.2,6.7,46.21,3.4,4.8,0.128,0.0,1.32,3.58,0.18,0.176,59.0,1.73,68.0,1.4,188.0,1.24,0.002,0.0,0.016,0.000158,0.0114,3
bread,"roll, Mexican, bollilo",Baked Products,318.0,10.65,5.8,55.77,3.55,2.2,0.105,0.2,0.0,5.585,0.43,0.68,41.0,3.9,30.0,0.68,111.0,0.88,0.001,0.00013,0.176,0.000135,0.0387999999999999,3
cookie,"vanilla with caramel, coconut, and chocolate coating",Baked Products,489.0,3.5,25.8,64.1,35.8,4.4,0.05,0.2,2.42,1.2,0.12,0.14,40.0,3.2,30.0,0.227,76.0,0.5,0.006,4e-05,0.042,0.00038,0.0094,1
cookie,"with peanut butter filling, chocolate-coated",Baked Products,558.0,8.1,35.3,52.2,30.9,3.5,0.102,0.0,4.32,4.5,0.09,0.14,35.0,2.1,17.0,0.682,37.0,0.2,0.0,1e-05,0.074,0.000585,0.0073,1
cookies,"animal, with frosting or icing",Baked Products,509.0,3.0,24.1,70.09,41.1,0.9,0.014,0.0,0.93,1.7,0.15,0.28,6.0,1.57,7.0,0.0,5.0,0.24,0.0,0.0,0.094,5.2e-05,0.0113,1
crackers,multigrain,Baked Products,482.0,7.1,20.4,67.6,12.0,3.5,0.117,0.0,1.75,3.4,0.28,0.52,14.0,2.59,29.0,0.0,292.0,0.98,0.0,0.0,0.143,0.0001509999999999,0.0261,3
cookie,"butter or sugar, with chocolate icing or filling",Baked Products,503.0,4.1,23.5,68.83,33.8,1.9,0.026,0.0,1.81,2.1,0.19,0.34,19.0,2.44,13.0,0.0,74.0,0.2,0.0,3e-05,0.094,0.000365,0.009,1
cookie,"chocolate, with icing or coating",Baked Products,507.0,4.5,24.2,67.87,32.0,2.3,0.023,0.0,2.79,2.5,0.19,0.29,15.0,3.0,25.0,0.0,75.0,0.3,0.0,2e-05,0.092,0.000267,0.0118,1
tortillas,"ready-to-bake or -fry, whole wheat",Baked Products,310.0,9.76,9.76,45.89,2.44,9.8,0.312,0.0,0.9,4.858,0.289,0.823,244.0,2.63,85.0,0.0,346.0,1.92,0.0,0.0,0.138,0.000266,0.037,3
cake,"snack cakes, creme-filled, chocolate with frosting, low-fat",Baked Products,409.0,3.71,13.0,69.37,33.42,14.9,0.046,0.0,1.13,2.102,0.296,0.276,149.0,4.01,34.0,0.0,146.0,0.73,0.001,0.0001799999999999,0.105,0.000243,0.0205,3
cake,"snack cakes, not chocolate, with icing or filling, low-fat",Baked Products,405.0,3.71,11.14,72.49,29.71,14.9,0.331,0.0,1.15,4.317,0.372,0.301,223.0,1.34,142.0,0.0,302.0,2.0,0.005,0.0002399999999999,0.09,0.000267,0.0352,3
cookies,"brownies, commercially prepared, reduced fat",Baked Products,345.0,2.77,9.68,61.58,38.73,11.1,0.019,0.0,0.59,1.441,0.247,0.178,0.0,1.99,31.0,0.0,59.0,0.46,0.0,2e-05,0.066,0.000178,0.0129,1
cookies,"chocolate sandwich, with creme filling, reduced fat",Baked Products,436.0,2.94,13.24,76.17,41.18,2.9,0.02,0.0,1.68,2.235,0.204,0.29,0.0,3.18,25.0,0.0,66.0,0.49,0.0,0.0,0.107,0.000188,0.0132,1
cookies,"oatmeal sandwich, with creme filling",Baked Products,398.0,2.61,18.29,55.62,31.36,2.6,0.046,0.0,2.21,1.146,0.111,0.236,0.0,1.88,35.0,0.824,94.0,0.67,0.001,1e-05,0.056,0.000137,0.0068,1
cookies,"peanut butter, commercially prepared, sugar free",Baked Products,523.0,10.34,31.03,50.52,0.0,3.4,0.112,0.0,3.51,5.538,0.222,0.34,0.0,2.48,49.0,0.0,132.0,1.05,0.0,0.0,0.117,0.000199,0.0166,3
cookies,"graham crackers, plain or honey, lowfat",Baked Products,386.0,5.71,5.71,77.96,22.86,5.7,0.158,0.0,0.86,3.818,0.236,0.453,429.0,3.09,56.0,0.0,163.0,1.16,0.0,0.0,0.118,0.000197,0.0337,3
crackers,"cheese, whole grain",Baked Products,412.0,9.62,16.03,57.29,0.0,6.4,0.203,0.0,1.08,5.13,0.545,0.289,128.0,3.46,68.0,0.0,264.0,1.84,0.012,6e-05,0.146,0.000231,0.0402999999999999,3
waffles,"whole wheat, lowfat, frozen, ready-to-heat",Baked Products,257.0,7.14,3.57,49.16,4.29,4.3,0.571,0.0,0.41,5.714,0.486,0.429,143.0,6.43,65.0,1.711,286.0,1.17,0.155,0.00171,0.088,0.000193,0.0305,3
pancakes,"plain, reduced fat",Baked Products,269.0,5.71,1.9,57.32,8.57,1.0,0.039,0.0,0.25,2.857,0.243,0.357,57.0,1.71,16.0,0.0,190.0,0.52,0.007,0.0001,0.177,9.3e-05,0.022,3
bread,"chapati or roti, plain, commercially prepared",Baked Products,297.0,11.25,7.45,46.36,2.72,4.9,0.27,0.0,0.88,6.78,0.2,0.55,93.0,3.01,62.0,1.251,184.0,1.57,0.0,0.0,0.0,0.000252,0.0537,3
bread,"naan (Indian bread), plain, commercially prepared, refrigerated",Baked Products,291.0,9.62,5.65,50.43,3.55,2.2,0.095,0.0,0.79,5.84,0.51,0.78,84.0,3.25,27.0,0.514,100.0,0.81,0.0,0.0,0.0,0.000129,0.0278999999999999,3
crackers,"standard snack-type, with whole wheat",Baked Products,463.0,7.29,17.84,68.37,10.43,4.9,0.18,0.0,2.9,4.453,0.243,0.32,167.0,3.65,47.0,0.916,356.0,1.11,0.0,0.0,0.0,0.000197,0.0087,3
cookies,coconut macaroon,Baked Products,460.0,3.02,22.55,61.22,45.16,5.1,0.096,0.0,0.19,0.22,0.06,0.02,5.0,0.82,29.0,0.0,68.0,0.73,0.0,0.0,0.003,0.000269,0.0068,1
campbell's,Tomato juice,Vegetables,21.0,0.82,0.0,4.12,2.88,0.8,0.0,29.6,0.0,0.0,0.0,0.0,8.0,0.15,0.0,0.0,0.0,0.0,0.0,0.0,0.0,0.0,0.0,0
campbell's,"Tomato juice, low sodium",Vegetables,21.0,0.82,0.0,4.12,2.88,0.8,0.0,29.6,0.0,0.0,0.0,0.0,8.0,0.15,0.0,0.0,0.0,0.0,0.0,0.0,0.0,0.0,0.0,0
campbell's,"V8 Vegetable Juice, Organic V8",Vegetables,20.0,0.41,0.0,4.53,3.29,0.8,0.0,29.6,0.0,0.0,0.0,0.0,8.0,0.3,0.0,0.0,0.0,0.0,0.0,0.0,0.0,0.0,0.0,0
campbell's,Organic Tomato juice,Vegetables,21.0,0.82,0.0,4.12,2.88,0.8,0.0,29.6,0.0,0.0,0.0,0.0,8.0,0.15,0.0,0.0,0.0,0.0,0.0,0.0,0.0,0.0,0.0,0
healthy request tomato juice,No_descr,Vegetables,21.0,0.82,0.0,4.53,3.7,0.8,0.0,29.6,5.56,0.0,0.0,0.0,8.0,0.0,0.0,0.0,0.0,0.0,0.0,0.0,0.0,0.0,0.0,0
campbell's,V8 100% Vegetable Juice,Vegetables,21.0,0.82,0.0,4.12,3.29,0.8,0.0,29.6,0.0,0.0,0.0,0.0,16.0,0.3,0.0,0.0,0.0,0.0,0.0,0.0,0.0,0.0,0.0,0
campbell's,"V8 Vegetable Juice, Essential Antioxidants V8",Vegetables,21.0,0.82,0.0,4.53,3.29,0.8,0.0,49.4,0.0,0.0,0.0,0.0,16.0,0.3,0.0,0.0,0.0,0.62,0.0,0.0,0.0,0.0,0.0,0
campbell's,"V8 Vegetable Juice, Calcium Enriched V8",Vegetables,21.0,0.82,0.0,4.53,3.29,0.8,0.0,29.6,0.0,0.0,0.0,0.0,123.0,0.3,0.0,0.0,0.0,0.0,0.0,0.0,0.0,0.0,0.0,0
campbell's,"V8 Vegetable Juice, Low Sodium V8",Vegetables,21.0,0.82,0.0,4.12,3.29,0.8,0.0,29.6,0.0,0.0,0.0,0.0,8.0,0.15,0.0,0.0,0.0,0.0,0.041,0.0,0.0,0.0,0.0,0
campbell's,"V8 Vegetable Juice, Spicy Hot V8",Vegetables,21.0,0.82,0.0,4.12,3.29,0.8,0.0,29.6,0.0,0.0,0.0,0.0,16.0,0.44,0.0,0.0,0.0,0.0,0.0,0.0,0.0,0.0,0.0,0
pace,Jalapenos Nacho Sliced Peppers,Vegetables,13.0,0.0,0.0,3.33,3.33,3.3,0.0,12.0,0.0,0.0,0.0,0.0,67.0,0.0,0.0,0.0,0.0,0.0,0.0,0.0,0.0,0.0,0.0,0
pace,Diced Green Chilies,Vegetables,27.0,0.0,0.0,6.67,3.33,3.3,0.0,12.0,0.0,0.0,0.0,0.0,0.0,0.0,0.0,0.0,0.0,0.0,0.0,0.0,0.0,0.0,0.0,0
campbell's,"V8 60% Vegetable Juice, V8 V-Lite",Vegetables,14.0,0.41,0.0,2.88,2.06,0.4,0.0,29.6,0.0,0.0,0.0,0.0,16.0,0.3,0.0,0.0,0.0,0.0,0.0,0.0,0.0,0.0,0.0,0
campbell's,"V8 Vegetable Juice, Low Sodium Spicy Hot",Vegetables,21.0,0.82,0.0,4.53,3.29,0.8,0.0,24.7,0.0,0.0,0.0,0.0,8.0,0.15,25.0,0.0,25.0,0.12,0.0,0.0,0.0,0.0,0.0,0
campbell's,"V8 Vegetable Juice, High Fiber V8",Vegetables,25.0,0.82,0.0,5.39,3.29,2.1,0.0,29.6,0.0,0.0,0.0,0.0,16.0,0.3,0.0,0.0,0.0,0.0,0.0,0.0,0.0,0.0,0.0,0
seaweed,"Canadian Cultivated EMI-TSUNOMATA, dry",Vegetables,259.0,15.34,1.39,46.24,0.0,36.7,0.23,29.0,5.53,3.75,1.59,0.48,299.0,66.38,692.0,5.88,260.0,2.53,0.406,0.00225,0.188,0.00047,0.0,3
seaweed,"Canadian Cultivated EMI-TSUNOMATA, rehydrated",Vegetables,31.0,1.86,0.17,5.62,0.0,4.5,0.03,3.5,0.67,0.46,0.19,0.06,36.0,8.07,84.0,0.71,32.0,0.31,0.049,0.00027,0.023,6e-05,0.0,0
potatoes,"hash brown, refrigerated, unprepared",Vegetables,84.0,1.75,0.08,19.16,0.91,1.8,0.257,4.9,0.07,1.777,0.022,0.027,6.0,0.48,19.0,0.14,70.0,0.38,0.0,0.0,0.0,6.2e-05,0.0029,0
potatoes,"hash brown, refrigerated, prepared, pan-fried in canola oil",Vegetables,242.0,3.24,10.3,33.99,1.16,3.6,0.363,2.7,1.68,3.193,0.05,0.027,10.0,0.74,32.0,0.225,122.0,0.63,0.0,0.0,0.0,0.000107,0.0,0
sweet potatoes,"french fried, frozen, unprepared",Vegetables,152.0,1.57,5.06,24.94,8.19,3.6,0.0,4.5,0.0,0.0,0.0,0.0,27.0,0.76,0.0,0.0,0.0,0.0,0.0,0.0,0.0,0.0,0.0,0
sweet potatoes,"french fried, crosscut, frozen, unprepared",Vegetables,209.0,1.7,11.1,25.52,6.46,3.4,0.0,4.2,0.0,0.0,0.0,0.0,39.0,0.44,0.0,0.0,0.0,0.0,0.0,0.0,0.0,0.0,0.0,0
sweet potato puffs,"frozen, unprepared",Vegetables,161.0,1.36,3.58,30.72,7.65,1.9,0.0,2.2,0.0,0.0,0.0,0.0,57.0,0.4,0.0,0.0,0.0,0.0,0.0,0.0,0.0,0.0,0.0,0
potatoes,"yellow fleshed, roasted, salt added in processing, frozen, unprepared",Vegetables,119.0,1.99,1.85,23.44,0.31,2.6,0.0,6.0,0.0,0.0,0.0,0.0,11.0,0.45,0.0,0.0,0.0,0.0,0.0,0.0,0.0,0.0,0.0,0
potatoes,"yellow fleshed, french fried, frozen, unprepared",Vegetables,162.0,2.47,5.84,25.01,0.37,2.2,0.0,10.9,0.0,0.0,0.0,0.0,9.0,0.48,0.0,0.0,0.0,0.0,0.0,0.0,0.0,0.0,0.0,0
potatoes,"yellow fleshed, hash brown, shredded, salt added in processing, frozen, unprepared",Vegetables,81.0,2.04,0.07,17.98,0.23,2.0,0.0,7.8,0.0,0.0,0.0,0.0,9.0,0.31,0.0,0.0,0.0,0.0,0.0,0.0,0.0,0.0,0.0,0
potatoes,"french fried, wedge cut, frozen, unprepared",Vegetables,166.0,2.56,7.47,22.22,0.34,2.4,0.0,5.1,0.0,0.0,0.0,0.0,14.0,0.72,0.0,0.0,0.0,0.0,0.0,0.0,0.0,0.0,0.0,0
potatoes,"french fried, steak cut, salt not added in processing, frozen, unprepared",Vegetables,138.0,2.4,3.42,24.31,0.21,2.4,0.0,6.9,0.0,0.0,0.0,0.0,13.0,0.83,0.0,0.0,0.0,0.0,0.0,0.0,0.0,0.0,0.0,0
potatoes,"french fried, cross cut, frozen, unprepared",Vegetables,193.0,2.7,10.0,22.95,0.49,2.3,0.0,5.7,0.0,0.0,0.0,0.0,13.0,0.87,0.0,0.0,0.0,0.0,0.0,0.0,0.0,0.0,0.0,0
rice and vermicelli mix,"beef flavor, unprepared","Meals, Entrees, and Side Dishes",359.0,10.84,1.27,76.02,4.27,1.6,0.16,1.9,0.18,5.287,0.113,0.687,32.0,2.82,34.0,0.952,125.0,1.34,0.07,5e-05,0.292,0.000186,0.0264,3
rice and vermicelli mix,"beef flavor, prepared with 80% margarine","Meals, Entrees, and Side Dishes",129.0,2.82,3.2,22.03,0.0,0.6,0.015,0.0,0.27,1.353,0.018,0.163,10.0,0.88,10.0,0.261,33.0,0.42,0.0,0.0,0.0,5.4e-05,0.0075,0
rice and vermicelli mix,"rice pilaf flavor, unprepared","Meals, Entrees, and Side Dishes",359.0,10.42,1.37,76.31,1.53,1.2,0.4,4.1,0.04,6.127,0.087,0.603,83.0,2.44,32.0,0.882,154.0,1.01,0.004,2e-05,0.347,0.000166,0.0324,3
rice and vermicelli mix,"rice pilaf flavor, prepared with 80% margarine","Meals, Entrees, and Side Dishes",148.0,2.94,3.7,25.67,0.26,0.6,0.133,0.0,0.26,1.853,0.027,0.167,29.0,0.85,11.0,0.287,48.0,0.39,0.039,0.0,0.0,5.7e-05,0.0103,0
macaroni and cheese,"box mix with cheese sauce, unprepared","Meals, Entrees, and Side Dishes",334.0,12.73,10.67,46.66,6.43,1.8,0.113,0.6,1.48,4.003,0.372,0.525,145.0,2.07,34.0,0.47,391.0,1.3,0.006,0.00039,0.217,0.000163,0.037,3
macaroni and cheese,"box mix with cheese sauce, prepared","Meals, Entrees, and Side Dishes",164.0,6.68,4.99,23.1,1.57,1.2,0.025,0.0,0.54,1.15,0.09,0.155,85.0,1.17,15.0,0.224,234.0,0.65,0.022,0.00027,0.0,6.7e-05,0.0,0
taquitos,"frozen, chicken and cheese, oven-heated","Meals, Entrees, and Side Dishes",284.0,9.21,12.54,33.63,1.3,2.9,0.14,0.0,1.13,3.85,0.277,0.331,104.0,2.47,24.0,0.387,132.0,0.71,0.03,0.0001799999999999,0.099,0.0001,0.0167,0
taquitos,"frozen, beef and cheese, oven-heated","Meals, Entrees, and Side Dishes",287.0,9.4,12.79,33.46,1.66,2.8,0.179,0.0,1.25,3.537,0.309,0.331,97.0,2.67,24.0,0.362,137.0,1.05,0.035,0.00028,0.113,0.000102,0.0154,0
pasta mix,"classic cheeseburger macaroni, unprepared","Meals, Entrees, and Side Dishes",349.0,11.6,1.88,71.51,4.97,2.7,0.127,2.3,0.43,5.703,0.433,0.86,28.0,2.75,35.0,0.655,131.0,0.82,0.025,0.0003,0.198,0.00014,0.0378,3
pasta mix,"classic beef, unprepared","Meals, Entrees, and Side Dishes",354.0,12.32,1.78,72.2,4.95,2.0,0.133,2.6,0.33,5.24,0.423,2.36,21.0,2.71,39.0,0.657,127.0,0.99,0.0,1e-05,0.197,0.000163,0.0432,3
pasta mix,"Italian lasagna, unprepared","Meals, Entrees, and Side Dishes",356.0,10.9,1.97,73.77,11.27,2.8,0.16,0.9,0.81,5.577,0.427,0.7,52.0,2.87,37.0,0.582,124.0,0.84,0.01,0.00019,0.187,0.000154,0.0249,3
yellow rice with seasoning,"dry packet mix, unprepared","Meals, Entrees, and Side Dishes",343.0,7.02,1.75,74.68,1.75,1.8,0.58,0.0,0.25,3.509,0.128,0.395,35.0,2.53,112.0,0.0,174.0,1.21,0.009,0.0,0.219,0.000272,0.0106,3
pizza rolls,"frozen, unprepared","Meals, Entrees, and Side Dishes",328.0,8.73,9.98,50.72,3.74,1.2,0.07,0.0,1.59,2.075,0.212,0.202,125.0,1.8,20.0,0.0,137.0,0.73,0.067,0.00026,0.071,0.000131,0.0121,3
potsticker or wonton,"pork and vegetable, frozen, unprepared","Meals, Entrees, and Side Dishes",136.0,8.28,5.52,13.28,2.76,1.4,0.248,8.3,0.25,2.236,0.127,0.367,28.0,0.74,21.0,0.0,127.0,1.67,0.005,0.00026,0.018,3.4e-05,0.0177,0
macaroni or noodles with cheese,"made from reduced fat packaged mix, unprepared","Meals, Entrees, and Side Dishes",297.0,13.1,4.03,52.06,5.04,2.0,0.117,0.0,0.56,4.118,0.383,0.54,202.0,1.81,35.0,0.0,403.0,1.34,0.03,0.0004,0.224,0.000168,0.0381,3
turnover,"cheese-filled, tomato-based sauce, frozen, unprepared","Meals, Entrees, and Side Dishes",235.0,10.24,9.45,27.29,7.87,1.6,0.095,0.0,0.79,1.575,0.201,0.236,276.0,1.85,23.0,0.0,47.0,1.26,0.052,0.00094,0.092,9.3e-05,0.0149,0
macaroni or noodles with cheese,"microwaveable, unprepared","Meals, Entrees, and Side Dishes",388.0,11.48,6.56,70.75,8.2,1.6,0.142,0.0,0.13,3.882,0.626,1.04,328.0,2.36,49.0,0.0,328.0,1.23,0.099,0.00077,0.334,0.000193,0.0475,3
pasta mix,"Italian four cheese lasagna, unprepared","Meals, Entrees, and Side Dishes",355.0,12.53,2.7,70.26,6.7,2.6,0.153,0.0,0.54,6.067,0.537,0.813,55.0,3.12,42.0,0.688,162.0,0.98,0.038,0.00052,0.0,0.000164,0.0368999999999999,3
spanish rice mix,"dry mix, unprepared","Meals, Entrees, and Side Dishes",363.0,10.62,1.62,76.45,3.83,3.1,0.248,0.0,0.86,7.179,0.288,0.822,29.0,3.32,37.0,0.79,146.0,1.03,0.023,0.0,0.0,0.00019,0.0331,3
lasagna,"cheese, frozen, unprepared","Meals, Entrees, and Side Dishes",145.0,5.06,4.22,21.61,3.8,1.7,0.078,1.5,0.66,1.354,0.127,0.172,84.0,0.76,19.0,0.241,90.0,0.63,0.023,0.0001,0.069,0.0001189999999999,0.0168,0
chicken,"thighs, frozen, breaded, reheated","Meals, Entrees, and Side Dishes",334.0,18.66,22.45,14.23,0.0,0.0,0.14,0.0,1.19,4.263,0.29,0.15,75.0,1.26,31.0,0.288,190.0,1.39,0.037,0.00054,0.0,0.0001189999999999,0.0257,2
spanish rice mix,"dry mix, prepared (with canola/vegetable oil blend or diced tomatoes and margarine)","Meals, Entrees, and Side Dishes",125.0,3.27,2.38,22.74,1.79,1.5,0.096,0.0,0.67,2.447,0.135,0.287,18.0,1.02,13.0,0.221,45.0,0.3,0.01,0.0,0.0,6.1e-05,0.0096,0
kashi three cheese ravioli with mediterranean tomato sauce,"frozen, unprepared","Meals, Entrees, and Side Dishes",139.0,5.5,4.2,19.7,3.6,2.1,0.0,0.0,0.0,0.2,0.0,0.0,81.0,0.8,1.0,0.0,4.0,0.0,0.0,0.0,0.0,0.0,0.0,0
kashi mushroom & asparagus risotto,"frozen, unprepared","Meals, Entrees, and Side Dishes",119.0,4.3,3.7,17.0,1.3,2.6,0.1,0.0,0.0,0.4,0.0,0.1,67.0,0.8,13.0,0.0,62.0,0.3,0.0,0.0,0.0,0.0,0.0,0
infant formula,"MEAD JOHNSON, ENFAMIL, Premium, Newborn, powder",Baby Foods,514.0,10.8,27.0,57.0,57.0,0.0,0.31,62.0,4.5,5.1,0.72,0.41,400.0,9.2,41.0,77.0,220.0,5.1,0.467,0.00154,0.139,0.00038,0.0144,1
infant formula,"MEAD JOHNSON, ENFAMIL, Premium LIPIL, Infant, powder",Baby Foods,510.0,10.8,27.0,57.0,57.0,0.0,0.31,62.0,6.9,5.0,0.72,0.41,390.0,9.2,41.0,0.077,220.0,5.1,0.458,0.00154,0.138,0.00038,0.0144,1
infant formula,"MEAD JOHNSON, ENFAMIL, Premium LIPIL, Infant, Liquid concentrate, not reconstituted",Baby Foods,129.0,2.73,6.83,14.42,14.42,0.0,0.078,15.7,1.17,1.291,0.182,0.104,101.0,2.33,10.0,0.019,56.0,1.29,0.118,0.00039,0.021,9.6e-05,0.0036,0
infant formula,"MEAD JOHNSON, ENFAMIL, Premium, Infant, Liquid concentrate, not reconstituted",Baby Foods,129.0,2.72,7.1,14.34,14.34,0.0,0.078,15.6,1.17,1.283,0.181,0.103,101.0,2.32,10.0,0.0,55.0,1.28,0.118,0.00039,0.021,9.6e-05,0.0036,0
infant formula,"MEAD JOHNSON, ENFAMIL, ENFAGROW, GENTLEASE, Toddler, LIPIL, powder",Baby Foods,494.0,12.9,26.0,52.0,52.0,0.0,0.3,60.0,4.46,5.0,0.7,0.4,970.0,9.9,40.0,0.075,650.0,5.0,0.452,0.00149,0.136,0.00037,0.0139,1
infant formula,"GERBER, GOOD START, PROTECT PLUS, powder",Baby Foods,512.0,11.3,26.1,57.0,57.0,0.0,0.384,51.0,4.5,5.376,0.717,0.512,343.0,7.7,36.0,0.077,195.0,4.1,0.465,0.0017,0.131,0.00041,0.015,1
infant formula,"GERBER GOOD START 2, GENTLE PLUS, powder",Baby Foods,492.0,10.8,25.1,57.1,57.1,0.0,0.369,59.0,4.41,5.166,0.689,0.492,935.0,9.8,34.0,0.074,522.0,3.9,0.447,0.0016,0.126,0.000394,0.015,1
infant formula,"GERBER, GOOD START 2, PROTECT PLUS, powder",Baby Foods,501.0,11.1,25.7,56.3,56.3,0.0,0.384,61.0,4.5,5.376,0.717,0.512,956.0,10.0,36.0,0.077,543.0,4.1,0.457,0.0017,0.131,0.00041,0.015,1
infant formula,"MEAD JOHNSON, ENFAMIL, ENFAGROW, Soy, Toddler, LIPIL, powder",Baby Foods,470.0,15.7,21.0,56.0,56.0,0.0,0.28,57.0,4.28,4.7,0.43,0.38,930.0,9.5,52.0,0.24,620.0,5.7,0.43,0.0014199999999999,0.129,0.0003599999999999,0.0133,1
infant formula,"ABBOTT NUTRITION, SIMILAC, GO AND GROW, powder, with ARA and DHA (formerly ROSS)",Baby Foods,512.0,15.36,27.65,52.2,52.2,0.0,0.307,61.0,10.3,5.376,0.768,0.512,998.0,10.2,46.0,0.026,666.0,3.84,0.465,0.00154,0.131,0.000461,0.0092,1
infant formula,"GERBER, GOOD START 2 SOY, with iron, powder",Baby Foods,501.0,12.5,25.6,55.6,55.6,0.0,0.301,60.0,6.75,5.261,0.471,0.301,526.0,9.0,55.0,55.0,316.0,4.5,0.455,0.0017,0.136,0.000401,0.015,1
infant formula,"MEAD JOHNSON, ENFAMIL, NUTRAMIGEN, AA LIPIL, powder, not reconstituted",Baby Foods,500.0,14.0,26.0,51.0,51.0,0.0,0.3,60.0,4.46,5.0,0.45,0.4,470.0,9.0,55.0,0.3,260.0,5.0,0.451,0.00149,0.136,0.00037,0.0139,1
infant formula,"MEAD JOHNSON, ENFAMIL, Premature, 20 calories ready-to-feed Low iron",Baby Foods,66.0,1.97,3.34,7.21,7.23,0.0,0.098,13.1,1.86,2.623,0.197,0.131,108.0,0.33,6.0,0.004,54.0,0.98,0.25,0.00016,0.045,7.9e-05,0.0018,0
infant formula,"MEAD JOHNSON, ENFAMIL, Premature, 24 calories ready-to-feed Low iron",Baby Foods,67.0,1.97,3.34,7.19,7.21,0.0,0.098,13.1,1.86,2.623,0.197,0.131,108.0,0.33,6.0,0.004,54.0,0.98,0.248,0.00016,0.045,7.9e-05,0.0018,0
infant formula,"MEAD JOHNSON, ENFAMIL, Premium, Infant, ready-to-feed",Baby Foods,66.0,1.38,3.48,7.39,7.39,0.0,0.039,7.9,0.63,0.657,0.092,0.053,51.0,1.18,5.0,0.009,28.0,0.66,0.06,0.0002,0.018,4.9000000000000005e-05,0.0018,0
infant formula,"MEAD JOHNSON, ENFAMIL, Premium, Infant, powder",Baby Foods,510.0,10.8,27.0,57.0,57.0,0.0,0.31,62.0,6.9,5.0,0.72,0.41,390.0,9.2,41.0,0.077,220.0,5.1,0.458,0.00154,0.138,0.00038,0.0144,1
agutuk,fish/berry with seal oil (Alaskan ice cream) (Alaska Native),American Indian/Alaska Native Foods,353.0,3.4,31.8,13.4,0.0,0.5,0.01,2.9,2.36,0.55,0.05,0.04,8.0,0.3,7.0,0.13,46.0,0.18,0.0,0.0,0.0,3e-05,0.0,2
agutuk,meat-caribou (Alaskan ice cream) (Alaska Native),American Indian/Alaska Native Foods,258.0,21.7,18.6,0.9,0.0,0.0,0.23,2.2,0.0,4.26,0.66,0.18,16.0,4.55,20.0,0.06,170.0,3.83,0.0,0.00483,0.0,0.00019,0.0,2
ascidians (tunughnak) (alaska native),No_descr,American Indian/Alaska Native Foods,20.0,3.8,0.5,0.0,0.0,0.0,0.0,0.0,0.0,0.0,0.2,0.0,47.0,3.3,0.0,0.0,0.0,0.0,0.0,0.0,0.0,0.0,0.0,0
bear,"black, meat (Alaska Native)",American Indian/Alaska Native Foods,155.0,20.1,8.3,0.0,0.0,0.0,0.0,0.0,0.0,3.2,0.68,0.16,0.0,7.2,0.0,0.0,162.0,0.0,0.0,0.0,0.0,0.0,0.0,2
bear,"polar, meat, raw (Alaska Native)",American Indian/Alaska Native Foods,130.0,25.6,3.1,0.0,0.0,0.0,0.0,2.0,0.0,4.0,0.573,0.023,17.0,6.1,0.0,0.0,0.0,0.0,0.0,0.0,0.0,0.0,0.0,2
whale,"beluga, meat, dried (Alaska Native)",American Indian/Alaska Native Foods,327.0,69.86,5.34,0.0,0.0,0.0,0.131,0.0,0.27,15.2,0.519,0.039,22.0,72.35,63.0,0.13,549.0,7.8,0.0,0.00731,0.01,0.00032,0.103,2
whale,"beluga, eyes (Alaska Native)",American Indian/Alaska Native Foods,291.0,19.6,23.3,0.0,0.0,0.0,0.0,0.0,0.0,0.0,0.0,0.0,0.0,0.0,0.0,0.0,187.0,0.0,0.561,0.0,0.0,0.0,0.0,2
whale,"beluga, meat, raw (Alaska Native)",American Indian/Alaska Native Foods,111.0,26.5,0.5,0.0,0.0,0.0,0.046,0.0,0.0,5.386,0.184,0.014,7.0,25.9,22.0,0.046,239.0,2.76,0.102,0.00259,0.004,0.000113,0.0365,2
whale,"beluga, flipper, raw (Alaska Native)",American Indian/Alaska Native Foods,271.0,19.0,21.7,0.0,0.0,0.0,0.0,0.0,0.0,0.0,0.0,0.0,11.0,2.8,0.0,0.0,153.0,0.0,0.279,0.0,0.0,0.0,0.0,2
whale,"beluga, liver, raw (Alaska Native)",American Indian/Alaska Native Foods,117.0,18.4,3.9,2.0,0.0,0.0,0.0,0.0,0.0,0.0,0.0,0.0,11.0,0.0,0.0,0.0,230.0,0.0,0.0,0.0,0.0,0.0,0.0,2
oil,"beluga, whale (Alaska Native)",American Indian/Alaska Native Foods,900.0,0.0,100.0,0.0,0.0,0.0,0.0,0.0,8.27,0.0,0.0,0.0,0.0,0.0,0.0,0.0,0.0,0.0,0.694,0.0,0.0,0.0,0.003,4
blackberries,"wild, raw (Alaska Native)",American Indian/Alaska Native Foods,52.0,0.84,1.07,9.84,3.65,3.2,0.039,4.7,0.91,0.314,0.144,0.06,5.0,0.21,4.0,0.287,11.0,0.15,0.005,0.0,0.011,0.000222,0.0,0
fish,"blackfish, whole (Alaska Native)",American Indian/Alaska Native Foods,82.0,15.5,1.75,0.0,0.0,0.0,0.0,0.0,0.0,1.9,0.37,0.01,236.0,4.6,0.0,0.0,287.0,0.0,0.0,0.0,0.0,0.0,0.0,2
blueberries,"wild, frozen (Alaska Native)",American Indian/Alaska Native Foods,44.0,0.7,0.0,10.4,0.0,0.0,0.0,2.2,0.0,0.4,0.1,0.03,15.0,1.1,0.0,0.0,0.0,0.0,0.0,0.0,0.0,0.0,0.0,0
caribou,"bone marrow, raw (Alaska Native)",American Indian/Alaska Native Foods,786.0,6.7,84.4,0.0,0.0,0.0,0.0,0.0,0.0,0.2,0.0,0.04,0.0,4.5,0.0,0.0,107.0,0.0,0.0,0.0,0.0,0.0,0.0,4
caribou,"eye, raw (Alaska Native)",American Indian/Alaska Native Foods,326.0,10.8,31.4,0.0,0.0,0.0,0.0,0.0,0.0,0.2,0.05,0.01,19.0,4.7,0.0,0.0,58.0,0.0,0.0,0.0,0.0,0.0,0.0,2
caribou,"liver, raw (Alaska Native)",American Indian/Alaska Native Foods,122.0,15.0,3.9,6.8,0.0,0.0,0.0,0.0,0.0,0.0,0.0,0.0,4.0,15.7,0.0,0.0,282.0,0.0,0.0,0.0,0.0,0.0,0.0,2
stew/soup,caribou (Alaska Native),American Indian/Alaska Native Foods,41.0,3.8,0.7,4.8,0.0,0.1,0.06,1.5,0.0,0.27,0.01,0.02,7.0,0.2,5.0,0.08,12.0,0.1,0.0,0.0,0.0,3e-05,0.0,0
caribou,"tongue, raw (Alaska Native)",American Indian/Alaska Native Foods,260.0,13.7,22.8,0.0,0.0,0.0,0.0,0.0,0.0,0.0,0.0,0.12,6.0,2.8,0.0,0.0,150.0,0.0,0.0,0.0,0.0,0.0,0.0,2
chiton,"leathery, gumboots (Alaska Native)",American Indian/Alaska Native Foods,83.0,17.1,1.6,0.0,0.0,0.0,0.0,0.0,0.0,4.2,0.34,0.05,121.0,16.0,0.0,0.0,0.0,0.0,0.0,0.0,0.0,0.0,0.0,2
cloudberries,raw (Alaska Native),American Indian/Alaska Native Foods,51.0,2.4,0.8,8.6,0.0,0.0,0.0,158.0,0.0,0.9,0.07,0.05,18.0,0.7,0.0,0.0,35.0,0.0,0.0,0.0,0.0,0.0,0.0,0
cockles,raw (Alaska Native),American Indian/Alaska Native Foods,79.0,13.5,0.7,4.7,0.0,0.0,0.0,0.0,0.0,3.2,0.2,0.01,30.0,16.2,0.0,0.0,0.0,0.0,0.0,0.0,0.0,0.0,0.0,0
cranberries,"wild, bush, raw (Alaska Native)",American Indian/Alaska Native Foods,55.0,1.1,0.2,12.3,0.0,6.7,0.0,15.0,0.0,0.9,0.01,0.0,20.0,1.0,0.0,0.0,15.0,0.0,0.0,0.0,0.0,0.0,0.0,0
cranberry,"low bush or lingenberry, raw (Alaska Native)",American Indian/Alaska Native Foods,55.0,0.4,0.5,12.2,0.0,0.0,0.0,21.0,0.0,0.4,0.08,0.02,26.0,0.4,0.0,0.0,21.0,0.0,0.0,0.0,0.0,0.0,0.0,0
fish,"devilfish, meat (Alaska Native)",American Indian/Alaska Native Foods,97.0,11.7,5.3,0.0,0.0,0.0,0.0,3.0,0.0,1.1,0.1,0.09,12.0,0.4,0.0,0.0,3.0,0.0,0.0,0.0,0.0,0.0,0.0,0
fireweed,"young leaves, raw (Alaska Native)",American Indian/Alaska Native Foods,44.0,3.0,0.8,6.3,0.0,6.0,0.0,99.0,0.0,1.4,0.86,0.04,13.0,2.1,0.0,0.0,166.0,0.0,0.0,0.0,0.0,0.0,0.0,0
fish,"herring eggs on giant kelp, Pacific (Alaska Native)",American Indian/Alaska Native Foods,63.0,11.3,0.8,2.6,0.0,0.0,0.0,0.0,0.0,2.7,0.13,0.1,161.0,3.4,0.0,0.0,0.0,0.0,0.0,0.0,0.0,0.0,0.0,0
fish,"herring eggs, Pacific, dry (Alaska Native)",American Indian/Alaska Native Foods,312.0,60.4,6.6,2.8,0.0,0.0,0.0,0.0,0.0,4.1,0.17,0.05,29.0,0.0,0.0,0.0,808.0,0.0,0.0,0.0,0.0,0.0,0.0,2
fish,"herring eggs, Pacific, plain (Alaska Native)",American Indian/Alaska Native Foods,74.0,9.6,1.93,4.47,0.0,0.0,0.0,0.6,0.0,1.8,0.12,0.1,19.0,2.7,0.0,0.0,0.0,0.0,0.0,0.0,0.0,0.0,0.0,0
fish,"herring, Pacific, flesh, air-dried, packed in oil (Alaska Native)",American Indian/Alaska Native Foods,489.0,44.5,34.6,0.0,0.0,0.0,0.0,0.0,0.0,2.2,0.0,0.01,0.0,0.0,0.0,0.0,684.0,0.0,0.0,0.0,0.0,0.0,0.0,2
huckleberries,raw (Alaska Native),American Indian/Alaska Native Foods,37.0,0.4,0.1,8.7,0.0,0.0,0.0,2.8,0.0,0.3,0.03,0.01,15.0,0.3,0.0,0.0,0.0,0.0,0.0,0.0,0.0,0.0,0.0,0
fish,"lingcod, meat, raw (Alaska Native)",American Indian/Alaska Native Foods,79.0,17.9,0.8,0.0,0.0,0.0,0.0,0.0,0.0,0.0,0.36,0.11,0.0,0.0,0.0,0.0,0.0,0.0,0.0,0.0,0.0,0.0,0.0,2
fish,"lingcod, liver (Alaska Native)",American Indian/Alaska Native Foods,424.0,5.6,42.0,6.0,0.0,0.0,0.0,0.0,0.0,4.2,0.0,0.22,5.0,1.0,0.0,0.0,123.0,0.0,0.0,0.0,0.0,0.0,0.0,4
stew,moose (Alaska Native),American Indian/Alaska Native Foods,55.0,6.6,0.5,6.0,0.0,0.5,0.03,1.0,0.0,1.5,0.08,0.06,12.0,1.52,6.0,0.09,16.0,0.12,0.0,0.0,0.0,2e-05,0.0,0
moose,"meat, raw (Alaska Native)",American Indian/Alaska Native Foods,103.0,22.3,1.5,0.0,0.0,0.0,0.0,4.0,0.0,5.0,0.24,0.07,5.0,3.28,23.0,0.008,165.0,2.8,0.0,0.0,0.0,6.7e-05,0.0,2
mashu roots,raw (Alaska Native),American Indian/Alaska Native Foods,135.0,5.8,2.4,22.6,0.0,0.0,0.0,11.0,0.0,1.3,0.07,0.1,0.0,0.0,0.0,0.0,67.0,0.0,0.0,0.0,0.0,0.0,0.0,0
moose,"liver, braised (Alaska Native)",American Indian/Alaska Native Foods,155.0,24.38,4.89,3.43,0.0,0.0,0.91,22.6,0.0,10.72,4.1,0.196,7.0,6.77,20.0,0.413,429.0,6.07,0.0,0.071,0.0,0.002789,0.0,2
mouse nuts,roots (Alaska Native),American Indian/Alaska Native Foods,81.0,3.9,0.1,16.1,0.0,0.0,0.0,16.0,0.0,0.1,0.04,0.01,22.0,0.0,0.0,0.0,175.0,0.0,0.0,0.0,0.0,0.0,0.0,0
mouse nuts,seedlings (Alaska Native),American Indian/Alaska Native Foods,104.0,7.3,1.1,16.3,0.0,0.0,0.0,8.0,0.0,1.0,0.14,0.01,17.0,0.0,0.0,0.0,150.0,0.0,0.0,0.0,0.0,0.0,0.0,0
octopus (alaska native),No_descr,American Indian/Alaska Native Foods,56.0,12.3,0.8,0.0,0.0,0.0,0.0,0.0,0.0,2.0,0.04,0.03,35.0,4.9,0.0,0.021,158.0,1.43,0.0,0.0,0.0,0.00037,0.0,0
seal,"bearded (Oogruk), meat, dried (Alaska Native)",American Indian/Alaska Native Foods,351.0,82.6,2.3,0.0,0.0,0.0,0.0,0.0,0.0,0.0,0.63,0.13,0.0,49.6,0.0,0.0,784.0,0.0,0.393,0.0,0.0,0.0,0.0,2
seal,"bearded (Oogruk), meat, raw (Alaska Native)",American Indian/Alaska Native Foods,110.0,26.7,0.4,0.0,0.0,0.0,0.0,0.0,0.0,5.9,0.26,0.2,10.0,12.9,0.0,0.0,198.0,0.0,0.0,0.0,0.0,0.0,0.0,2
oil,bearded seal (Oogruk) (Alaska Native),American Indian/Alaska Native Foods,899.0,0.56,99.6,0.0,0.0,0.0,0.0,0.0,10.28,0.0,0.0,0.011,0.0,0.0,0.0,0.0,0.0,0.0,0.01,0.0,0.0,0.0,0.0033,4
oopah (tunicate),whole animal (Alaska Native),American Indian/Alaska Native Foods,67.0,11.7,2.2,0.0,0.0,0.0,0.0,0.0,0.0,0.9,0.1,0.0,53.0,20.7,0.0,0.0,103.0,0.0,0.0,0.0,0.0,0.0,0.0,0
owl,"horned, flesh, raw (Alaska Native)",American Indian/Alaska Native Foods,136.0,22.7,5.0,0.0,0.0,0.0,0.0,0.0,0.0,0.0,0.0,0.0,16.0,4.8,0.0,0.0,218.0,0.0,0.0,0.0,0.0,0.0,0.0,2
fish,"pike, northern, liver (Alaska Native)",American Indian/Alaska Native Foods,156.0,16.6,8.0,4.3,0.0,0.0,0.0,0.0,0.0,5.0,0.7,0.1,28.0,2.1,0.0,0.0,412.0,0.0,0.0,0.0,0.0,0.0,0.0,2
rhubarb,"wild, leaves (Alaska Native)",American Indian/Alaska Native Foods,61.0,4.2,0.5,9.9,0.0,0.0,0.0,33.0,0.0,0.1,0.0,0.1,0.0,0.0,0.0,0.0,87.0,0.0,0.0,0.0,0.0,0.0,0.0,0
fish,"salmon, tipnuk, fermented (Alaska Native)",American Indian/Alaska Native Foods,159.0,15.9,10.6,0.0,0.0,0.0,0.0,0.0,0.0,1.9,0.15,0.13,0.0,0.0,0.0,0.0,46.0,0.0,0.0,0.0,0.0,0.0,0.0,2
fish,"salmon, king, chinook, kippered, canned (Alaska Native)",American Indian/Alaska Native Foods,266.0,30.7,15.9,0.0,0.0,0.0,0.0,0.0,0.0,10.9,0.14,0.05,38.0,1.7,0.0,0.0,0.0,0.0,0.0,0.0,0.0,0.0,0.0,2
fish,"salmon, king, chinook, smoked and canned (Alaska Native)",American Indian/Alaska Native Foods,150.0,23.2,5.9,0.0,0.0,0.0,0.0,0.0,0.0,8.5,0.1,0.01,60.0,1.8,0.0,0.0,0.0,0.0,0.0,0.0,0.0,0.0,0.0,2
fish,"salmon, king, chinook, smoked, brined (Alaska Native)",American Indian/Alaska Native Foods,430.0,39.9,30.0,0.0,0.0,0.0,0.0,0.0,0.0,11.8,0.28,0.06,23.0,4.5,0.0,0.0,0.0,0.0,0.0,0.0,0.0,0.0,0.0,2
fish,"salmon, king, chinook, liver (Alaska Native)",American Indian/Alaska Native Foods,156.0,16.6,8.0,4.3,0.0,0.0,0.0,0.0,0.0,5.0,0.7,0.1,28.0,2.6,0.0,0.0,412.0,0.0,0.0,0.0,0.0,0.0,0.0,2
duck,"scoter, white-winged, meat (Alaska Native)",American Indian/Alaska Native Foods,84.0,20.2,0.4,0.0,0.0,0.0,0.0,0.0,0.0,0.0,0.0,0.0,8.0,0.0,0.0,0.0,0.0,0.0,0.0,0.0,0.0,0.0,0.0,2
sea cucumber,yane (Alaska Native),American Indian/Alaska Native Foods,56.0,13.0,0.4,0.0,0.0,0.0,0.0,0.0,0.0,3.2,0.94,0.05,30.0,0.6,0.0,0.0,0.0,0.0,0.0,0.0,0.0,0.0,0.0,0
seal,"ringed, meat (Alaska Native)",American Indian/Alaska Native Foods,142.0,28.4,3.2,0.0,0.0,0.0,0.0,0.0,0.0,0.0,0.53,0.14,5.0,19.6,0.0,0.0,238.0,0.0,0.116,0.0,0.0,0.0,0.0,2
seal,"ringed, liver (Alaska Native)",American Indian/Alaska Native Foods,116.0,18.6,3.3,2.9,0.0,0.0,0.0,0.0,0.0,0.0,0.0,0.18,13.0,13.5,0.0,0.0,3.0,0.0,4.88,0.0,0.0,0.0,0.0,2
soup,"fish, homemade (Alaska Native)",American Indian/Alaska Native Foods,72.0,7.4,2.2,5.6,0.0,0.0,0.01,0.3,0.0,2.64,0.02,0.07,35.0,0.5,1.0,0.01,112.0,0.0,0.0,0.0,0.0,0.0,0.0,0
sourdock,young leaves (Alaska Native),American Indian/Alaska Native Foods,42.0,2.3,0.7,6.5,0.0,0.0,0.0,68.0,0.0,1.1,0.54,0.09,2.0,0.8,0.0,0.0,55.0,0.0,0.0,0.0,0.0,0.0,0.0,0
squirrel,"ground, meat (Alaska Native)",American Indian/Alaska Native Foods,111.0,19.3,3.8,0.0,0.0,0.0,0.0,0.0,0.0,0.0,0.0,0.0,0.0,4.7,0.0,0.0,175.0,0.0,0.0,0.0,0.0,0.0,0.0,2
tea,"tundra, herb and laborador combination (Alaska Native)",American Indian/Alaska Native Foods,1.0,0.0,0.0,0.2,0.0,0.0,0.0,0.3,0.0,0.0,0.0,0.01,2.0,0.08,1.0,0.04,0.0,0.04,0.0,0.0,0.0,2e-05,0.0,0
walrus,"meat, dried (Alaska Native)",American Indian/Alaska Native Foods,251.0,57.0,2.6,0.0,0.0,0.0,0.0,0.0,0.0,10.1,0.79,0.21,0.0,43.0,0.0,0.0,415.0,0.0,0.0,0.0,0.0,0.0,0.0,2
deer (venison),"sitka, raw (Alaska Native)",American Indian/Alaska Native Foods,116.0,21.5,2.66,0.0,0.0,0.0,0.0,0.0,0.0,6.6,0.36,0.2,7.0,2.9,0.0,0.0,0.0,0.0,0.0,0.0,0.0,0.0,0.0,2
walrus,"meat, raw (Alaska Native)",American Indian/Alaska Native Foods,199.0,19.2,13.6,0.0,0.0,0.0,0.0,0.0,0.0,4.8,0.24,0.18,18.0,9.4,0.0,0.0,122.0,0.0,0.0,0.0,0.0,0.0,0.0,2
walrus,meat and subcutaneous fat raw (Alaska Native),American Indian/Alaska Native Foods,282.0,16.3,24.1,0.0,0.0,0.0,0.0,0.0,0.0,0.0,0.32,0.08,0.0,9.4,0.0,0.0,125.0,0.0,0.0,0.0,0.0,0.0,0.0,2
walrus,"liver, raw (Alaska Native)",American Indian/Alaska Native Foods,125.0,21.0,3.0,3.5,0.0,0.0,0.0,0.0,0.0,0.0,1.91,0.08,0.0,14.4,0.0,0.0,208.0,0.0,0.0,0.0,0.0,0.0,0.0,2
oil,walrus (Alaska Native),American Indian/Alaska Native Foods,900.0,0.0,100.0,0.0,0.0,0.0,0.0,0.0,0.0,0.0,0.0,0.0,0.0,0.0,0.0,0.0,0.0,0.0,0.0,0.0,0.0,0.0,0.0,4
whale,"bowhead, subcutaneous fat (blubber) (Alaska Native)",American Indian/Alaska Native Foods,870.0,0.4,96.5,0.0,0.0,0.0,0.0,0.0,0.0,0.0,0.0,0.0,0.0,0.5,0.0,0.0,5.0,0.0,0.0,0.0,0.0,0.0,0.0,4
whale,"bowhead, skin and subcutaneous fat (muktuk) (Alaska Native)",American Indian/Alaska Native Foods,465.0,12.6,46.1,0.0,0.0,0.0,0.0,0.0,0.0,0.8,0.02,0.08,5.0,0.0,0.0,0.0,87.0,0.0,0.0,0.0,0.0,0.0,0.0,4
oil,"whale, bowhead (Alaska Native)",American Indian/Alaska Native Foods,900.0,0.0,100.0,0.0,0.0,0.0,0.0,0.0,0.0,0.0,0.0,0.0,0.0,0.0,0.0,0.0,0.0,0.0,0.0,0.0,0.0,0.0,0.0,4
fish,"whitefish, broad, liver (Alaska Native)",American Indian/Alaska Native Foods,104.0,11.0,4.4,5.1,0.0,0.0,0.0,0.0,0.0,2.7,0.54,0.18,53.0,8.6,0.0,0.0,297.0,0.0,0.0,0.0,0.0,0.0,0.0,0
fish,"whitefish, mixed species, raw (Alaska Native)",American Indian/Alaska Native Foods,131.0,18.9,6.1,0.0,0.0,0.0,0.0,0.0,0.0,0.0,0.13,0.13,0.0,0.29,33.0,0.0,280.0,0.99,0.0,0.0,0.0,7.199999999999999e-05,0.0,2
fish,"whitefish, broad, head, eyes, cheeks and soft bones (Alaska Native)",American Indian/Alaska Native Foods,107.0,18.6,3.6,0.0,0.0,0.0,0.0,0.0,0.0,0.0,0.0,0.0,0.0,3.9,0.0,0.0,242.0,0.0,0.0,0.0,0.0,0.0,0.0,2
willow,leaves in oil (Alaska Native),American Indian/Alaska Native Foods,592.0,2.6,61.0,8.1,0.0,0.0,0.0,0.0,0.0,0.0,0.0,0.0,0.0,1.3,0.0,0.0,58.0,0.0,0.0,0.0,0.0,0.0,0.0,4
willow,"young leaves, chopped (Alaska Native)",American Indian/Alaska Native Foods,122.0,6.1,1.6,20.7,0.0,0.0,0.0,190.0,0.0,2.3,0.0,0.0,130.0,2.6,0.0,0.0,126.0,0.0,0.0,0.0,0.0,0.0,0.0,0
mush,blue corn with ash (Navajo),American Indian/Alaska Native Foods,54.0,0.66,0.49,11.74,0.19,1.1,0.049,0.0,0.0,0.283,0.015,0.02,96.0,2.92,20.0,0.305,39.0,0.76,0.0,0.0,0.0,4.8e-05,0.0009,0
cornmeal,blue (Navajo),American Indian/Alaska Native Foods,398.0,10.4,5.44,76.93,1.81,8.7,0.593,0.0,0.73,2.02,0.107,0.285,5.0,2.91,133.0,0.758,354.0,2.91,0.0,0.0,0.0,0.0002179999999999,0.0118,3
melon,banana (Navajo),American Indian/Alaska Native Foods,21.0,0.84,0.2,4.06,3.36,0.3,0.05,8.1,0.0,0.46,0.018,0.02,13.0,0.21,10.0,0.036,9.0,0.14,0.0,0.0,0.0,3.5000000000000004e-05,0.0004,0
chilchen (red berry beverage) (navajo),No_descr,American Indian/Alaska Native Foods,44.0,0.81,0.63,8.68,2.6,0.0,0.033,0.0,0.0,0.248,0.015,0.02,7.0,0.95,9.0,0.074,23.0,0.19,0.0,0.0,0.0,1.9e-05,0.0,0
corn,dried (Navajo),American Indian/Alaska Native Foods,386.0,9.88,5.22,74.93,5.38,0.0,0.372,0.0,0.0,3.3,0.068,0.2,15.0,1.92,124.0,0.848,337.0,3.05,0.0,0.0,0.0,0.000195,0.0,3
corn,"white, steamed (Navajo)",American Indian/Alaska Native Foods,386.0,9.72,5.18,75.2,6.47,16.6,0.289,0.0,0.0,3.31,0.067,0.08,14.0,2.29,123.0,0.926,312.0,3.15,0.0,0.0,0.0,0.000231,0.0,3
cornmeal,white (Navajo),American Indian/Alaska Native Foods,398.0,10.99,5.04,77.14,1.46,10.4,0.583,0.0,0.37,2.8,0.137,0.31,11.0,3.79,125.0,0.646,280.0,3.24,0.0,0.0,0.032,0.000219,0.0,3
cornmeal,yellow (Navajo),American Indian/Alaska Native Foods,384.0,9.85,5.88,72.9,1.56,9.4,0.59,0.0,0.37,2.47,0.093,0.3,6.0,2.99,107.0,0.641,225.0,3.1,0.0,0.0,0.034,0.000242,0.006,3
squash,"Indian, raw (Navajo)",American Indian/Alaska Native Foods,26.0,0.52,0.2,5.64,3.54,0.0,0.058,4.5,0.0,0.17,0.02,0.02,9.0,0.17,10.0,0.027,12.0,0.07,0.0,0.0,0.0,1.7e-05,0.0,0
squash,"Indian, cooked, boiled (Navajo)",American Indian/Alaska Native Foods,16.0,0.31,0.15,3.22,2.02,1.5,0.033,0.0,0.0,0.102,0.015,0.01,0.0,0.0,0.0,0.0,0.0,0.0,0.0,0.0,0.0,0.0,0.0,0
bread,kneel down (Navajo),American Indian/Alaska Native Foods,195.0,4.29,2.21,39.47,3.74,0.0,0.0,0.0,0.0,2.49,0.132,0.12,5.0,1.11,55.0,0.303,164.0,1.46,0.0,0.0,0.0,9.5e-05,0.0119,0
mutton,"cooked, roasted (Navajo)",American Indian/Alaska Native Foods,234.0,33.43,11.09,0.08,0.0,0.0,0.377,0.0,0.8,6.52,0.3,0.06,10.0,4.76,31.0,0.033,272.0,5.93,0.0,0.00444,0.0,6.2e-05,0.038,2
frybread,made with lard (Navajo),American Indian/Alaska Native Foods,330.0,6.69,12.22,48.26,2.03,0.0,0.038,0.0,0.0,4.603,0.217,0.43,57.0,4.04,18.0,0.297,123.0,0.35,0.0,0.0,0.196,9.1e-05,0.0186,3
tortilla,includes plain and from mutton sandwich (Navajo),American Indian/Alaska Native Foods,237.0,7.28,0.95,49.94,2.75,2.4,0.06,0.0,0.19,4.125,0.114,0.37,70.0,3.81,19.0,0.268,146.0,0.32,0.0,0.0,0.159,0.000102,0.0166,3
stew,dumpling with mutton (Navajo),American Indian/Alaska Native Foods,101.0,8.71,3.78,8.03,0.21,0.0,0.041,0.0,0.37,2.005,0.091,0.065,14.0,1.79,8.0,0.064,63.0,1.85,0.0,0.00082,0.0,5.3e-05,0.0101999999999999,0
stew,hominy with mutton (Navajo),American Indian/Alaska Native Foods,83.0,6.71,2.06,9.38,0.11,2.0,0.091,0.0,0.37,1.5,0.07,0.03,8.0,0.81,20.0,0.089,82.0,1.19,0.0,0.00064,0.0,4.7e-05,0.0040999999999999,0
stew,"mutton, corn, squash (Navajo)",American Indian/Alaska Native Foods,103.0,8.62,4.34,7.27,0.61,1.7,0.108,0.0,0.37,2.0,0.11,0.03,38.0,1.21,21.0,0.087,111.0,1.87,0.0,0.00116,0.0,6.3e-05,0.0084,0
tamales (navajo),No_descr,American Indian/Alaska Native Foods,153.0,6.28,6.12,18.12,0.99,3.1,0.143,1.7,0.0,1.59,0.08,0.05,29.0,1.22,22.0,0.174,99.0,1.48,0.0,0.00054,0.0,6.3e-05,0.006,0
stew,steamed corn (Navajo),American Indian/Alaska Native Foods,112.0,8.82,3.75,10.8,0.51,2.3,0.12,0.0,0.0,3.02,0.11,0.03,22.0,1.1,24.0,0.102,107.0,1.55,0.0,0.0,0.0,7.5e-05,0.005,0
fish,"halibut, raw, with skin (Alaska Native)",American Indian/Alaska Native Foods,116.0,20.53,2.92,1.81,0.0,0.0,0.39,0.0,1.9,5.762,0.072,0.066,20.0,0.27,26.0,0.011,244.0,0.61,0.047,0.00178,0.015,4.2e-05,0.0511,2
fish,"salmon, coho (silver), raw (Alaska Native)",American Indian/Alaska Native Foods,140.0,22.56,5.57,0.0,0.0,0.0,0.225,0.0,0.81,7.93,0.189,0.152,5.0,0.55,28.0,0.0,240.0,0.41,0.03,0.00852,0.013,5.1e-05,0.0276,2
fish,"salmon, sockeye (red), raw (Alaska Native)",American Indian/Alaska Native Foods,153.0,21.94,7.28,0.0,0.0,0.0,0.282,0.0,1.25,8.04,0.297,0.253,7.0,0.53,27.0,0.014,240.0,0.52,0.058,0.00782,0.011,5.2e-05,0.0299,2
fish,"Salmon, Chum, raw (Alaska Native)",American Indian/Alaska Native Foods,116.0,20.69,3.67,0.0,0.0,0.0,0.189,0.0,0.49,8.79,0.217,0.156,7.0,0.56,26.0,0.03,230.0,0.54,0.032,0.00808,0.018,0.000137,0.0397,2
fish,"salmon, king (chinook), raw (Alaska Native)",American Indian/Alaska Native Foods,187.0,20.25,11.73,0.0,0.0,0.0,0.271,0.0,1.49,8.415,0.169,0.161,42.0,0.79,24.0,0.0,208.0,0.52,0.136,0.00738,0.0,0.0,0.031,2
salmonberries,raw (Alaska Native),American Indian/Alaska Native Foods,47.0,0.85,0.33,10.05,3.66,1.9,0.078,9.2,1.61,0.466,0.062,0.041,13.0,0.4,15.0,1.1,27.0,0.28,0.05,0.0,0.017,3e-05,0.0,0
blueberries,"wild, raw (Alaska Native)",American Indian/Alaska Native Foods,61.0,1.22,0.76,12.31,6.46,2.6,0.026,18.3,1.69,0.597,0.414,0.067,13.0,0.37,7.0,2.0,29.0,0.2,0.006,0.0,0.033,3e-05,0.0,0
oil,spotted seal (Alaska Native),American Indian/Alaska Native Foods,894.0,0.0,99.32,0.0,0.0,0.0,0.0,0.0,6.28,0.0,0.0,0.0,0.0,0.0,0.0,0.0,0.0,0.0,1.044,0.0,0.0,0.0,0.0022,4
fish,"salmon, red, canned, bones removed (Alaska Native)",American Indian/Alaska Native Foods,161.0,27.31,5.76,0.0,0.0,0.0,0.103,0.0,0.61,10.1,0.206,0.015,28.0,1.9,32.0,0.037,260.0,0.66,0.065,0.00491,0.007,0.000148,0.0402999999999999,2
fish,"whitefish, eggs (Alaska Native)",American Indian/Alaska Native Foods,104.0,14.66,2.88,4.89,0.0,0.0,0.159,12.0,2.68,0.956,0.403,0.088,46.0,5.95,30.0,0.22,306.0,2.1,0.091,0.0564,0.053,0.00022,0.0928,2
caribou,"rump meat, half dried (Alaska Native)",American Indian/Alaska Native Foods,255.0,52.06,5.23,0.0,0.0,0.0,0.62,0.0,0.09,13.2,1.24,0.333,14.0,11.0,60.0,0.099,480.0,9.4,0.052,0.00716,0.003,0.0006,0.0305,2
caribou,"shoulder meat, dried (Alaska Native)",American Indian/Alaska Native Foods,271.0,59.38,3.67,0.0,0.0,0.0,0.499,0.0,0.07,14.8,1.3,0.312,14.0,11.0,62.0,0.11,550.0,9.4,0.011,0.0150999999999999,0.008,0.00078,0.0368,2
caribou,"hind quarter meat, raw (Alaska Native)",American Indian/Alaska Native Foods,122.0,22.63,3.37,0.0,0.0,0.0,0.351,0.0,0.69,7.15,0.962,0.442,5.0,4.1,26.0,0.037,230.0,2.1,0.094,0.00705,0.004,0.00027,0.0125,2
seal,"bearded (Oogruk), meat, dried, in oil (Alaska Native)",American Indian/Alaska Native Foods,367.0,35.31,25.08,0.0,0.0,0.0,0.091,0.0,0.55,6.52,0.364,0.011,7.0,17.0,29.0,0.037,240.0,3.1,0.0,0.0058499999999999,0.011,0.00027,0.0907999999999999,2
fish,"whitefish, dried (Alaska Native)",American Indian/Alaska Native Foods,371.0,62.44,13.44,0.0,0.0,0.0,0.365,0.0,0.66,11.2,0.438,0.053,810.0,4.1,85.0,0.23,1040.0,5.0,0.039,0.0184,0.011,0.0001799999999999,0.113,2
fish,"salmon, red, (sockeye), canned, smoked (Alaska Native)",American Indian/Alaska Native Foods,206.0,35.19,7.26,0.0,0.0,0.0,0.182,0.0,0.45,13.1,0.358,0.021,69.0,1.5,39.0,0.051,350.0,1.1,0.019,0.00743,0.004,0.000148,0.0448,2
fish,"salmon, red, (sockeye), kippered (Alaska Native)",American Indian/Alaska Native Foods,141.0,24.5,4.75,0.0,0.0,0.0,0.287,0.0,0.44,8.52,0.23,0.094,54.0,0.49,31.0,0.037,280.0,0.75,0.015,0.00498,0.006,0.000148,0.0335,2
fish,"salmon, king, with skin, kippered, (Alaska Native)",American Indian/Alaska Native Foods,209.0,23.19,12.95,0.0,0.0,0.0,0.378,0.0,0.42,8.61,0.201,0.043,55.0,0.55,29.0,0.037,270.0,0.77,0.012,0.00365,0.003,0.000148,0.0305,2
fish,"sheefish, raw (Alaska Native)",American Indian/Alaska Native Foods,115.0,22.25,2.84,0.0,0.0,0.0,0.162,0.0,0.44,2.12,0.126,0.041,140.0,0.5,25.0,0.037,300.0,0.6,0.0,0.0059,0.009,0.000148,0.0423,2
seal,"bearded (Oogruk), meat, low quadrant, raw (Alaska Native)",American Indian/Alaska Native Foods,186.0,23.63,10.17,0.0,0.0,0.0,0.0,0.0,0.27,0.0,0.0,0.0,4.0,17.0,17.0,0.037,140.0,2.6,0.195,0.0,0.0,0.000148,0.0,2
fish,"salmon, chum, dried (Alaska Native)",American Indian/Alaska Native Foods,378.0,62.09,14.38,0.0,0.0,0.0,0.681,0.0,0.82,14.65,0.463,0.356,155.0,2.2,68.0,0.071,650.0,1.4,0.016,0.0286,0.012,0.000254,0.1038,2
elk,"free range, ground, cooked patties (Shoshone Bannock)",American Indian/Alaska Native Foods,143.0,29.45,2.8,0.0,0.0,0.0,0.782,0.0,0.79,7.85,0.497,0.175,5.0,9.06,26.0,0.043,236.0,7.79,0.0,0.00425,0.001,0.000204,0.0235,2
elk,"free range, ground, raw (Shoshone Bannock)",American Indian/Alaska Native Foods,97.0,20.14,1.8,0.0,0.0,0.0,0.63,0.0,0.0,5.97,0.309,0.18,4.0,7.17,22.0,0.038,196.0,5.82,0.0,0.00345,0.0,0.000159,0.0143,2
buffalo,"free range, top round steak, raw (Shoshone Bannock)",American Indian/Alaska Native Foods,97.0,21.44,1.3,0.0,0.0,0.0,0.78,0.0,0.0,6.92,0.325,0.153,3.0,2.61,22.0,0.011,200.0,3.0,0.0,0.00115,0.0,0.000117,0.007,2
seal,"bearded (Oogruk), meat, partially dried (Alaska Native)",American Indian/Alaska Native Foods,270.0,62.38,2.31,0.0,0.0,0.0,0.0,0.0,0.07,0.0,0.0,0.0,9.0,33.0,62.0,0.037,510.0,5.0,0.0,0.0,0.0,0.00031,0.0,2
buffalo,"free range, top round steak, cooked (Shoshone Bannock)",American Indian/Alaska Native Foods,146.0,32.51,1.8,0.0,0.0,0.0,0.794,0.0,0.59,7.02,0.462,0.169,4.0,3.76,27.0,0.011,246.0,5.06,0.0,0.0016699999999999,0.008,0.000189,0.0105,2
elk,"free range, roast, eye of round, raw (Shoshone Bannock)",American Indian/Alaska Native Foods,98.0,19.74,2.1,0.0,0.0,0.0,0.893,0.0,0.0,6.63,0.27,0.159,4.0,2.27,24.0,0.011,215.0,4.16,0.0,0.00177,0.0,0.0001439999999999,0.0158,2
elk,"free range, roast, eye of round, cooked (Shoshone Bannock)",American Indian/Alaska Native Foods,148.0,30.56,2.85,0.0,0.0,0.0,0.914,0.0,0.47,7.96,0.358,0.164,4.0,2.68,26.0,0.016,236.0,4.8,0.0,0.00195,0.001,0.000154,0.0205,2
chokecherries,"raw, pitted (Shoshone Bannock)",American Indian/Alaska Native Foods,156.0,2.89,0.98,33.88,14.22,17.0,0.193,0.7,0.75,0.672,0.058,0.029,40.0,0.4,21.0,0.192,45.0,0.19,0.002,0.0,0.01,6.8e-05,0.0017,3
steelhead trout,"dried, flesh (Shoshone Bannock)",American Indian/Alaska Native Foods,382.0,77.27,8.06,0.0,0.0,0.0,0.0,0.0,2.41,0.0,0.0,0.0,85.0,2.96,84.0,0.079,976.0,1.79,0.064,0.0224,0.0,0.000217,0.105,2
steelhead trout,"boiled, canned (Alaska Native)",American Indian/Alaska Native Foods,159.0,21.11,8.26,0.0,0.0,0.0,0.0,0.0,2.15,0.0,0.0,0.0,30.0,0.64,25.0,0.011,249.0,0.57,0.02,0.00579,0.0,5.8e-05,0.026,2
acorn stew (apache),No_descr,American Indian/Alaska Native Foods,95.0,6.81,3.47,9.22,0.34,0.7,0.055,0.0,0.3,2.14,0.125,0.175,14.0,1.0,12.0,0.14,62.0,1.6,0.0,0.00068,0.044,3e-05,0.0083,0
corn,"dried, yellow (Northern Plains Indians)",American Indian/Alaska Native Foods,419.0,14.48,10.64,66.27,21.32,20.5,1.11,0.0,0.44,8.25,0.181,0.261,25.0,2.61,149.0,0.9,344.0,3.06,0.013,0.0,0.0,0.0002929999999999,0.0565,3
smelt,dried (Alaska Native),American Indian/Alaska Native Foods,386.0,56.19,17.9,0.0,0.0,0.0,0.176,0.0,4.51,5.97,0.262,0.073,1600.0,5.4,89.0,0.72,1400.0,6.7,0.139,0.0191,0.0,0.000148,0.194,2
frybread,made with lard (Apache),American Indian/Alaska Native Foods,309.0,8.38,10.14,46.01,1.54,1.7,0.068,0.0,0.09,4.335,0.264,0.531,52.0,3.43,19.0,0.405,112.0,0.47,0.0,0.0,0.177,9.6e-05,0.0065,3
corned beef and potatoes in tortilla (apache),No_descr,American Indian/Alaska Native Foods,224.0,7.91,8.31,29.35,1.79,1.5,0.214,0.0,0.2,2.545,0.135,0.277,27.0,1.8,22.0,0.31,82.0,0.88,0.0,0.00023,0.0,6.6e-05,0.0113,0
tennis bread,plain (Apache),American Indian/Alaska Native Foods,258.0,9.0,1.05,53.26,3.01,2.6,0.059,0.0,0.07,3.41,0.291,0.69,67.0,3.4,28.0,0.48,160.0,0.53,0.0,0.0,0.252,3e-05,0.0155,3
fish,"halibut, cooked, with skin (Alaska Native)",American Indian/Alaska Native Foods,113.0,22.13,2.73,0.0,0.0,0.0,0.266,0.0,1.05,6.247,0.176,0.083,33.0,0.36,29.0,0.011,275.0,0.75,0.048,0.0025499999999999,0.0,4.1e-05,0.0606,2
salmon,"red (sockeye), filets with skin, smoked (Alaska Native)",American Indian/Alaska Native Foods,345.0,60.62,11.43,0.0,0.0,0.0,0.816,0.0,1.2,22.75,0.543,0.494,58.0,1.06,58.0,0.051,650.0,1.14,0.031,0.0181,0.009,0.000148,0.076,2
agave,raw (Southwest),American Indian/Alaska Native Foods,68.0,0.52,0.15,16.23,2.58,6.6,0.055,4.0,0.23,0.162,0.039,0.029,417.0,1.8,55.0,0.094,7.0,0.15,0.002,0.0,0.007,0.000138,0.0004,0
agave,cooked (Southwest),American Indian/Alaska Native Foods,135.0,0.99,0.29,32.0,20.87,10.6,0.087,0.3,0.36,0.162,0.099,0.012,460.0,3.55,39.0,0.142,9.0,0.25,0.006,0.0,0.003,0.000112,0.0002,3
agave,dried (Southwest),American Indian/Alaska Native Foods,341.0,1.71,0.69,81.98,50.7,15.6,0.216,0.3,0.76,0.87,0.644,0.021,770.0,3.64,207.0,0.337,37.0,12.1,0.001,0.0,0.007,0.000189,0.0006,1
cattail,Narrow Leaf Shoots (Northern Plains Indians),American Indian/Alaska Native Foods,25.0,1.18,0.0,5.14,0.22,4.5,0.123,0.7,0.0,0.44,0.025,0.023,54.0,0.91,63.0,0.76,45.0,0.24,0.001,0.0,0.0,4.1e-05,0.0006,0
lambsquarters,raw (Northern Plains Indians),American Indian/Alaska Native Foods,47.0,4.21,0.28,6.96,0.0,6.3,0.184,0.0,0.0,0.79,0.3,0.029,366.0,1.16,163.0,1.49,63.0,0.72,0.098,0.0,0.0,0.0001199999999999,0.0011,0
lambsquarters,steamed (Northern Plains Indians),American Indian/Alaska Native Foods,48.0,4.06,0.16,7.47,0.0,5.2,0.232,4.9,0.0,0.623,0.27,0.047,349.0,1.15,164.0,1.56,56.0,0.61,0.194,0.0,0.0,0.0001,0.0,0
prickly pears,raw (Northern Plains Indians),American Indian/Alaska Native Foods,42.0,0.12,0.11,10.17,1.02,5.3,0.079,11.0,0.0,0.293,0.032,0.008,180.0,0.2,69.0,0.583,11.0,0.14,0.0,0.0,0.0,1.9e-05,0.0001,0
prickly pears,broiled (Northern Plains Indians),American Indian/Alaska Native Foods,91.0,0.39,0.31,21.57,0.0,0.0,0.146,6.2,0.0,1.0,0.044,0.018,0.0,0.0,0.0,0.0,0.0,0.0,0.0,0.0,0.0,0.0,0.0,0
prairie turnips,raw (Northern Plains Indians),American Indian/Alaska Native Foods,156.0,2.62,0.36,35.67,0.82,8.0,0.47,5.5,0.0,1.071,0.09,0.178,130.0,1.27,63.0,0.266,31.0,0.37,0.0,0.0,0.0,5.3e-05,0.0147,0
prairie turnips,boiled (Northern Plains Indians),American Indian/Alaska Native Foods,129.0,1.64,0.32,29.99,4.74,7.2,0.379,2.0,0.0,0.708,0.039,0.126,103.0,0.95,49.0,0.209,20.0,0.28,0.0,0.0,0.0,3.8e-05,0.0,0
raspberries,wild (Northern Plains Indians),American Indian/Alaska Native Foods,62.0,1.12,0.28,13.85,5.54,7.5,0.104,26.4,0.57,1.03,0.08,0.018,36.0,0.64,26.0,0.368,41.0,0.47,0.002,0.0,0.0,9.7e-05,0.0,0
rose hips,wild (Northern Plains Indians),American Indian/Alaska Native Foods,162.0,1.6,0.34,38.22,2.58,24.1,0.076,426.0,5.84,1.3,0.166,0.016,169.0,1.06,69.0,1.02,61.0,0.25,0.217,0.0,0.0,0.000113,0.0,3
chokecherries,"raw, pitted (Northern Plains Indians)",American Indian/Alaska Native Foods,162.0,3.04,1.69,33.62,9.37,20.0,0.198,5.5,0.35,0.628,0.173,0.034,60.0,0.69,27.0,0.417,67.0,0.33,0.008,0.0,0.0,0.000186,0.0,3
stinging nettles,blanched (Northern Plains Indians),American Indian/Alaska Native Foods,42.0,2.71,0.11,7.49,0.25,6.9,0.103,0.0,0.0,0.388,0.16,0.008,481.0,1.64,57.0,0.779,71.0,0.34,0.101,0.0,0.014,7.6e-05,0.0003,0
plums,wild (Northern Plains Indians),American Indian/Alaska Native Foods,91.0,0.43,0.17,21.95,10.61,6.0,0.093,10.3,0.53,0.367,0.042,0.005,11.0,0.17,8.0,0.076,30.0,0.09,0.173,0.0,0.0,3.5000000000000004e-05,0.0,0
pinon nuts,roasted (Navajo),American Indian/Alaska Native Foods,541.0,7.41,34.08,51.06,0.0,43.4,0.116,0.0,11.3,1.63,0.222,0.212,18.0,3.53,152.0,1.74,345.0,2.89,0.0,0.0,0.0,0.000654,0.0,3
caribou,"hind quarter, meat, cooked (Alaska Native)",American Indian/Alaska Native Foods,159.0,28.81,4.82,0.0,0.0,0.0,0.373,0.0,0.88,5.89,0.814,0.291,5.0,4.8,24.0,0.043,215.0,4.3,0.094,0.00647,0.004,0.000325,0.0165,2
agutuk,fish with shortening (Alaskan ice cream) (Alaska Native),American Indian/Alaska Native Foods,470.0,9.0,43.5,10.5,0.0,0.0,0.0,0.0,4.0,1.43,0.06,0.06,0.0,0.2,16.0,0.0,134.0,0.47,0.034,0.0,0.0,3e-05,0.0,4
sea lion,"Steller, liver (Alaska Native)",American Indian/Alaska Native Foods,137.0,22.9,5.0,0.0,0.0,0.0,0.0,0.0,0.0,0.0,0.0,0.0,6.0,9.0,22.0,0.7,396.0,4.1,0.0,0.0,0.0,0.00189,0.693,2
sea lion,"Steller, kidney (Alaska Native)",American Indian/Alaska Native Foods,93.0,18.1,1.7,1.4,0.0,0.0,0.0,0.0,0.0,0.0,0.0,0.0,9.0,7.0,16.0,0.131,301.0,2.9,0.0,0.0,0.0,0.000875,0.274,2
sea lion,"Steller, heart (Alaska Native)",American Indian/Alaska Native Foods,102.0,17.0,3.3,1.0,0.0,0.0,0.0,0.0,0.0,0.0,0.0,0.0,5.0,6.7,22.0,0.037,263.0,2.24,0.0,0.0,0.0,0.000306,0.122,2
sea lion,"Steller, meat (Alaska Native)",American Indian/Alaska Native Foods,120.0,25.85,1.88,0.0,0.0,0.0,0.0,0.0,0.0,0.0,0.0,0.0,6.0,11.48,22.0,0.017,253.0,3.32,0.0,0.0,0.0,0.000527,0.1118,2
sea lion,"Steller, meat with fat (Alaska Native)",American Indian/Alaska Native Foods,242.0,22.1,14.65,5.55,0.0,0.0,0.0,0.0,0.0,0.0,0.0,0.0,6.0,9.55,19.0,0.006,214.0,4.26,0.089,0.0,0.0,0.000116,0.119,2
sea lion,"Steller, fat (Alaska Native)",American Indian/Alaska Native Foods,850.0,0.9,94.0,0.0,0.0,0.0,0.0,0.0,0.0,0.0,0.0,0.0,0.0,0.0,0.0,0.0,0.0,0.0,0.097,0.0,0.0,0.0,0.0,4
wocas,"dried seeds, Oregon, yellow pond lily (Klamath)",American Indian/Alaska Native Foods,361.0,7.9,1.07,80.02,0.43,19.2,0.957,0.0,35.64,4.19,0.07,0.03,27.0,1.47,86.0,0.937,229.0,6.33,0.0,0.0,0.005,7.3e-05,0.0007,3
hazelnuts,beaked (Northern Plains Indians),American Indian/Alaska Native Foods,628.0,14.89,52.99,22.98,0.0,9.8,0.55,0.0,0.0,3.19,0.16,0.48,441.0,3.12,235.0,7.6,411.0,2.06,0.0,0.0,0.0,0.0012,0.0,4
piki bread,made from blue cornmeal (Hopi),American Indian/Alaska Native Foods,390.0,9.06,7.16,72.22,1.6,9.2,0.542,0.0,0.76,2.92,0.05,0.16,184.0,6.11,181.0,1.82,374.0,3.75,0.0,0.0,0.0,0.0002859999999999,0.0146,3
wocas,"tuber, cooked, Oregon, yellow pond lily (Klamath)",American Indian/Alaska Native Foods,34.0,0.69,0.35,7.06,0.0,2.3,0.068,0.0,0.42,0.29,0.015,0.015,23.0,1.21,3.0,0.952,13.0,0.3,0.0,0.0,0.005,4e-06,0.0,0
stew,"pinto bean and hominy, badufsuki (Hopi)",American Indian/Alaska Native Foods,32.0,1.42,0.54,5.38,0.0,1.5,0.036,0.0,0.04,0.097,0.0,0.0,7.0,0.37,11.0,0.059,25.0,0.18,0.0,0.0,0.0,3.5999999999999994e-05,0.0022,0
tamales,masa and pork filling (Hopi),American Indian/Alaska Native Foods,168.0,13.19,4.7,18.28,1.57,3.3,0.262,0.0,1.11,2.823,0.07,0.167,18.0,0.66,35.0,0.16,141.0,1.27,0.081,0.00022,0.0,8.7e-05,0.0326,0
tea,"herbal, brewed, Hohoysi (Hopi)",American Indian/Alaska Native Foods,2.0,0.12,0.2,0.0,0.0,0.0,0.0,0.0,0.0,0.0,0.0,0.0,5.0,0.03,0.0,0.004,0.0,0.05,0.0,0.0,0.0,7e-06,0.0,0
tortilla,"blue corn, Sakwavikaviki (Hopi)",American Indian/Alaska Native Foods,276.0,7.83,1.4,58.12,2.97,3.4,0.111,0.0,0.17,3.93,0.17,0.387,174.0,2.89,32.0,0.604,339.0,0.68,0.0,0.0,0.0,0.000126,0.0088,3
bread,"blue corn, somiviki (Hopi)",American Indian/Alaska Native Foods,186.0,3.1,1.53,39.84,12.94,3.6,0.168,0.0,0.34,0.55,0.0,0.03,34.0,1.58,43.0,0.405,94.0,0.82,0.0,0.0,0.0,0.0001189999999999,0.003,0
applebee's,9 oz house sirloin steak,Restaurant Foods,189.0,26.85,9.08,0.0,0.0,0.0,0.575,0.0,0.37,4.903,0.287,0.05,16.0,2.07,24.0,0.014,202.0,5.35,0.007,0.002,0.0,7.6e-05,0.0247,2
applebee's,Double Crunch Shrimp,Restaurant Foods,323.0,12.31,18.9,25.96,1.07,2.6,0.055,0.0,1.97,0.9,0.089,0.09,45.0,1.03,23.0,0.281,271.0,0.78,0.002,0.00043,0.0,0.00014,0.0266,2
applebee's,french fries,Restaurant Foods,290.0,3.31,13.17,39.5,0.0,3.9,0.205,0.7,0.93,2.18,0.058,0.103,19.0,1.01,29.0,0.268,137.0,0.49,0.0,0.0,0.0,0.0001089999999999,0.0004,3
applebee's,"KRAFT, Macaroni & Cheese, from kid's menu",Restaurant Foods,143.0,5.01,4.34,21.08,3.7,1.3,0.065,0.0,0.52,0.97,0.283,0.103,79.0,0.84,22.0,0.254,104.0,0.57,0.018,0.0002399999999999,0.0,6.1e-05,0.0231,0
applebee's,mozzarella sticks,Restaurant Foods,316.0,14.87,18.37,22.87,2.8,2.1,0.067,0.0,0.71,0.66,0.26,0.073,319.0,0.43,20.0,0.239,307.0,2.0,0.113,0.00099,0.0,5.9e-05,0.0176,2
applebee's,"chicken tenders, from kids' menu",Restaurant Foods,296.0,19.25,16.15,18.36,0.39,1.2,0.484,0.0,1.28,7.89,0.177,0.1,23.0,0.9,30.0,0.26,305.0,0.71,0.01,0.00015,0.0,7.099999999999999e-05,0.0169,2
t.g.i. friday's,"FRIDAY'S Shrimp, breaded",Restaurant Foods,302.0,11.87,19.02,20.87,0.0,0.0,0.09,0.0,2.09,0.76,0.091,0.07,33.0,0.53,16.0,0.252,226.0,0.73,0.007,0.00023,0.0,0.000138,0.0,2
t.g.i. friday's,french fries,Restaurant Foods,296.0,3.74,14.82,36.9,0.0,4.1,0.282,1.1,1.09,2.797,0.064,0.107,19.0,0.98,31.0,0.259,121.0,0.57,0.0,0.0,0.0,0.000115,0.0004,3
t.g.i. friday's,fried mozzarella,Restaurant Foods,333.0,15.82,18.76,25.33,1.45,2.2,0.069,0.0,0.86,0.703,0.267,0.087,351.0,0.59,23.0,0.282,290.0,2.24,0.089,0.00094,0.0,7.099999999999999e-05,0.0228,2
t.g.i. friday's,"macaroni & cheese, from kid's menu",Restaurant Foods,121.0,5.03,3.45,17.4,1.65,1.0,0.034,0.0,1.2,0.617,0.207,0.083,89.0,0.53,14.0,0.135,131.0,0.58,0.025,0.0001199999999999,0.0,6.8e-05,0.0173,0
t.g.i. friday's,"chicken fingers, from kids' menu",Restaurant Foods,330.0,18.11,20.78,17.72,0.34,0.9,0.43,0.0,1.85,7.983,0.183,0.1,27.0,0.79,28.0,0.236,338.0,0.62,0.002,8.999999999999999e-05,0.0,6.4e-05,0.028,2
t.g.i. friday's,classic sirloin steak (10 oz),Restaurant Foods,196.0,31.02,7.83,0.47,0.46,0.0,0.739,0.0,0.77,5.743,0.403,0.091,7.0,2.87,28.0,0.026,240.0,5.54,0.011,0.00263,0.0,0.000112,0.0306,2
restaurant,"family style, fried mozzarella sticks",Restaurant Foods,325.0,14.75,18.33,25.14,2.36,2.0,0.074,0.0,0.77,0.781,0.261,0.103,334.0,0.62,21.0,0.294,318.0,2.07,0.099,0.0009599999999999,0.036,6.6e-05,0.0189,2
restaurant,"family style, sirloin steak",Restaurant Foods,195.0,29.8,8.48,0.0,0.55,0.0,0.668,0.0,0.53,5.683,0.347,0.077,10.0,2.57,27.0,0.02,230.0,5.44,0.008,0.00254,0.0,0.0001,0.029,2
restaurant,"family style, french fries",Restaurant Foods,289.0,3.49,14.04,37.2,0.28,3.9,0.236,1.1,1.0,2.564,0.057,0.11,17.0,0.91,29.0,0.235,124.0,0.51,0.0,0.0,0.0,0.000112,0.0004,3
restaurant,"family style, chicken fingers, from kid's menu",Restaurant Foods,307.0,18.68,17.45,18.77,0.33,1.1,0.453,0.0,1.47,7.628,0.166,0.098,21.0,0.76,29.0,0.254,306.0,0.67,0.005,0.00013,0.0,6.8e-05,0.02,2
restaurant,"family style, shrimp, breaded and fried",Restaurant Foods,308.0,12.67,18.67,22.29,0.91,1.5,0.074,0.0,2.14,1.249,0.129,0.112,42.0,1.16,21.0,0.297,301.0,0.79,0.003,0.00044,0.062,0.0001419999999999,0.0226,2
restaurant,"family style, macaroni & cheese, from kids' menu",Restaurant Foods,151.0,5.42,6.06,18.8,3.09,1.1,0.057,0.0,0.75,0.783,0.254,0.095,99.0,0.68,19.0,0.194,137.0,0.64,0.031,0.0001799999999999,0.0,6.4e-05,0.0193999999999999,0
applebee's,"fish, hand battered",Restaurant Foods,202.0,13.23,9.14,16.65,0.51,0.9,0.201,0.0,0.88,2.29,0.093,0.053,13.0,0.35,20.0,0.097,234.0,0.34,0.003,0.00123,0.0,3.9e-05,0.0178,2
applebee's,chili,Restaurant Foods,157.0,12.56,9.79,4.57,2.27,1.4,0.321,1.1,1.15,3.557,0.207,0.037,34.0,1.46,18.0,0.084,104.0,2.23,0.149,0.00126,0.0,8.599999999999999e-05,0.0130999999999999,2
t.g.i. friday's,chicken fingers,Restaurant Foods,325.0,18.68,20.31,16.84,0.23,0.8,0.455,0.0,1.69,8.387,0.18,0.103,26.0,0.77,29.0,0.23,350.0,0.65,0.002,0.0001199999999999,0.0,6.6e-05,0.0288,2
applebee's,coleslaw,Restaurant Foods,120.0,0.79,7.09,13.17,9.33,2.8,0.129,13.7,0.5,0.3,0.063,0.03,36.0,0.26,10.0,0.148,23.0,0.19,0.077,0.0,0.0,1.7e-05,0.0004,0
applebee's,crunchy onion rings,Restaurant Foods,356.0,4.58,19.61,40.17,4.48,3.1,0.077,0.0,1.27,0.73,0.091,0.107,22.0,0.67,17.0,0.486,90.0,0.43,0.0,0.0,0.0,8.7e-05,0.006,3
applebee's,chicken tenders platter,Restaurant Foods,297.0,19.62,16.24,17.98,0.36,1.0,0.506,0.0,1.45,7.847,0.183,0.103,23.0,0.9,30.0,0.258,298.0,0.71,0.009,0.00014,0.0,6.900000000000001e-05,0.0168,2
cracker barrel,"chicken tenderloin platter, fried",Restaurant Foods,293.0,18.06,15.48,20.29,0.09,0.7,0.487,0.0,1.21,6.733,0.133,0.097,12.0,0.59,28.0,0.262,268.0,0.66,0.002,0.00011,0.0,6.6e-05,0.0163,2
cracker barrel,coleslaw,Restaurant Foods,175.0,0.89,13.22,13.01,11.07,1.6,0.125,14.2,0.97,0.28,0.052,0.03,34.0,0.29,11.0,0.144,24.0,0.16,0.043,0.0,0.0,1.9e-05,0.0022,0
cracker barrel,"onion rings, thick-cut",Restaurant Foods,327.0,4.78,16.0,40.95,4.82,2.2,0.084,0.0,1.31,0.86,0.073,0.123,19.0,0.73,21.0,0.531,100.0,0.55,0.004,0.0,0.0,8.7e-05,0.0036,3
denny's,chicken strips,Restaurant Foods,295.0,19.17,14.5,22.03,0.29,1.1,0.467,0.0,1.22,8.073,0.167,0.087,11.0,0.72,30.0,0.228,273.0,0.71,0.014,0.00014,0.0,6.6e-05,0.017,2
denny's,coleslaw,Restaurant Foods,183.0,0.97,15.03,10.88,8.16,1.3,0.102,13.2,0.93,0.263,0.059,0.027,32.0,0.34,9.0,0.151,29.0,0.2,0.042,0.0,0.0,1.9e-05,0.0029,0
denny's,"fish fillet, battered or breaded, fried",Restaurant Foods,234.0,13.75,12.16,17.41,0.4,1.0,0.26,0.0,1.0,2.66,0.1,0.067,14.0,0.41,25.0,0.161,181.0,0.44,0.002,0.00112,0.0,4.9000000000000005e-05,0.0172,2
denny's,hash browns,Restaurant Foods,197.0,2.49,8.99,26.59,1.38,2.7,0.203,0.0,0.55,2.17,0.048,0.007,17.0,0.56,26.0,0.168,71.0,0.29,0.0,0.0,0.0,6.6e-05,0.0,0
denny's,onion rings,Restaurant Foods,385.0,5.29,22.23,41.05,4.76,2.4,0.089,0.0,1.23,0.863,0.07,0.12,22.0,0.74,20.0,0.397,92.0,0.55,0.0,0.0,0.0,8.8e-05,0.0052,3
denny's,spaghetti and meatballs,Restaurant Foods,170.0,7.84,8.52,15.51,2.03,1.5,0.143,0.9,0.75,2.0,0.167,0.107,45.0,1.29,23.0,0.277,89.0,1.04,0.028,0.00039,0.0,0.000106,0.0184,0
restaurant,"family style, fish fillet, battered or breaded, fried",Restaurant Foods,219.0,13.49,10.79,16.89,0.45,0.9,0.231,0.0,0.94,2.475,0.096,0.06,14.0,0.38,23.0,0.129,207.0,0.39,0.003,0.00117,0.017,4.4e-05,0.0175,2
restaurant,"family style, chicken tenders",Restaurant Foods,302.0,18.88,16.63,19.29,0.24,0.9,0.479,0.0,1.39,7.76,0.166,0.097,18.0,0.74,29.0,0.245,297.0,0.68,0.007,0.00013,0.0,6.7e-05,0.0197,2
restaurant,"family style, coleslaw",Restaurant Foods,159.0,0.88,11.78,12.35,9.54,1.9,0.119,13.7,0.8,0.281,0.058,0.029,34.0,0.3,10.0,0.148,25.0,0.18,0.054,0.0,0.025,1.7999999999999997e-05,0.0019,0
restaurant,"family style, onion rings",Restaurant Foods,356.0,4.89,19.28,40.72,4.68,2.6,0.083,0.0,1.27,0.818,0.078,0.117,21.0,0.71,19.0,0.471,94.0,0.51,0.001,0.0,0.0,8.8e-05,0.005,3
restaurant,"family style, chili with meat and beans",Restaurant Foods,157.0,12.56,9.79,4.57,2.27,1.4,0.321,1.1,1.15,3.557,0.207,0.037,34.0,1.46,18.0,0.084,104.0,2.23,0.149,0.00126,0.0,8.599999999999999e-05,0.0130999999999999,2
restaurant,"family style, spaghetti and meatballs",Restaurant Foods,170.0,7.84,8.52,15.51,2.03,1.5,0.143,0.9,0.75,2.0,0.167,0.107,45.0,1.29,23.0,0.277,89.0,1.04,0.028,0.00039,0.0,0.000106,0.0184,0
restaurant,"family style, hash browns",Restaurant Foods,197.0,2.49,8.99,26.59,1.38,2.7,0.203,0.0,0.55,2.17,0.048,0.007,17.0,0.56,26.0,0.168,71.0,0.29,0.0,0.0,0.0,6.6e-05,0.0,0
cracker barrel,macaroni n' cheese,Restaurant Foods,194.0,6.49,11.75,15.61,2.83,1.1,0.06,0.0,0.73,0.71,0.247,0.097,145.0,0.57,17.0,0.13,202.0,0.83,0.061,0.00019,0.0,6.1e-05,0.0169,0
restaurant,"Italian, lasagna with meat",Restaurant Foods,185.0,10.83,10.69,11.36,3.15,1.5,0.0,0.7,0.91,1.843,0.237,0.14,197.0,0.79,22.0,0.139,178.0,1.32,0.081,0.00066,0.0,7.000000000000001e-05,0.018,0
olive garden,lasagna classico,Restaurant Foods,184.0,11.28,10.84,10.33,3.53,1.6,0.0,0.7,0.86,1.93,0.273,0.16,211.0,0.75,22.0,0.113,183.0,1.31,0.06,0.00055,0.0,6.1e-05,0.0152,0
carrabba's italian grill,lasagne,Restaurant Foods,191.0,10.48,11.06,12.36,2.77,1.3,0.0,0.8,0.97,1.757,0.2,0.12,185.0,0.74,24.0,0.155,176.0,1.35,0.102,0.00077,0.0,7.3e-05,0.0209,0
on the border,Mexican rice,Restaurant Foods,195.0,3.56,4.86,34.15,1.38,1.1,0.0,0.3,0.59,2.75,0.086,0.28,39.0,1.18,15.0,0.35,74.0,0.38,0.003,8.999999999999999e-05,0.0,7.3e-05,0.0073,0
on the border,refried beans,Restaurant Foods,144.0,7.3,5.0,17.52,0.84,8.2,0.0,0.0,0.1,0.52,0.105,0.145,57.0,1.67,47.0,0.4,137.0,0.98,0.0,0.0001,0.0,0.000204,0.0088,0
restaurant,"Italian, spaghetti with pomodoro sauce (no meat)",Restaurant Foods,104.0,3.9,1.89,17.77,1.82,1.7,0.084,1.1,0.81,1.162,0.123,0.072,15.0,0.9,16.0,0.215,44.0,0.35,0.01,0.0,0.0,7.4e-05,0.0101,0
olive garden,spaghetti with pomodoro sauce,Restaurant Foods,102.0,4.26,1.85,17.14,1.77,1.7,0.082,1.2,0.79,1.14,0.117,0.067,11.0,0.98,16.0,0.213,44.0,0.34,0.011,0.0,0.0,6.7e-05,0.0133,0
carrabba's italian grill,spaghetti with pomodoro sauce,Restaurant Foods,104.0,3.42,1.75,18.63,1.87,1.7,0.086,1.0,0.84,1.183,0.13,0.077,17.0,0.74,14.0,0.206,43.0,0.33,0.009,0.0,0.0,7.099999999999999e-05,0.0069,0
on the border,cheese enchilada,Restaurant Foods,271.0,11.67,17.74,16.2,2.89,1.8,0.125,0.0,0.89,0.78,0.22,0.065,293.0,0.71,30.0,0.129,288.0,1.88,0.01,0.0007199999999999,0.0,6.8e-05,0.016,2
restaurant,"Mexican, cheese enchilada",Restaurant Foods,273.0,11.24,18.47,15.45,2.6,1.9,0.122,0.0,1.28,0.627,0.223,0.063,314.0,0.66,29.0,0.118,268.0,1.83,0.205,0.00086,0.0,5.5e-05,0.0158,2
on the border,cheese quesadilla,Restaurant Foods,394.0,16.87,25.5,24.25,2.04,2.2,0.06,0.0,0.68,1.985,0.34,0.23,432.0,1.52,24.0,0.246,373.0,2.32,0.0,0.00082,0.0,6.1e-05,0.0236,2
restaurant,"Mexican, cheese quesadilla",Restaurant Foods,368.0,15.93,23.08,24.11,2.21,1.7,0.075,0.0,0.61,1.973,0.323,0.223,430.0,1.52,24.0,0.279,347.0,2.16,0.155,0.00099,0.0,6.900000000000001e-05,0.0233,2
carrabba's italian grill,cheese ravioli with marinara sauce,Restaurant Foods,156.0,7.96,6.0,17.62,4.15,1.4,0.09,0.0,0.49,0.903,0.17,0.053,135.0,0.52,21.0,0.183,126.0,0.81,0.058,0.0004,0.0,8.999999999999999e-05,0.022,0
olive garden,cheese ravioli with marinara sauce,Restaurant Foods,159.0,7.44,5.61,19.64,4.85,1.1,0.09,0.0,0.45,1.753,0.237,0.15,121.0,0.96,23.0,0.18,129.0,0.75,0.048,0.00032,0.0,7.6e-05,0.0188,0
restaurant,"Italian, cheese ravioli with marinara sauce",Restaurant Foods,154.0,7.07,5.7,18.5,4.5,1.2,0.09,0.0,0.47,1.328,0.203,0.102,120.0,0.82,22.0,0.187,121.0,0.74,0.053,0.0003599999999999,0.0,8.599999999999999e-05,0.0203999999999999,0
restaurant,"Mexican, cheese tamales",Restaurant Foods,216.0,8.99,11.99,17.97,1.23,2.2,0.136,0.0,1.74,1.928,0.132,0.068,111.0,0.87,30.0,0.156,161.0,1.31,0.124,0.00029,0.0,6e-05,0.0121,0
carrabba's italian grill,chicken parmesan without cavatappi pasta,Restaurant Foods,206.0,19.0,10.95,7.8,2.89,0.9,0.227,0.0,1.89,6.447,0.223,0.103,142.0,0.78,30.0,0.169,235.0,1.16,0.053,0.00046,0.0,7.9e-05,0.0253,2
olive garden,chicken parmigiana without pasta,Restaurant Foods,211.0,15.33,11.23,12.28,2.68,0.9,0.183,0.0,1.59,5.58,0.163,0.057,95.0,0.58,25.0,0.129,236.0,0.86,0.037,0.00034,0.0,6.2e-05,0.024,2
restaurant,"Italian, chicken parmesan without pasta",Restaurant Foods,204.0,16.17,10.64,10.92,2.79,0.9,0.205,0.0,1.74,6.013,0.193,0.08,106.0,0.68,26.0,0.149,227.0,0.95,0.045,0.0004,0.0,7.099999999999999e-05,0.0247,2
on the border,"soft taco with ground beef, cheese and lettuce",Restaurant Foods,229.0,13.19,11.05,19.28,1.84,1.8,0.125,0.0,0.44,2.785,0.22,0.16,123.0,1.94,30.0,0.377,188.0,1.97,0.004,0.00115,0.0,0.00013,0.023,2
restaurant,"Mexican, soft taco with ground beef, cheese and lettuce",Restaurant Foods,219.0,12.56,10.81,17.92,2.39,1.5,0.136,0.0,0.82,2.63,0.248,0.162,116.0,1.85,27.0,0.269,172.0,2.15,0.049,0.00122,0.0,9.9e-05,0.0193,2
restaurant,"Latino, chicken and rice, entree, prepared",Restaurant Foods,174.0,12.02,5.06,20.03,0.55,1.2,0.176,0.0,0.5,5.558,0.056,0.104,18.0,0.95,18.0,0.304,122.0,0.78,0.0,0.00016,0.0,7.6e-05,0.0145,0
restaurant,"Latino, empanadas, beef, prepared",Restaurant Foods,335.0,11.31,18.37,31.19,1.84,2.0,0.148,0.7,0.73,4.663,0.19,0.277,20.0,2.7,21.0,0.267,103.0,1.86,0.018,0.00076,0.069,9.7e-05,0.0248,2
restaurant,"Latino, arroz con leche (rice pudding)",Restaurant Foods,146.0,3.2,3.69,24.92,15.26,0.5,0.025,0.0,0.21,0.31,0.097,0.025,90.0,0.23,11.0,0.129,83.0,0.5,0.0,8e-05,0.0,3.1e-05,0.0037,0
restaurant,"Latino, Arroz con frijoles negros (rice and black beans)",Restaurant Foods,151.0,4.64,3.85,24.4,0.86,3.4,0.062,0.0,0.47,1.017,0.021,0.122,37.0,1.57,26.0,0.443,87.0,0.74,0.0,0.0,0.0,0.000161,0.0048,0
restaurant,"Latino, Arroz con habichuelas colorados (Rice And Red Beans)",Restaurant Foods,142.0,3.96,3.46,23.74,0.15,2.6,0.047,0.0,0.23,0.813,0.015,0.043,15.0,1.22,21.0,0.419,75.0,0.71,0.0,0.0,0.0,0.000139,0.0056,0
restaurant,"Latino, Arroz con grandules (rice and pigeonpeas)",Restaurant Foods,182.0,3.5,4.98,30.75,0.0,1.4,0.04,0.0,0.68,0.53,0.015,0.03,8.0,0.29,14.0,0.587,54.0,0.74,0.0,0.0,0.0,0.000126,0.0,0
restaurant,"Latino, pupusas con frijoles (pupusas, bean)",Restaurant Foods,229.0,5.59,9.01,31.49,1.3,5.8,0.172,0.0,0.36,0.867,0.03,0.077,51.0,1.46,54.0,0.344,144.0,0.94,0.0,0.0,0.0,0.0001409999999999,0.007,0
restaurant,"Latino, pupusas con queso (pupusas, cheese)",Restaurant Foods,256.0,11.72,13.25,22.39,1.2,2.9,0.149,0.0,0.44,0.483,0.127,0.042,325.0,0.56,36.0,0.125,271.0,1.87,0.089,0.00045,0.003,3.7e-05,0.015,2
restaurant,"Latino, pupusas del cerdo (pupusas, pork)",Restaurant Foods,232.0,11.51,10.43,23.02,1.45,2.6,0.23,0.1,0.35,2.373,0.087,0.083,49.0,1.01,38.0,0.159,162.0,1.62,0.01,0.00028,0.004,6.500000000000001e-05,0.0178,0
restaurant,"Latino, tamale, corn",Restaurant Foods,186.0,3.48,7.21,26.68,7.42,3.2,0.176,0.2,0.45,1.317,0.053,0.043,24.0,0.53,29.0,0.214,93.0,0.62,0.002,0.0,0.001,2.8e-05,0.0025,0
restaurant,"Latino, tamale, pork",Restaurant Foods,174.0,7.35,9.04,15.75,0.46,2.4,0.132,16.4,0.53,1.295,0.05,0.04,75.0,0.87,26.0,0.186,120.0,1.2,0.012,0.00011,0.06,5e-05,0.0098,0
restaurant,"Latino, black bean soup",Restaurant Foods,103.0,5.1,2.57,14.79,0.89,4.9,0.096,0.0,0.07,0.675,0.025,0.06,42.0,1.76,41.0,0.326,109.0,0.67,0.001,0.0,0.0,0.000161,0.0091,0
restaurant,"Latino, tripe soup",Restaurant Foods,74.0,8.61,2.58,4.07,0.0,0.0,0.038,0.0,0.38,0.523,0.02,0.015,22.0,0.68,10.0,0.064,42.0,1.06,0.0,0.00045,0.0,2.2e-05,0.0056,0
restaurant,"Latino, arepa (unleavened cornmeal bread)",Restaurant Foods,219.0,5.48,5.38,37.14,0.87,2.6,0.107,0.0,0.29,0.888,0.042,0.07,89.0,1.04,27.0,0.116,117.0,0.8,0.061,0.0,0.0,3e-05,0.0060999999999999,0
restaurant,"Latino, bunuelos (fried yeast bread)",Restaurant Foods,462.0,8.02,26.24,48.57,12.24,1.5,0.063,0.0,0.98,1.967,0.143,0.113,215.0,1.78,19.0,0.391,157.0,0.91,0.0,0.0,0.0,4.1e-05,0.0107,3
restaurant,"Mexican, spanish rice",Restaurant Foods,185.0,3.28,5.29,31.16,1.3,1.2,0.0,0.1,0.6,2.378,0.074,0.183,20.0,1.15,13.0,0.39,57.0,0.48,0.006,8e-05,0.0,6.500000000000001e-05,0.0074,0
restaurant,"Mexican, refried beans",Restaurant Foods,156.0,6.91,6.77,16.79,0.78,8.0,0.0,0.0,0.45,0.488,0.111,0.135,57.0,1.62,44.0,0.367,128.0,0.88,0.011,8e-05,0.0,0.000168,0.0084,0
restaurant,"Chinese, egg rolls, assorted",Restaurant Foods,250.0,8.28,11.94,27.29,0.0,2.6,0.167,0.0,0.0,2.725,0.077,0.165,40.0,1.41,18.0,0.245,85.0,0.62,0.0,0.00044,0.0,0.000148,0.0,0
restaurant,"Chinese, fried rice, without meat",Restaurant Foods,174.0,4.05,2.96,32.79,0.56,1.1,0.032,3.8,0.13,0.637,0.026,0.015,12.0,0.66,10.0,0.433,51.0,0.72,0.022,0.0,0.006,9.5e-05,0.0083,0
restaurant,"Chinese, beef and vegetables",Restaurant Foods,105.0,7.08,5.3,7.29,2.41,1.5,0.161,11.6,0.82,1.32,0.055,0.033,22.0,1.11,15.0,0.147,76.0,1.5,0.063,0.0004799999999999,0.045,4.9000000000000005e-05,0.0067,0
cracker barrel,"chicken tenderloin platter, fried, from kid's menu",Restaurant Foods,294.0,18.67,15.41,20.24,0.19,1.0,0.444,0.0,1.27,7.01,0.137,0.093,12.0,0.58,29.0,0.266,275.0,0.67,0.002,0.00013,0.0,6.900000000000001e-05,0.0152,2
cracker barrel,country fried shrimp platter,Restaurant Foods,287.0,12.62,16.77,21.4,0.0,0.3,0.066,0.0,1.88,0.87,0.085,0.11,43.0,1.53,19.0,0.408,210.0,0.8,0.001,0.00069,0.0,0.000107,0.0,2
cracker barrel,farm raised catfish platter,Restaurant Foods,266.0,22.94,17.05,5.31,0.0,1.6,0.182,0.0,0.0,3.06,0.09,0.112,43.0,0.71,34.0,0.075,470.0,0.94,0.0,0.0031,0.0,4.8e-05,0.0,2
cracker barrel,steak fries,Restaurant Foods,255.0,3.26,13.18,30.87,0.86,3.5,0.236,0.9,1.34,2.417,0.056,0.117,19.0,0.69,32.0,0.182,117.0,0.42,0.0,0.0,0.0,0.000123,0.0,0
cracker barrel,grilled sirloin steak,Restaurant Foods,203.0,31.52,8.52,0.0,0.0,0.0,0.691,0.0,0.46,6.403,0.35,0.089,7.0,2.75,28.0,0.02,249.0,5.42,0.007,0.003,0.0,0.000112,0.0318,2
cracker barrel,"macaroni n' cheese plate, from kid's menu",Restaurant Foods,192.0,6.46,11.51,15.58,2.83,0.7,0.054,0.0,0.75,0.677,0.243,0.093,146.0,0.55,17.0,0.127,202.0,0.83,0.067,0.00015,0.0,6e-05,0.0162,0
denny's,french fries,Restaurant Foods,282.0,3.41,14.13,35.2,0.85,3.5,0.22,1.6,0.98,2.717,0.048,0.12,14.0,0.72,27.0,0.179,115.0,0.46,0.0,0.0,0.0,0.000111,0.0004,0
denny's,mozzarella cheese sticks,Restaurant Foods,324.0,13.56,17.87,27.22,2.83,1.6,0.084,0.0,0.74,0.98,0.257,0.15,331.0,0.84,21.0,0.363,358.0,1.98,0.096,0.00095,0.0,6.7e-05,0.0162,2
denny's,golden fried shrimp,Restaurant Foods,319.0,13.88,20.01,20.93,0.75,1.5,0.085,0.0,2.61,2.467,0.25,0.18,47.0,1.54,26.0,0.247,498.0,0.85,0.002,0.0004,0.0,0.000183,0.0185,2
denny's,"macaroni & cheese, from kid's menu",Restaurant Foods,150.0,5.19,4.92,21.16,4.2,1.2,0.077,0.0,0.53,0.87,0.283,0.1,83.0,0.79,23.0,0.26,113.0,0.58,0.015,0.00019,0.0,6.6e-05,0.0208,0
denny's,"chicken nuggets, star shaped, from kid's menu",Restaurant Foods,377.0,16.27,28.57,13.59,0.0,0.8,0.382,0.0,1.91,6.353,0.193,0.137,16.0,1.34,22.0,0.212,254.0,0.73,0.017,0.00016,0.0,5.9e-05,0.0173,2
denny's,top sirloin steak,Restaurant Foods,182.0,28.9,7.34,0.14,0.0,0.0,0.613,0.0,0.0,5.31,0.22,0.05,6.0,3.27,24.0,0.017,264.0,5.26,0.0,0.0027,0.0,0.000118,0.0,2
restaurant,"Chinese, lemon chicken",Restaurant Foods,252.0,11.87,13.55,20.61,8.18,1.0,0.25,2.3,1.28,3.776,0.07,0.053,40.0,1.22,16.0,0.089,136.0,0.51,0.003,0.00011,0.009,4e-05,0.013,2
restaurant,"Chinese, general tso's chicken",Restaurant Foods,295.0,12.9,16.36,23.99,11.6,0.9,0.202,1.6,1.21,2.853,0.118,0.027,12.0,1.16,18.0,0.075,127.0,1.3,0.011,0.00022,0.015,4.6e-05,0.0144,2
restaurant,"Chinese, kung pao chicken",Restaurant Foods,129.0,9.76,6.98,6.87,3.03,1.5,0.243,7.1,1.02,2.757,0.055,0.032,20.0,0.76,24.0,0.256,94.0,0.74,0.065,0.00011,0.016,7.3e-05,0.0081,0
restaurant,"Chinese, shrimp and vegetables",Restaurant Foods,78.0,5.9,4.05,4.52,2.16,1.4,0.125,11.3,0.99,0.935,0.033,0.03,36.0,0.72,16.0,0.158,74.0,0.49,0.066,0.0002099999999999,0.0,8.400000000000001e-05,0.0056,0
restaurant,"Chinese, sweet and sour chicken",Restaurant Foods,250.0,10.1,12.65,23.86,11.47,1.0,0.257,2.4,0.82,3.657,0.043,0.053,45.0,2.12,15.0,0.152,135.0,0.42,0.018,8.999999999999999e-05,0.015,3.9e-05,0.0115,0
restaurant,"Chinese, sweet and sour pork",Restaurant Foods,270.0,8.91,15.66,23.34,10.34,1.0,0.17,2.3,0.89,2.112,0.103,0.235,46.0,3.07,13.0,0.173,133.0,1.07,0.029,0.00019,0.0,6e-05,0.0096999999999999,0
restaurant,"Chinese, chicken chow mein",Restaurant Foods,85.0,6.76,2.8,8.29,1.74,1.0,0.175,2.0,0.43,1.468,0.023,0.031,21.0,0.67,11.0,0.099,54.0,0.32,0.019,7.000000000000001e-05,0.0,2.9e-05,0.0060999999999999,0
restaurant,"Chinese, vegetable chow mein, without meat or noodles",Restaurant Foods,43.0,1.34,1.68,5.74,2.63,1.2,0.086,7.2,0.5,0.507,0.098,0.02,25.0,0.42,9.0,0.112,30.0,0.19,0.013,0.0,0.04,3.2e-05,0.0004,0
restaurant,"Chinese, vegetable lo mein, without meat",Restaurant Foods,121.0,4.77,2.35,20.16,2.63,1.3,0.068,1.7,0.3,0.81,0.124,0.047,21.0,1.07,14.0,0.24,45.0,0.36,0.009,0.0,0.028,6.4e-05,0.0116999999999999,0
restaurant,"Chinese, chicken and vegetables",Restaurant Foods,95.0,8.18,4.56,5.38,2.93,0.9,0.232,8.1,0.77,1.69,0.12,0.03,20.0,0.56,15.0,0.126,73.0,0.43,0.056,7.000000000000001e-05,0.04,4.4e-05,0.0081,0
restaurant,"Chinese, orange chicken",Restaurant Foods,262.0,14.46,12.68,22.46,13.6,0.8,0.23,0.9,1.07,3.59,0.22,0.043,14.0,0.94,20.0,0.087,130.0,1.13,0.075,0.0002,0.01,4.2e-05,0.0171,2
restaurant,"Italian, spaghetti with meat sauce",Restaurant Foods,121.0,5.79,3.59,16.4,1.82,1.6,0.109,0.7,0.63,1.643,0.147,0.09,17.0,0.97,17.0,0.212,59.0,0.69,0.012,0.00017,0.0,9.7e-05,0.0130999999999999,0
olive garden,spaghetti with meat sauce,Restaurant Foods,121.0,5.8,3.28,17.19,1.67,1.7,0.098,0.6,0.58,1.69,0.143,0.09,15.0,1.03,18.0,0.221,60.0,0.68,0.01,0.00013,0.0,9.8e-05,0.0168,0
carrabba's italian grill,spaghetti with meat sauce,Restaurant Foods,122.0,5.87,3.92,15.71,1.96,1.5,0.121,0.8,0.68,1.597,0.15,0.09,15.0,0.89,15.0,0.187,58.0,0.7,0.014,0.0002099999999999,0.0,8.8e-05,0.0095,0
syrups,grenadine,Sweets,268.0,0.0,0.0,66.91,46.55,0.0,0.0,0.0,0.0,0.0,0.01,0.0,6.0,0.05,4.0,0.0,4.0,0.13,0.0,0.0,0.0,2.6e-05,0.0006,1
fruit-flavored drink,"dry powdered mix, low calorie, with aspartame",Beverages,218.0,0.45,0.04,87.38,0.0,0.1,0.0,560.0,0.0,0.0,0.0,0.0,1047.0,0.08,3.0,0.001,1239.0,0.0,0.0,0.0,0.0,0.0,0.0,3
pectin,liquid,Sweets,11.0,0.0,0.0,2.1,0.0,2.1,0.0,0.0,0.0,0.0,0.0,0.0,0.0,0.0,0.0,0.0,0.0,0.0,0.0,0.0,0.0,0.0,0.0,0
frozen novelties,"ice cream type, vanilla ice cream, light, no sugar added, chocolate coated",Sweets,221.0,6.4,10.1,26.11,8.52,0.8,0.043,0.0,0.42,0.175,0.261,0.062,222.0,0.29,28.0,0.078,173.0,0.82,0.019,0.00049,0.007,7.6e-05,0.0024,0
creamy dressing,"made with sour cream and/or buttermilk and oil, reduced calorie",Fats and Oils,160.0,1.5,14.0,7.0,5.65,0.0,0.03,0.4,2.45,0.02,0.01,0.01,6.0,0.13,2.0,0.0,7.0,0.04,0.011,7.000000000000001e-05,0.006,0.0,0.0016,0
imitation cheese,"american or cheddar, low cholesterol",Dairy and Egg Products,390.0,25.0,32.0,1.0,1.0,0.0,0.07,0.0,0.28,0.08,0.36,0.03,705.0,0.7,30.0,0.0,530.0,3.0,0.115,0.00083,0.018,3e-05,0.0146,2
babyfood,banana juice with low fat yogurt,Baby Foods,89.0,2.5,0.8,17.54,13.28,0.4,0.12,33.9,0.05,0.27,0.1,0.03,79.0,0.2,10.0,0.0,65.0,0.14,0.006,0.00043,0.006,3e-05,0.0016,0
babyfood,mixed fruit juice with low fat yogurt,Baby Foods,76.0,2.4,0.8,14.68,10.8,0.4,0.05,33.9,0.03,0.16,0.1,0.04,81.0,0.2,10.0,0.0,60.0,0.14,0.005,0.00043,0.006,3e-05,0.0013,0
turkey ham,"sliced, extra lean, prepackaged or deli-sliced",Sausages and Luncheon Meats,124.0,19.6,3.8,2.93,0.0,0.0,0.23,0.0,0.39,3.53,0.25,0.05,5.0,1.35,20.0,0.0,304.0,2.36,0.0,0.00026,0.006,0.00011,0.037,2
bologna,"beef and pork, low fat",Sausages and Luncheon Meats,230.0,11.5,19.3,2.6,0.0,0.0,0.18,0.0,0.22,2.54,0.13,0.17,11.0,0.66,12.0,0.0,181.0,1.5,0.0,0.00131,0.005,8e-05,0.0112,2
milk dessert,"frozen, milk-fat free, chocolate",Sweets,167.0,4.3,1.0,37.7,37.7,0.0,0.04,0.7,0.0,0.1,0.26,0.05,154.0,0.04,45.0,0.0,123.0,0.47,0.002,0.00055,0.006,8e-06,0.0026,1
whipped topping,"frozen, low fat",Dairy and Egg Products,224.0,3.0,13.1,23.6,23.6,0.0,0.02,0.0,0.5,0.1,0.09,0.02,71.0,0.1,7.0,0.0,74.0,0.1,0.004,0.0002,0.003,1e-05,0.0024,0
cream substitute,"powdered, light",Dairy and Egg Products,431.0,1.9,15.7,73.4,73.4,0.0,0.0,0.0,0.26,0.0,0.0,0.0,1.0,0.03,0.0,0.0,136.0,0.02,0.001,0.0,0.001,1e-05,0.0008,1
salad dressing,"peppercorn dressing, commercial, regular",Fats and Oils,564.0,1.2,61.4,3.5,2.45,0.0,0.07,0.6,4.23,0.0,0.0,0.0,22.0,0.35,2.0,0.0,26.0,0.18,0.01,0.0001199999999999,0.004,1e-05,0.0016,4
mayonnaise,"reduced-calorie or diet, cholesterol-free",Fats and Oils,333.0,0.9,33.3,6.7,4.2,0.0,0.0,0.0,6.43,0.0,0.0,0.0,0.0,0.0,0.0,0.0,0.0,0.0,0.0,0.0,0.0,0.0,0.0016,0
granola bar,"soft, milk chocolate coated, peanut butter",Snacks,536.0,9.6,31.2,54.1,23.63,3.8,0.11,0.6,4.59,3.29,0.21,0.1,108.0,1.45,67.0,0.0,227.0,1.47,0.008,0.00046,0.025,0.000323,0.0157,1
salad dressing,"italian dressing, reduced calorie",Fats and Oils,200.0,0.3,20.0,6.7,1.94,0.2,0.03,0.4,0.59,0.02,0.01,0.01,6.0,0.13,2.0,0.02,7.0,0.04,0.0,7.000000000000001e-05,0.003,5e-06,0.0016,0
cream substitute,"liquid, light",Dairy and Egg Products,71.0,0.8,3.5,9.1,9.1,0.0,0.0,0.0,0.28,0.0,0.0,0.0,1.0,0.56,0.0,0.0,75.0,0.05,0.0,0.0,0.0,0.0,0.0009,0
candies,"MARS SNACKFOOD US, M&M's Peanut Butter Chocolate Candies",Sweets,529.0,10.16,29.32,56.89,47.15,4.0,0.095,0.5,1.26,4.329,0.074,0.152,88.0,1.06,81.0,0.963,191.0,1.49,0.028,0.00019,0.045,0.000452,0.0028,1
babyfood,"apple yogurt dessert, strained",Baby Foods,96.0,0.8,1.6,19.5,12.02,0.5,0.02,35.1,0.02,0.0,0.05,1.56,6.0,0.0,15.0,0.0,31.0,0.28,0.003,0.0005,0.009,5e-05,0.0007,0
vegetable oil-butter spread,reduced calorie,Fats and Oils,465.0,0.0,53.0,0.0,0.0,0.0,0.0,0.0,9.2,0.01,0.01,0.0,6.0,0.04,0.0,0.0,10.0,0.01,0.819,0.0,0.001,1e-06,0.0005,4
salad dressing,"blue or roquefort cheese dressing, light",Fats and Oils,86.0,2.1,2.7,13.2,3.6,0.0,0.02,0.0,0.9,0.04,0.04,0.01,68.0,0.14,4.0,0.0,47.0,0.3,0.067,0.00011,0.028,1.3e-05,0.0016,0
cheese,"monterey, low fat",Dairy and Egg Products,313.0,28.2,21.6,0.7,0.56,0.0,0.08,0.0,0.19,0.09,0.36,0.02,705.0,0.72,27.0,0.0,444.0,3.0,0.142,0.00083,0.018,3.2e-05,0.0145,2
creamy dressing,"made with sour cream and/or buttermilk and oil, reduced calorie, fat-free",Fats and Oils,107.0,1.4,2.7,20.0,5.35,0.0,0.02,0.0,0.67,0.04,0.06,0.01,36.0,0.25,5.0,0.0,77.0,0.18,0.001,0.0,0.006,0.0,0.0016,0
creamy dressing,"made with sour cream and/or buttermilk and oil, reduced calorie, cholesterol-free",Fats and Oils,140.0,1.0,8.0,16.0,3.28,0.0,0.02,0.0,4.92,0.04,0.06,0.01,36.0,0.26,5.0,0.0,100.0,0.18,0.018,0.0001,0.004,0.0,0.0016,0
bologna,"beef, low fat",Sausages and Luncheon Meats,204.0,11.8,14.8,5.2,0.0,0.0,0.15,1.0,0.19,2.5,0.1,0.05,9.0,1.0,12.0,0.0,178.0,1.83,0.0,0.0014,0.005,3e-05,0.0124,2
salad dressing,"french dressing, reduced calorie",Fats and Oils,200.0,0.4,13.0,27.0,25.92,0.0,0.0,0.0,2.86,0.0,0.0,0.0,11.0,0.4,0.0,0.071,14.0,0.18,0.01,0.0,0.002,1e-05,0.0016,0
turkey and pork sausage,"fresh, bulk, patty or link, cooked",Sausages and Luncheon Meats,307.0,22.7,23.0,0.7,0.0,0.0,0.34,1.1,0.39,4.22,0.25,0.51,32.0,1.62,19.0,0.0,191.0,3.17,0.0,0.00126,0.004,0.000148,0.021,2
mayonnaise,made with tofu,Fats and Oils,322.0,5.95,31.79,3.06,0.85,1.1,0.02,0.0,2.4,0.09,0.04,0.05,53.0,0.27,52.0,0.399,49.0,0.4,0.002,0.0,0.008,8.999999999999999e-05,0.0016,2
frankfurter,"beef, low fat",Sausages and Luncheon Meats,230.0,12.0,19.5,1.6,0.0,0.0,0.1,1.0,0.18,2.3,0.1,0.05,8.0,1.15,11.0,0.0,191.0,1.96,0.0,0.0014,0.004,6.500000000000001e-05,0.0139,2
bean beverage,No_descr,Legumes,34.0,2.8,0.0,5.8,0.08,0.0,0.1,0.0,0.23,0.62,0.1,0.15,17.0,1.25,48.0,0.111,92.0,0.37,0.0,0.0,0.06,0.0,0.0014,0
candies,"MARS SNACKFOOD US, TWIX chocolate fudge cookie bars",Sweets,550.0,7.3,33.3,56.0,53.0,3.0,0.04,1.0,2.71,1.11,0.2,0.14,130.0,1.31,46.0,0.0,147.0,0.92,0.009,0.00033,0.009,0.0002929999999999,0.007,1
frozen yogurts,"chocolate, nonfat milk, sweetened without sugar",Sweets,107.0,4.4,0.8,19.7,12.61,2.0,0.04,0.7,0.08,0.2,0.18,0.04,159.0,0.04,40.0,0.0,129.0,0.49,0.002,0.00049,0.012,0.000203,0.0028,0
frozen yogurts,chocolate,Sweets,127.0,3.0,3.6,21.6,19.24,2.3,0.04,0.0,0.09,0.14,0.18,0.04,100.0,0.46,25.0,0.0,89.0,0.28,0.039,7.000000000000001e-05,0.012,5.4e-05,0.0019,0
frozen yogurts,flavors other than chocolate,Sweets,127.0,3.0,3.6,21.6,19.92,0.0,0.04,0.7,0.09,0.07,0.18,0.04,100.0,0.46,10.0,0.0,89.0,0.28,0.049,7.000000000000001e-05,0.004,8.999999999999999e-06,0.0019,0
frankfurter,"beef and pork, low fat",Sausages and Luncheon Meats,152.0,11.0,10.0,4.4,0.0,0.0,0.1,0.0,0.08,2.4,0.11,0.18,10.0,1.2,10.0,0.0,140.0,1.96,0.0,0.0013,0.004,7.5e-05,0.0150999999999999,0
milk,"buttermilk, fluid, cultured, reduced fat",Dairy and Egg Products,56.0,4.1,2.0,5.3,5.3,0.0,0.03,1.5,0.11,0.1,0.21,0.05,143.0,0.06,13.0,0.0,82.0,0.24,0.016,0.00037,0.006,8e-06,0.0023,0
pork sausage rice links,"brown and serve, cooked",Sausages and Luncheon Meats,407.0,13.7,37.63,2.36,0.0,0.0,0.2,0.0,0.22,3.35,0.12,0.48,15.0,1.12,14.0,0.079,116.0,1.45,0.0,0.0013,0.006,6.6e-05,0.0166,2
salad dressing,"blue or roquefort cheese dressing, fat-free",Fats and Oils,115.0,1.52,1.01,25.6,7.44,1.8,0.045,0.5,0.04,0.111,0.166,0.04,51.0,0.12,15.0,0.01,107.0,0.21,0.005,0.00026,0.002,1.5e-05,0.0016,0
salad dressing,"mayonnaise-like, fat-free",Fats and Oils,84.0,0.2,2.7,15.5,10.3,1.9,0.0,0.0,0.04,0.0,0.014,0.0,6.0,0.12,2.0,0.022,5.0,0.05,0.0,0.0,0.0,2e-05,0.0003,0
candies,"MARS SNACKFOOD US, MILKY WAY Midnight Bar",Sweets,443.0,3.2,17.5,71.22,57.81,2.9,0.02,0.2,0.39,0.218,0.063,0.037,53.0,1.2,58.0,0.393,75.0,0.89,0.042,4e-05,0.007,0.0003439999999999,0.0025,1
papad,No_descr,Legumes,371.0,25.56,3.25,59.87,0.0,18.6,0.285,0.0,0.05,1.472,0.258,0.277,143.0,7.8,271.0,1.562,385.0,3.4,0.013,0.0,0.219,0.000998,0.0083,3
rice cake,cracker (include hain mini rice cakes),Snacks,392.0,7.1,4.3,81.1,0.88,4.2,0.15,0.0,1.24,7.81,0.16,0.06,11.0,1.49,131.0,0.0,360.0,3.0,0.0,0.0,0.021,0.000445,0.0246,3
cheese,"pasteurized process, cheddar or American, fat-free",Dairy and Egg Products,148.0,22.5,0.8,13.4,9.95,0.0,0.09,0.0,0.27,0.21,0.48,0.06,689.0,0.28,36.0,0.0,936.0,3.42,0.44,0.00112,0.027,1.9e-05,0.0206,2
candies,"MARS SNACKFOOD US, M&M's Almond Chocolate Candies",Sweets,522.0,7.53,27.76,60.5,49.22,5.6,0.055,0.6,9.52,0.952,0.324,0.11,155.0,1.73,116.0,1.03,203.0,1.86,0.024,0.00022,0.012,0.000552,0.0027,1
salad dressing,"coleslaw dressing, reduced fat",Fats and Oils,329.0,0.0,20.0,40.0,38.73,0.4,0.02,0.0,1.84,0.25,0.01,0.01,36.0,0.26,5.0,0.004,30.0,0.18,0.0,0.0001,0.0,0.0,0.0016,1
oil,"flaxseed, cold pressed",Fats and Oils,884.0,0.11,99.98,0.0,0.0,0.0,0.0,0.0,0.47,0.0,0.0,0.0,1.0,0.0,0.0,0.0,1.0,0.07,0.0,0.0,0.0,0.0,0.0,4
cheese,"cottage, lowfat, 1% milkfat, lactose reduced",Dairy and Egg Products,74.0,12.4,1.0,3.2,2.6,0.6,0.07,0.0,0.01,0.13,0.16,0.02,53.0,0.14,5.0,0.0,134.0,0.38,0.011,0.00063,0.012,2.8e-05,0.009,0
cereals ready-to-eat,frosted oat cereal with marshmallows,Breakfast Cereals,400.0,7.1,3.33,84.7,36.13,4.3,1.76,20.0,0.45,17.64,1.5,1.32,333.0,15.0,28.0,0.0,141.0,7.94,0.5,0.00529,0.587,0.0001409999999999,0.0146,1
cereals ready-to-eat,WEETABIX whole grain cereal,Breakfast Cereals,371.0,11.43,2.86,81.5,5.71,11.4,0.46,0.0,0.98,5.714,0.98,1.929,57.0,12.86,92.0,0.0,172.0,1.72,0.0,0.0,0.046,0.000622,0.0059,3
cereals ready-to-eat,"POST, HONEY BUNCHES OF OATS, with almonds",Breakfast Cereals,409.0,7.7,7.3,79.6,20.0,5.5,1.6,0.0,1.86,15.6,1.3,1.2,35.0,33.8,61.0,0.0,172.0,0.9,0.68,0.0047,1.049,0.0002,0.012,3
turkey,"pork, and beef sausage, reduced fat, smoked",Sausages and Luncheon Meats,241.0,18.6,16.8,2.6,0.0,0.0,0.27,0.0,0.25,3.29,0.15,0.18,18.0,1.12,17.0,0.0,142.0,2.18,0.001,0.00044,0.004,6.1e-05,0.0278,2
margarine-like,"vegetable oil spread, stick or tub, sweetened",Fats and Oils,534.0,0.0,52.0,16.7,16.7,0.0,0.0,0.0,5.0,0.0,0.0,0.0,0.0,0.0,0.0,0.0,16.0,0.0,0.819,0.0,0.0,0.0,0.0,4
cheese product,"pasteurized process, cheddar, reduced fat",Dairy and Egg Products,240.0,17.6,14.1,10.6,8.02,0.0,0.08,0.0,0.27,0.18,0.48,0.07,529.0,0.2,33.0,0.0,829.0,2.36,0.254,0.00111,0.018,3e-05,0.0124,2
snacks,"popcorn, home-prepared, oil-popped, unsalted",Snacks,500.0,9.0,28.1,58.1,0.54,10.0,0.21,0.3,2.43,1.55,0.14,0.13,10.0,2.78,108.0,0.0,250.0,2.64,0.008,0.0,0.017,0.000221,0.0073,3
cereals ready-to-eat,"POST, GREAT GRAINS Crunchy Pecan Cereal",Breakfast Cereals,403.0,9.0,10.5,73.0,15.4,9.7,1.0,0.2,0.74,9.6,0.8,0.7,39.0,17.3,98.0,0.0,296.0,2.3,0.43,0.0029,0.314,0.0004,0.0418,3
sausage,"chicken and beef, smoked",Sausages and Luncheon Meats,295.0,18.5,24.0,0.0,0.0,0.0,0.17,0.0,0.5,4.06,0.12,0.04,11.0,1.08,14.0,0.0,111.0,1.73,0.031,0.00038,0.004,5.1e-05,0.0145,2
cereals ready-to-eat,"POST, GREAT GRAINS, Raisin, Date & Pecan",Breakfast Cereals,378.0,7.9,7.1,74.3,24.1,9.3,0.9,0.5,0.57,9.1,0.8,0.7,39.0,16.4,87.0,0.0,253.0,2.2,0.407,0.0027,0.296,0.0004,0.0304,3
babyfood,"juice, apple-sweet potato",Baby Foods,48.0,0.3,0.1,11.4,9.6,0.5,0.07,34.1,0.34,0.1,0.03,0.01,15.0,0.3,7.0,0.0,14.0,0.08,0.154,0.0,0.003,3.2e-05,0.0001,0
babyfood,"juice, orange-carrot",Baby Foods,43.0,0.5,0.1,9.9,8.4,0.4,0.05,34.1,0.29,0.21,0.05,0.06,16.0,0.2,10.0,0.0,19.0,0.07,0.094,0.0,0.039,4.4e-05,0.0001,0
orange juice drink,No_descr,Beverages,54.0,0.2,0.0,13.41,9.36,0.2,0.5,15.0,0.02,5.0,0.43,0.38,2.0,0.11,3.0,0.007,4.0,0.02,0.002,0.0,0.004,1.7999999999999997e-05,0.0,0
snacks,"granola bar, with coconut, chocolate coated",Snacks,531.0,5.2,32.2,55.2,34.27,6.2,0.12,0.5,0.3,0.42,0.08,0.14,42.0,1.75,56.0,0.0,154.0,1.17,0.0,7.000000000000001e-05,0.009,0.000319,0.0163999999999999,1
babyfood,"vegetable and brown rice, strained",Baby Foods,69.0,1.9,1.5,12.1,2.39,1.1,0.05,0.3,0.15,1.1,0.05,0.05,14.0,0.4,15.0,0.0,33.0,0.22,0.008,0.0,0.016,8e-05,0.0012,0
babyfood,peas and brown rice,Baby Foods,64.0,3.4,0.5,11.49,2.88,2.5,0.06,3.0,0.07,1.4,0.08,0.1,14.0,1.5,25.0,0.0,52.0,0.46,0.019,0.0,0.016,8e-05,0.0012,0
frankfurter,"meat and poultry, low fat",Sausages and Luncheon Meats,121.0,15.5,2.8,8.4,0.0,0.1,0.27,0.4,0.2,3.16,0.17,0.3,12.0,0.91,18.0,0.0,155.0,1.93,0.001,0.00054,0.003,6.3e-05,0.0222,2
gums,"seed gums (includes locust bean, guar)",Sweets,332.0,4.6,0.5,77.3,0.0,77.3,0.0,0.0,0.0,0.0,0.0,0.0,294.0,0.0,0.0,0.0,0.0,0.0,0.0,0.0,0.0,0.0,0.0,3
snacks,"potato chips, white, restructured, baked",Snacks,469.0,5.0,18.2,71.4,5.01,4.8,0.51,0.0,2.18,4.09,0.07,0.34,125.0,0.8,43.0,0.0,274.0,0.45,0.0,0.0,0.0,0.000104,0.0081,3
babyfood,"baked product, finger snacks cereal",Baby Foods,421.0,6.4,9.9,76.68,28.0,2.3,0.05,10.0,3.9,11.25,1.6,1.4,400.0,22.5,27.0,0.0,709.0,4.0,0.0,0.0,0.18,0.00022,0.0375,1
babyfood,"cereal, brown rice, dry, instant",Baby Foods,404.0,8.7,3.0,85.65,0.92,6.5,0.98,0.0,1.29,16.0,0.17,0.93,55.0,47.6,28.0,0.0,272.0,0.0,0.0,0.0,0.015,0.000368,0.0233999999999999,3
babyfood,"green beans and turkey, strained",Baby Foods,51.0,4.1,1.5,5.35,1.39,1.4,0.08,2.2,0.45,1.14,0.11,0.03,31.0,0.7,22.0,0.0,56.0,0.6,0.031,0.00025,0.029,4.8e-05,0.0032,0
oil,corn and canola,Fats and Oils,884.0,0.0,100.0,0.0,0.0,0.0,0.0,0.0,14.84,0.0,0.0,0.0,0.0,0.0,0.0,0.0,0.0,0.0,0.0,0.0,0.0,0.0,0.0,4
milk,"fluid, nonfat, calcium fortified (fat free or skim)",Dairy and Egg Products,35.0,3.4,0.18,4.85,4.85,0.0,0.04,1.0,0.01,0.088,0.14,0.036,204.0,0.04,11.0,0.0,101.0,0.4,0.137,0.00038,0.005,1.1e-05,0.0021,0
peanut butter,reduced sodium,Legumes,590.0,24.0,49.9,21.83,9.29,6.6,0.45,0.0,9.05,13.69,0.11,0.12,41.0,1.9,159.0,0.0,317.0,2.78,0.0,0.0,0.092,0.000515,0.0075,4
cereals ready-to-eat,POST GREAT GRAINS Banana Nut Crunch,Breakfast Cereals,390.0,9.8,8.8,70.9,17.5,11.2,0.8,0.1,1.64,8.5,0.7,0.6,44.0,28.0,98.0,0.0,279.0,2.5,0.378,0.0025,0.563,0.0003599999999999,0.032,3
cheese,"muenster, low fat",Dairy and Egg Products,271.0,24.7,17.6,3.5,3.5,0.0,0.06,0.0,0.15,0.1,0.36,0.01,529.0,0.41,27.0,0.0,468.0,2.81,0.175,0.00147,0.012,3.1e-05,0.0145,2
cheese,"mozzarella, nonfat",Dairy and Egg Products,141.0,31.7,0.0,3.5,1.48,1.8,0.08,0.0,0.14,0.12,0.3,0.02,961.0,0.31,33.0,0.0,656.0,3.92,0.127,0.00092,0.01,3.4e-05,0.0189,2
margarine-like,"butter-margarine blend, 80% fat, stick, without salt",Fats and Oils,718.0,0.9,80.7,0.6,0.0,0.0,0.01,0.1,5.0,0.03,0.04,0.01,28.0,0.09,2.0,0.0,23.0,0.02,0.819,0.0001,0.002,5e-06,0.0005,4
margarine-like,"vegetable oil-butter spread, reduced calorie, tub, with salt",Fats and Oils,450.0,1.0,50.0,1.0,0.0,0.0,0.01,0.1,5.7,0.03,0.04,0.01,28.0,0.09,2.0,0.0,23.0,0.02,0.819,0.0001,0.002,5e-06,0.0005,4
babyfood,"carrots, toddler",Baby Foods,26.0,0.6,0.3,5.23,2.5,2.3,0.05,0.7,0.59,0.25,0.03,0.02,19.0,0.2,6.0,0.0,21.0,0.2,0.736,0.0,0.007,8.1e-05,0.0008,0
babyfood,"dessert, banana pudding, strained",Baby Foods,68.0,1.0,0.8,14.14,10.55,0.8,0.13,12.0,0.07,0.16,0.06,0.01,11.0,0.3,5.0,0.0,34.0,0.12,0.001,1e-05,0.006,4e-05,0.0011,0
babyfood,"fruit, tutti frutti, strained",Baby Foods,66.0,0.4,0.3,15.48,9.29,0.6,0.02,12.4,0.11,0.1,0.02,0.02,15.0,0.2,4.0,0.0,17.0,0.8,0.007,1e-05,0.003,2e-05,0.0004,0
babyfood,"fruit, tutti frutti, junior",Baby Foods,69.0,0.4,0.4,16.0,9.41,0.4,0.02,7.2,0.15,0.08,0.02,0.03,14.0,0.3,4.0,0.0,28.0,0.19,0.01,1e-05,0.003,0.0002,0.0004,0
babyfood,"dinner, chicken and rice",Baby Foods,51.0,1.6,0.9,9.2,0.55,1.1,0.03,1.0,0.11,0.3,0.02,0.01,18.0,0.2,8.0,0.0,20.0,0.25,0.058,0.0001,0.003,2.5e-05,0.003,0
salad dressing,"caesar dressing, regular",Fats and Oils,542.0,2.17,57.85,3.3,2.81,0.5,0.025,0.3,4.74,0.04,0.01,0.01,48.0,1.08,2.0,0.038,19.0,0.11,0.009,3e-05,0.002,1e-05,0.0016,4
salad dressing,coleslaw,Fats and Oils,390.0,0.9,33.4,23.8,20.11,0.1,0.02,0.0,3.08,0.0,0.02,0.01,14.0,0.2,2.0,0.108,26.0,0.18,0.017,0.0002099999999999,0.014,1.1e-05,0.0016,1
salad dressing,"green goddess, regular",Fats and Oils,427.0,1.9,43.33,7.36,6.67,0.1,0.01,0.2,4.6,0.14,0.05,0.02,34.0,0.35,7.0,0.0,31.0,0.25,0.01,0.00026,0.004,1e-05,0.0016,4
salad dressing,sweet and sour,Fats and Oils,15.0,0.1,0.0,3.7,3.7,0.0,0.01,8.1,2.56,0.06,0.0,0.01,4.0,0.04,3.0,0.06,3.0,0.02,0.0,0.0,0.002,1e-05,0.0016,0
salad dressing,"blue or roquefort cheese, low calorie",Fats and Oils,99.0,5.1,7.2,2.9,2.82,0.0,0.02,0.3,0.25,0.05,0.1,0.02,89.0,0.5,7.0,0.0,83.0,0.25,0.0,0.00023,0.003,1e-05,0.0016,0
salad dressing,"caesar, low calorie",Fats and Oils,110.0,0.3,4.4,18.6,16.32,0.1,0.0,0.0,0.71,0.04,0.01,0.01,24.0,0.18,2.0,0.045,19.0,0.11,0.001,3e-05,0.002,1e-05,0.0016,0
syrups,dietetic,Sweets,40.0,0.8,0.0,49.2,0.01,3.0,0.0,0.0,0.0,0.0,0.0,0.0,0.0,0.0,0.0,0.0,0.0,0.0,0.0,0.0,0.0,0.0,0.0005,0
jams and preserves,"dietetic (with sodium saccharin), any flavor",Sweets,132.0,0.3,0.3,53.6,37.81,2.5,0.02,0.0,0.09,0.0,0.0,0.0,9.0,0.4,5.0,0.0,9.0,0.06,0.0,0.0,0.009,2.4e-05,0.0017,1
candies,"chocolate covered, caramel with nuts",Sweets,470.0,9.5,21.0,60.67,41.35,4.3,0.16,1.4,1.1,4.76,0.16,0.04,78.0,1.7,81.0,0.0,166.0,1.87,0.042,0.0,0.092,0.00058,0.0028,1
candies,"nougat, with almonds",Sweets,398.0,3.33,1.67,92.39,44.97,3.3,0.02,0.3,2.77,0.478,0.148,0.013,32.0,0.59,32.0,0.304,55.0,0.42,0.0,1e-05,0.005,0.000134,0.0026,1
candies,"gum drops, dietetic or low calorie (sorbitol)",Sweets,162.0,0.0,0.2,88.0,70.0,18.0,0.0,0.0,0.0,0.0,0.0,0.0,0.0,0.0,0.0,0.0,0.0,0.0,0.0,0.0,0.0,0.0,0.0005,1
candies,"hard, dietetic or low calorie (sorbitol)",Sweets,394.0,0.0,0.0,98.6,0.0,0.0,0.0,0.0,0.0,0.0,0.0,0.0,0.0,0.0,0.0,0.0,0.0,0.0,0.0,0.0,0.0,0.0,0.0006,3
chewing gum,sugarless,Sweets,268.0,0.0,0.4,94.8,0.0,2.4,0.0,0.0,0.0,0.0,0.0,0.0,20.0,0.0,0.0,0.0,0.0,0.0,0.0,0.0,0.0,0.0,0.0005,3
fluid replacement,electrolyte solution (include PEDIALYTE),Baby Foods,10.0,0.0,0.0,2.45,2.45,0.0,0.0,0.0,0.0,0.0,0.0,0.0,10.0,0.0,1.0,0.0,10.0,0.02,0.0,0.0,0.0,1e-05,0.0,0
beverage,"milkshake mix, dry, not chocolate",Dairy and Egg Products,329.0,23.5,2.6,52.9,51.3,1.6,0.11,1.2,0.05,1.25,0.34,0.11,880.0,7.7,200.0,0.0,150.0,3.6,0.246,0.00239,0.042,0.0008,0.0143,1
pie fillings,"cherry, low calorie",Sweets,53.0,0.82,0.16,11.98,9.15,1.2,0.027,2.8,0.0,0.361,0.039,0.02,11.0,0.33,8.0,0.057,15.0,0.07,0.01,0.0,0.004,8.400000000000001e-05,0.0001,0
breakfast bars,"oats, sugar, raisins, coconut (include granola bar)",Snacks,464.0,9.8,17.6,66.7,27.52,3.1,0.35,1.0,0.82,1.75,0.11,0.28,60.0,3.18,101.0,0.0,277.0,1.6,0.008,0.0,0.081,0.0003599999999999,0.016,1
pretzels,soft,Snacks,338.0,8.2,3.1,69.39,0.25,1.7,0.02,0.0,0.54,4.27,0.29,0.41,23.0,3.92,21.0,0.0,79.0,0.94,0.0,0.0,0.024,0.000126,0.0172,3
beans,"chili, barbecue, ranch style, cooked",Legumes,97.0,5.0,1.0,16.9,5.25,4.2,0.27,1.7,0.21,0.36,0.15,0.04,31.0,1.86,45.0,0.0,154.0,2.0,0.001,1e-05,0.026,0.000252,0.0013,0
vermicelli,made from soy,Legumes,331.0,0.1,0.1,82.32,17.44,3.9,0.0,0.0,0.51,0.0,0.0,0.0,55.0,1.81,2.0,0.0,20.0,4.24,0.002,0.0,0.0,0.001916,0.027,3
beans,liquid from stewed kidney beans,Legumes,47.0,1.8,3.2,2.8,0.0,0.1,0.03,0.0,0.0,0.39,0.09,0.1,13.0,1.96,37.0,0.0,88.0,0.49,0.0,2e-05,0.033,9.8e-05,0.0005,0
chicken,meatless,Legumes,224.0,23.64,12.73,3.64,0.0,3.6,0.7,0.0,2.68,1.454,0.247,0.062,35.0,3.27,17.0,1.177,335.0,0.7,0.0,0.00218,0.076,0.0006889999999999,0.0074,2
fish sticks,meatless,Legumes,290.0,23.0,18.0,9.0,0.8,6.1,1.5,0.0,3.95,12.0,0.9,1.1,95.0,2.0,23.0,0.0,450.0,1.4,0.0,0.0042,0.102,0.000925,0.0044,2
frankfurter,meatless,Legumes,233.0,19.61,13.73,7.7,0.0,3.9,0.078,0.0,1.92,3.137,0.833,0.441,33.0,1.41,18.0,0.0,344.0,1.2,0.0,0.00235,0.078,0.0007059999999999,0.0074,2
luncheon slices,meatless,Legumes,189.0,17.78,11.11,4.44,2.22,0.0,0.889,0.0,3.0,11.11,0.302,4.0,41.0,1.8,23.0,0.0,442.0,1.6,0.0,0.004,0.1,0.000908,0.0074,2
meatballs,meatless,Legumes,197.0,21.0,9.0,8.0,1.25,4.6,0.2,0.0,1.73,2.5,0.213,0.938,25.0,2.16,18.0,0.0,344.0,1.8,0.0,0.0015,0.078,0.0007059999999999,0.0008,2
vegetarian fillets,No_descr,Legumes,290.0,23.0,18.0,9.0,0.8,6.1,1.5,0.0,3.45,12.0,0.9,1.1,95.0,2.0,23.0,0.0,450.0,1.4,0.0,0.0042,0.102,0.000925,0.001,2
sandwich spread,meatless,Legumes,149.0,8.0,9.0,9.0,4.58,3.3,1.1,0.0,1.73,13.0,0.7,0.6,44.0,1.5,127.0,0.765,220.0,1.3,0.0,0.0031,0.103,0.000649,0.0005,0
vegetarian stew,No_descr,Legumes,123.0,17.0,3.0,7.0,1.25,1.1,1.1,0.0,0.49,12.0,0.6,0.7,31.0,1.3,127.0,0.0,220.0,1.1,0.047,0.0022,0.103,0.000649,0.0005,2
vegetarian meatloaf or patties,No_descr,Legumes,197.0,21.0,9.0,8.0,1.2,4.6,1.2,0.0,1.73,10.0,0.6,0.9,29.0,2.1,18.0,0.0,344.0,1.8,0.0,0.0024,0.078,0.0007059999999999,0.0008,2
radishes,"hawaiian style, pickled",Vegetables,28.0,1.1,0.3,5.2,2.0,2.2,0.1,0.0,0.0,0.31,0.03,0.02,28.0,0.23,8.0,0.057,31.0,0.22,0.0,0.0,0.009,0.000171,0.0007,0
cabbage,"japanese style, fresh, pickled",Vegetables,30.0,1.6,0.1,5.67,1.3,3.1,0.1,0.7,0.12,0.18,0.04,0.0,48.0,0.49,12.0,0.238,43.0,0.2,0.009,0.0,0.042,2.5e-05,0.001,0
cabbage,"mustard, salted",Vegetables,28.0,1.1,0.1,5.63,1.4,3.1,0.3,0.0,0.02,0.72,0.09,0.04,67.0,0.7,15.0,0.218,27.0,0.3,0.049,0.0,0.072,3.4e-05,0.0009,0
eggplant,pickled,Vegetables,49.0,0.9,0.7,9.77,4.8,2.5,0.14,0.0,0.03,0.66,0.07,0.05,25.0,0.77,6.0,0.0,9.0,0.23,0.003,0.0,0.02,0.0001729999999999,0.0006,0
alcoholic beverage,"wine, cooking",Beverages,50.0,0.5,0.0,6.3,1.55,0.0,0.02,0.0,0.0,0.1,0.01,0.0,9.0,0.4,10.0,0.0,15.0,0.08,0.0,0.0,0.001,1.1e-05,0.0002,0
alcoholic beverage,"wine, light",Beverages,49.0,0.07,0.0,1.17,1.15,0.0,0.02,0.0,0.0,0.1,0.01,0.0,9.0,0.4,10.0,0.0,15.0,0.08,0.0,0.0,0.001,1.1e-05,0.0002,0
sweeteners,"tabletop, saccharin (sodium saccharin)",Sweets,360.0,0.94,0.0,89.11,85.19,0.0,0.0,0.0,0.0,0.0,0.0,0.0,0.0,0.04,0.0,0.0,0.0,0.01,0.0,0.0,0.0,0.0,0.0,1
beverage,"instant breakfast powder, chocolate, not reconstituted",Dairy and Egg Products,353.0,19.9,1.4,66.2,65.8,0.4,1.14,76.9,9.37,14.24,0.2,0.85,285.0,12.82,228.0,0.0,427.0,8.55,0.625,0.00171,0.485,0.001425,0.0121,1
bacon bits,meatless,Legumes,476.0,32.0,25.9,28.6,0.0,10.2,0.08,1.9,6.9,1.6,0.07,0.6,101.0,0.72,95.0,0.0,217.0,1.87,0.0,0.0012,0.127,0.000539,0.0074,3
butter replacement,"without fat, powder",Fats and Oils,373.0,2.0,1.0,89.0,5.3,0.0,0.0,0.0,0.0,0.0,0.0,0.0,23.0,2.0,0.0,0.0,8.0,0.0,0.0,0.0,0.0,0.0,0.0,3
salad dressing,"buttermilk, lite",Fats and Oils,202.0,1.25,12.42,21.33,3.77,1.1,0.029,0.6,1.6,0.007,0.027,0.022,40.0,0.69,6.0,0.053,193.0,0.62,0.018,0.0,0.004,0.000162,0.0029,0
sweeteners,"tabletop, fructose, dry, powder",Sweets,368.0,0.0,0.0,100.0,92.7,0.0,0.0,0.0,0.0,0.0,0.0,0.0,0.0,0.1,0.0,0.0,0.0,0.0,0.0,0.0,0.0,0.000221,0.0006,1
tomato sauce,"canned, no salt added",Vegetables,24.0,1.2,0.3,5.31,3.56,1.5,0.098,7.0,1.44,0.991,0.065,0.024,14.0,0.96,15.0,0.113,27.0,0.22,0.022,0.0,0.009,0.000115,0.0006,0
cereals ready-to-eat,ALPEN,Breakfast Cereals,352.0,11.2,3.3,75.7,20.0,9.1,0.28,8.7,0.51,2.12,0.4,0.4,147.0,3.0,94.0,0.0,371.0,3.0,0.0,0.0001199999999999,0.03,0.0003,0.0173,3
cereals ready-to-eat,FAMILIA,Breakfast Cereals,388.0,9.5,6.3,73.8,23.2,8.5,0.1,0.6,1.16,1.8,0.55,0.32,173.0,2.78,317.0,0.0,337.0,1.92,0.001,0.00029,0.016,0.0004069999999999,0.0173,3
cereals ready-to-eat,"wheat and bran, presweetened with nuts and fruits",Breakfast Cereals,385.0,7.1,5.6,76.2,23.6,9.7,0.91,0.0,2.32,9.09,0.77,0.68,43.0,9.82,120.0,2.474,294.0,2.73,0.41,0.00273,0.296,0.0004729999999999,0.0173,3
beverage,"instant breakfast powder, chocolate, sugar-free, not reconstituted",Dairy and Egg Products,358.0,35.8,5.1,41.0,39.0,2.0,2.0,138.0,16.88,25.6,0.35,1.5,500.0,2.3,410.0,0.0,500.0,15.4,2.686,0.0031,0.85,0.0026,0.0218,1
yogurt,"fruit variety, nonfat",Dairy and Egg Products,95.0,4.4,0.2,19.0,19.0,0.0,0.04,0.7,0.06,0.1,0.18,0.04,152.0,0.07,15.0,0.035,119.0,0.74,0.002,0.00047,0.009,1.1e-05,0.006,0
whipped cream substitute,"dietetic, made from powdered mix",Dairy and Egg Products,100.0,0.9,6.0,10.6,10.6,0.0,0.0,0.0,0.05,0.0,0.0,0.0,3.0,0.01,1.0,0.0,30.0,0.01,0.0,0.0,0.0,2.2e-05,0.0005,0
frozen novelties,"ice cream type, sundae, prepackaged",Sweets,185.0,4.3,6.0,29.4,20.74,0.3,0.05,1.8,0.12,0.64,0.19,0.04,120.0,0.25,19.0,0.011,131.0,0.54,0.131,0.00039,0.005,6e-05,0.002,0
cheese,"cottage, with vegetables",Dairy and Egg Products,95.0,10.9,4.2,3.0,0.37,0.1,0.05,4.0,0.05,0.1,0.13,0.01,56.0,0.1,4.0,0.0,128.0,0.29,0.053,0.00049,0.017,2.8e-05,0.0045,0
cheese,"cream, low fat",Dairy and Egg Products,201.0,7.85,15.28,8.13,5.82,0.0,0.045,0.0,0.27,0.125,0.185,0.04,148.0,0.17,8.0,0.011,152.0,0.57,0.161,0.00092,0.019,3.2e-05,0.004,0
cheese,"pasteurized process, American, low fat",Dairy and Egg Products,180.0,24.6,7.0,3.5,0.59,0.0,0.08,0.0,0.27,0.08,0.39,0.03,684.0,0.43,24.0,0.0,827.0,3.32,0.057,0.00077,0.009,3.3e-05,0.0166,2
cheese spread,cream cheese base,Dairy and Egg Products,295.0,7.1,28.6,3.5,3.5,0.0,0.04,0.0,0.77,0.95,0.19,0.02,71.0,1.13,6.0,0.0,91.0,0.51,0.302,0.0004,0.012,1.5e-05,0.0027,2
cheese,"american cheddar, imitation",Dairy and Egg Products,239.0,16.7,14.0,11.6,7.74,0.0,0.12,0.0,0.27,0.13,0.43,0.05,562.0,0.33,29.0,0.0,712.0,2.59,0.114,0.0004,0.007,3.3e-05,0.0152,2
quail,"cooked, total edible",Poultry Products,227.0,25.1,14.1,0.0,0.0,0.0,0.62,2.3,0.7,7.92,0.3,0.22,15.0,4.43,22.0,0.0,279.0,3.1,0.07,0.0003599999999999,0.006,0.000592,0.0218,2
pheasant,"cooked, total edible",Poultry Products,239.0,32.4,12.1,0.0,0.0,0.0,0.75,2.3,0.27,7.53,0.18,0.07,16.0,1.43,22.0,0.0,242.0,1.37,0.057,0.0007199999999999,0.005,8.400000000000001e-05,0.0207,2
eggs,"scrambled, frozen mixture",Dairy and Egg Products,131.0,13.1,5.6,7.5,7.5,0.0,0.01,0.0,0.84,0.09,0.3,0.01,17.0,0.23,10.0,0.0,30.0,0.14,0.021,0.00017,0.017,3e-05,0.0229,0
dove,cooked (includes squab),Poultry Products,213.0,23.9,13.0,0.0,0.0,0.0,0.57,2.9,0.06,7.6,0.35,0.28,17.0,5.91,26.0,0.0,332.0,3.83,0.028,0.00041,0.006,0.000763,0.0201,2
pork,"oriental style, dehydrated",Pork Products,615.0,11.8,62.4,1.4,0.0,0.0,0.2,0.0,0.36,2.1,0.14,0.45,10.0,0.5,11.0,0.0,128.0,1.15,0.0,0.0003,0.002,6.4e-05,0.0363,4
soybean,curd cheese,Legumes,151.0,12.5,8.1,6.9,1.6,0.0,0.07,0.0,0.6,0.5,0.14,0.0,188.0,5.6,228.0,0.889,222.0,1.72,0.002,0.0,0.022,0.00038,0.0168,2
potatoes,"canned, drained solids, no salt added",Vegetables,62.0,1.4,0.2,13.6,0.59,2.4,0.19,5.1,0.05,0.92,0.01,0.07,5.0,1.26,14.0,0.12,28.0,0.28,0.0,0.0,0.006,5.7e-05,0.0009,0
vegetables,"mixed (corn, lima beans, peas, green beans, carrots) canned, no salt added",Vegetables,37.0,1.4,0.2,7.31,2.41,3.1,0.08,3.8,0.29,0.48,0.04,0.03,21.0,0.65,15.0,0.0,37.0,0.51,0.583,0.0,0.018,0.000104,0.0003,0
pork,"cured, ham, boneless, low sodium, extra lean and regular, roasted",Pork Products,165.0,22.0,7.7,0.5,0.0,0.0,0.35,0.0,0.28,5.32,0.28,0.74,8.0,1.4,19.0,0.0,248.0,2.63,0.0,0.00068,0.003,0.0001189999999999,0.0195,2
pork,"cured, ham, low sodium, lean and fat, cooked",Pork Products,172.0,22.3,8.3,0.3,0.0,0.0,0.33,0.0,0.28,5.74,0.31,0.73,8.0,1.37,21.0,0.0,265.0,2.55,0.0,0.00069,0.003,0.000132,0.0195,2
pork,"cured, ham, boneless, low sodium, extra lean (approximately 5% fat), roasted",Pork Products,145.0,20.9,5.5,1.5,0.0,0.0,0.4,0.0,0.25,4.02,0.2,0.75,8.0,1.48,14.0,0.0,196.0,2.88,0.0,0.00065,0.003,7.9e-05,0.0195,2
salad dressing,"mayonnaise and mayonnaise-type, low calorie",Fats and Oils,263.0,0.9,19.0,23.9,4.34,0.0,0.02,0.0,3.07,0.0,0.02,0.01,14.0,0.26,2.0,0.0,30.0,0.18,0.021,0.0002099999999999,0.006,1e-06,0.0016,0
salad dressing,bacon and tomato,Fats and Oils,326.0,1.8,35.0,2.0,2.0,0.2,0.08,8.8,4.0,0.7,0.02,0.04,4.0,0.27,6.0,0.0,25.0,0.2,0.011,8.999999999999999e-05,0.0,3e-05,0.0016,2
cheese,"parmesan, low sodium",Dairy and Egg Products,451.0,41.6,29.99,3.7,0.85,0.0,0.1,0.0,0.27,0.32,0.39,0.04,800.0,0.95,51.0,0.0,807.0,3.19,0.125,0.0014,0.01,3.7e-05,0.0238999999999999,2
fruit-flavored drink,"powder, with high vitamin C with other added vitamins, low calorie",Beverages,227.0,0.25,0.16,91.0,0.0,2.2,8.0,2400.0,0.02,80.0,6.8,0.009,800.0,0.08,245.0,0.008,493.0,0.01,5.997,0.0,0.005,1.1e-05,0.0,3
frozen novelties,"juice type, orange",Sweets,95.0,0.5,0.0,23.17,19.99,0.1,0.018,25.7,0.04,0.16,0.03,0.01,9.0,0.47,8.0,0.008,13.0,0.02,0.001,0.0,0.018,2.2e-05,0.0001,0
sauerkraut,"canned, low sodium",Vegetables,22.0,0.9,0.1,4.35,1.78,2.5,0.09,14.7,0.14,0.14,0.02,0.02,30.0,1.47,13.0,0.151,20.0,0.19,0.001,0.0,0.024,9.6e-05,0.0006,0
cheese,"cottage, lowfat, 1% milkfat, no sodium added",Dairy and Egg Products,72.0,12.4,1.0,2.7,2.7,0.0,0.07,0.0,0.01,0.13,0.16,0.02,61.0,0.14,5.0,0.0,134.0,0.38,0.011,0.00063,0.012,2.8e-05,0.0084,0
mayonnaise,"low sodium, low calorie or diet",Fats and Oils,231.0,0.3,19.2,16.0,4.2,0.0,0.0,0.0,6.43,0.0,0.01,0.0,0.0,0.0,0.0,0.0,0.0,0.11,0.0,6e-05,0.0,0.0,0.0016,0
snacks,"tortilla chips, unsalted, white corn",Snacks,503.0,7.79,23.36,65.32,1.0,5.3,0.213,0.0,3.53,1.262,0.1,0.015,174.0,2.32,146.0,0.0,200.0,2.46,0.004,0.0003599999999999,0.01,0.000523,0.0067,3
tomato and vegetable juice,low sodium,Vegetables,22.0,0.6,0.1,4.59,3.8,0.8,0.14,27.7,0.32,0.73,0.03,0.04,11.0,0.42,11.0,0.0,17.0,0.2,0.078,0.0,0.021,0.0002,0.0005,0
turkey,"wing, smoked, cooked, with skin, bone removed",Poultry Products,221.0,27.4,12.41,0.0,0.0,0.0,0.42,0.0,0.17,5.73,0.13,0.05,24.0,1.46,25.0,0.0,197.0,2.1,0.0,0.00034,0.006,5.6e-05,0.026,2
turkey,"drumstick, smoked, cooked, with skin, bone removed",Poultry Products,208.0,27.9,9.8,0.0,0.0,0.0,0.33,0.0,0.62,3.56,0.24,0.06,32.0,2.3,23.0,0.0,199.0,4.27,0.0,0.0003599999999999,0.009,0.000154,0.0382999999999999,2
chocolate-flavored drink,whey and milk based,Beverages,49.0,0.64,0.4,10.68,8.68,0.6,0.011,2.0,0.01,0.106,0.051,0.01,100.0,0.33,11.0,0.073,24.0,0.16,0.06,6e-05,0.001,7.4e-05,0.0007,0
babyfood,"dinner, chicken and noodle with vegetables, toddler",Baby Foods,66.0,3.8,1.7,8.89,0.82,0.6,0.06,1.7,0.19,1.23,0.05,0.04,11.0,0.4,10.0,0.0,42.0,0.41,0.098,0.00014,0.012,2e-05,0.0037,0
pork,"cured, bacon, cooked, broiled, pan-fried or roasted, reduced sodium",Pork Products,541.0,37.04,41.78,1.43,0.0,0.0,0.349,0.0,0.31,11.099,0.264,0.404,11.0,1.44,33.0,0.022,533.0,3.5,0.011,0.00123,0.002,0.000164,0.062,2
cheese,"pasteurized process, swiss, low fat",Dairy and Egg Products,165.0,25.5,5.1,4.3,1.35,0.0,0.08,0.0,0.07,0.08,0.39,0.03,684.0,0.43,24.0,0.0,827.0,3.32,0.04,0.00077,0.009,3.3e-05,0.0174,2
cranberry juice,unsweetened,Fruits and Fruit Juices,46.0,0.39,0.13,12.2,12.1,0.1,0.052,9.3,1.2,0.091,0.018,0.009,8.0,0.25,6.0,0.0,13.0,0.1,0.002,0.0,0.001,5.5e-05,0.0001,0
beef,"bologna, reduced sodium",Sausages and Luncheon Meats,310.0,11.7,28.4,2.0,0.0,0.0,0.18,0.0,0.19,2.63,0.13,0.06,12.0,1.4,10.0,0.0,82.0,2.0,0.0,0.00141,0.005,3e-05,0.0116999999999999,2
turnip greens,"canned, no salt added",Vegetables,19.0,1.36,0.3,2.81,0.42,1.3,0.04,15.5,1.47,0.36,0.06,0.01,118.0,1.51,20.0,0.263,21.0,0.23,0.298,0.0,0.092,8.3e-05,0.0007,0
turkey,"light or dark meat, smoked, cooked, with skin, bone removed",Poultry Products,208.0,28.1,9.7,0.0,0.0,0.0,0.41,0.0,0.34,5.09,0.18,0.06,26.0,1.79,25.0,0.0,203.0,2.96,0.0,0.00035,0.007,9.3e-05,0.0303,2
turkey,"light or dark meat, smoked, cooked, skin and bone removed",Poultry Products,170.0,29.3,5.0,0.0,0.0,0.0,0.46,0.0,0.33,5.44,0.18,0.06,25.0,1.78,26.0,0.0,213.0,3.1,0.0,0.00037,0.007,9.4e-05,0.043,2
hearts of palm,raw,Vegetables,115.0,2.7,0.2,25.61,17.16,1.5,0.81,8.0,0.5,0.9,0.18,0.05,18.0,1.69,10.0,0.0,140.0,3.73,0.003,0.0,0.024,0.000644,0.0007,0
cereals ready-to-eat,"POST, Shredded Wheat n' Bran, spoon-size",Breakfast Cereals,339.0,10.89,2.09,80.59,0.8,14.7,0.08,0.0,1.09,5.19,0.08,0.2,44.0,3.9,174.0,0.0,418.0,3.13,0.0,0.0,0.03,0.0003,0.0081999999999999,3
cheese,"cottage, lowfat, 1% milkfat, with vegetables",Dairy and Egg Products,67.0,10.9,1.0,3.0,3.0,0.0,0.05,4.0,0.01,0.1,0.13,0.01,56.0,0.1,4.0,0.0,128.0,0.29,0.013,0.00049,0.01,2.8e-05,0.0045,0
cheese,"pasteurized process, cheddar or American, low sodium",Dairy and Egg Products,376.0,22.2,31.19,1.6,0.45,0.0,0.07,0.0,0.27,0.07,0.35,0.03,616.0,0.39,22.0,0.0,745.0,2.99,0.254,0.0007,0.008,3e-05,0.0127,2
coffee,"dry, powder, with whitener, reduced calorie",Beverages,509.0,1.96,29.1,59.94,59.0,0.5,0.0,0.0,0.26,0.188,0.0,0.0,18.0,0.06,2.0,0.011,135.0,0.02,0.001,0.0,0.001,1.1e-05,0.0009,1
cranberry-apple juice drink,"low calorie, with vitamin C added",Beverages,19.0,0.1,0.0,4.7,4.6,0.1,0.019,32.0,0.27,0.028,0.007,0.003,10.0,0.06,3.0,0.014,1.0,0.02,0.0,0.0,0.0,7e-06,0.0001,0
cheese,"swiss, low sodium",Dairy and Egg Products,374.0,28.4,27.4,3.4,1.31,0.0,0.08,0.0,0.37,0.09,0.37,0.02,961.0,0.17,36.0,0.0,605.0,3.9,0.216,0.0016799999999999,0.006,3.2e-05,0.0125,2
yeast extract spread,No_descr,Vegetables,185.0,23.88,0.9,20.42,1.6,6.5,0.0,0.0,0.0,127.5,17.5,23.375,67.0,4.04,180.0,0.261,104.0,4.19,0.0,0.0005,5.881,0.000245,0.0276,2
babyfood,"juice, pear",Baby Foods,47.0,0.0,0.0,11.86,7.28,0.1,0.01,33.8,0.09,0.3,0.03,0.01,12.0,0.0,8.0,0.0,12.0,0.08,0.0,0.0,0.004,6.500000000000001e-05,0.0004,0
chicken,"meatless, breaded, fried",Legumes,234.0,21.28,12.77,8.51,0.0,4.3,0.851,0.0,1.95,12.766,0.362,1.277,42.0,3.83,12.0,0.0,245.0,0.65,0.0,0.00511,0.056,0.0005,0.0074,2
babyfood,"meat, beef with vegetables, toddler",Baby Foods,68.0,3.5,2.1,8.72,1.18,0.5,0.07,2.5,0.37,0.71,0.04,0.02,11.0,0.5,11.0,0.0,37.0,0.87,0.057,0.00051,0.006,8e-05,0.0022,0
babyfood,"dinner, macaroni, beef and tomato sauce, toddler",Baby Foods,81.0,4.34,1.9,11.53,0.37,1.1,0.09,1.9,0.09,1.34,0.06,0.06,12.0,0.8,15.0,0.0,49.0,0.48,0.003,0.00023,0.014,2e-05,0.0018,0
rolls,pumpernickel,Baked Products,277.0,10.8,2.8,52.8,0.4,5.4,0.1,0.0,0.63,2.97,0.3,0.38,67.0,2.78,54.0,1.909,171.0,1.48,0.0,0.0,0.125,0.000287,0.0278,3
snacks,"corn-based, extruded, chips, unsalted",Snacks,557.0,6.6,33.4,57.4,1.41,4.4,0.21,2.0,1.36,1.48,0.16,0.14,124.0,1.7,70.0,0.0,184.0,0.85,0.004,0.0,0.007,0.000249,0.0067,3
beans,"baked, canned, no salt added",Legumes,105.0,4.8,0.4,20.49,7.78,5.5,0.13,3.1,0.15,0.43,0.06,0.15,50.0,0.29,32.0,0.0,104.0,1.4,0.005,0.0,0.024,0.000206,0.0045,0
frozen novelties,"juice type, juice with cream",Sweets,115.0,1.41,1.41,24.11,20.61,0.1,0.029,21.2,0.06,0.151,0.101,0.025,141.0,0.28,9.0,0.059,41.0,0.27,0.019,0.00014,0.011,1.3e-05,0.0008,0
tofu yogurt,No_descr,Legumes,94.0,3.5,1.8,15.96,1.24,0.2,0.02,2.5,0.31,0.24,0.02,0.06,118.0,1.06,40.0,0.0,38.0,0.31,0.002,0.0,0.006,7.5e-05,0.013,0
alcoholic beverage,rice (sake),Beverages,134.0,0.5,0.0,5.0,0.0,0.0,0.0,0.0,0.0,0.0,0.0,0.0,5.0,0.1,6.0,0.0,6.0,0.02,0.0,0.0,0.0,8.999999999999999e-06,0.0014,0
millet,puffed,Breakfast Cereals,354.0,13.0,3.4,80.0,0.55,2.7,0.36,0.0,0.66,4.42,0.27,0.39,8.0,2.81,106.0,0.0,266.0,1.58,0.0,0.0,0.079,0.0007019999999999,0.0029,3
cereals ready-to-eat,"OAT BRAN FLAKES, HEALTH VALLEY",Breakfast Cereals,380.0,10.0,3.0,78.0,22.0,8.0,1.0,120.0,0.53,10.0,0.85,0.75,80.0,2.88,143.0,2.903,343.0,2.2,0.0,0.003,0.327,0.000319,0.0265,3
jellyfish,"dried, salted",Fish,36.0,5.5,1.4,0.0,0.0,0.0,0.01,0.0,0.02,0.2,0.01,0.01,2.0,2.27,2.0,0.0,20.0,0.42,0.002,2e-05,0.001,0.00014,0.0422,0
frozen novelties,"ice cream type, chocolate or caramel covered, with nuts",Sweets,323.0,4.4,20.2,30.9,30.0,0.6,0.22,0.7,0.42,0.96,0.18,0.04,252.0,0.72,29.0,0.0,114.0,0.63,0.048,0.00038,0.011,0.000128,0.0024,1
frankfurter,low sodium,Sausages and Luncheon Meats,312.0,12.0,28.51,1.8,0.0,0.0,0.12,0.0,0.17,2.42,0.1,0.05,20.0,1.43,3.0,0.0,87.0,2.17,0.0,0.00154,0.004,6e-05,0.012,2
frozen novelties,"ice type, pop, with low calorie sweetener",Sweets,24.0,0.0,0.0,5.92,1.52,0.0,0.0,10.4,0.0,0.0,0.0,0.0,0.0,0.67,1.0,0.0,0.0,0.47,0.0,0.0,0.0,0.0,0.0,0
babyfood,"mixed fruit yogurt, strained",Baby Foods,75.0,0.8,0.8,16.23,11.74,0.4,0.04,11.7,0.13,0.14,0.05,0.02,28.0,0.2,4.0,0.0,22.0,0.11,0.005,0.0,0.002,2e-05,0.0008,0
beverages,"ABBOTT, ENSURE PLUS, ready-to-drink",Beverages,141.0,5.16,4.52,19.88,8.33,0.0,0.198,11.9,1.34,1.984,0.171,0.151,79.0,1.79,40.0,0.516,79.0,1.51,0.149,0.0006,0.067,0.000198,0.0070999999999999,0
babyfood,"rice and apples, dry",Baby Foods,396.0,6.7,2.4,86.89,3.22,3.0,0.09,0.0,0.22,20.0,1.5,1.3,850.0,37.0,15.0,0.0,423.0,1.4,0.0,0.0,0.019,0.000373,0.0116,3
babyfood,"juice, apple - cherry",Baby Foods,47.0,0.2,0.1,11.2,10.5,0.3,0.03,32.1,0.02,0.11,0.02,0.01,7.0,0.35,3.0,0.0,12.0,0.03,0.001,0.0,0.0,2e-05,0.0001,0
babyfood,"dessert, peach yogurt",Baby Foods,76.0,0.9,0.18,17.6,11.11,0.4,0.02,11.7,0.0,0.4,0.05,0.01,27.0,0.4,13.0,0.0,27.0,0.18,0.001,0.00043,0.008,4e-05,0.0008,0
babyfood,"dessert, blueberry yogurt, strained",Baby Foods,77.0,0.5,0.7,17.05,13.62,0.4,0.4,12.4,0.4,0.14,0.04,0.0,25.0,0.2,13.0,0.0,109.0,0.14,0.003,0.00043,0.008,3e-05,0.0008,0
babyfood,"dessert, banana yogurt, strained",Baby Foods,78.0,1.1,0.52,17.35,12.2,0.5,0.08,13.9,0.02,0.19,0.04,0.01,30.0,0.14,10.0,0.0,28.0,0.26,0.003,0.00013,0.007,2e-05,0.0009,0
ice creams,"chocolate, rich",Sweets,251.0,4.72,16.98,19.78,17.35,0.9,0.033,0.5,0.46,0.182,0.167,0.03,142.0,1.02,32.0,0.173,115.0,0.64,0.201,0.0001799999999999,0.005,0.000175,0.0021,0
milk,"imitation, non-soy",Dairy and Egg Products,46.0,1.6,2.0,5.3,5.3,0.0,0.0,0.0,0.0,0.1,0.0,0.0,82.0,0.1,1.0,0.0,100.0,0.1,0.061,0.0,0.0,2e-05,0.0018,0
babyfood,"cereal, rice with pears and apple, dry, instant",Baby Foods,389.0,6.6,0.9,88.6,1.35,2.6,0.09,250.0,0.13,25.24,1.88,1.6,38.0,9.0,37.0,1.298,253.0,3.3,0.0,0.0,0.005,0.000377,0.0163,3
babyfood,"banana no tapioca, strained",Baby Foods,91.0,1.0,0.2,21.34,11.36,1.6,0.26,21.9,0.25,0.54,0.06,0.02,4.0,0.3,26.0,0.0,20.0,0.05,0.0,0.0,0.017,4e-05,0.0011,0
babyfood,"banana apple dessert, strained",Baby Foods,68.0,0.3,0.2,16.3,14.66,1.0,0.06,12.3,0.02,0.13,0.02,0.02,3.0,0.1,8.0,0.0,9.0,0.05,0.002,0.0,0.004,3e-05,0.0006,0
snacks,"tortilla chips, light (baked with less oil)",Snacks,465.0,8.7,15.2,73.4,0.53,5.7,0.18,0.2,3.53,0.42,0.28,0.22,159.0,1.63,97.0,0.0,318.0,1.15,0.004,6e-05,0.016,0.000116,0.0157,3
cereals ready-to-eat,"POST, HONEY BUNCHES OF OATS, honey roasted",Breakfast Cereals,401.0,7.12,5.46,81.19,19.79,4.2,2.64,0.0,1.22,17.8,1.25,1.3,23.0,34.82,46.0,1.278,149.0,5.03,0.806,0.00967,1.12,0.0002,0.0073,3
popcorn,"microwave, low fat and sodium",Snacks,429.0,12.6,9.5,73.39,0.54,14.2,0.17,0.0,5.01,2.07,0.11,0.35,11.0,2.28,151.0,0.0,264.0,3.83,0.007,0.0,0.017,0.000545,0.0086,3
babyfood,fruit supreme dessert,Baby Foods,73.0,0.5,0.2,17.18,14.87,2.0,0.07,12.7,0.79,0.28,0.04,0.01,6.0,0.17,7.0,0.0,9.0,0.08,0.003,0.0,0.006,3.5000000000000004e-05,0.0004,0
cheese,"swiss, low fat",Dairy and Egg Products,179.0,28.4,5.1,3.4,1.33,0.0,0.08,0.0,0.07,0.09,0.36,0.02,961.0,0.17,36.0,0.0,605.0,3.9,0.04,0.0016799999999999,0.006,2.7e-05,0.0127,2
breakfast bar,corn flake crust with fruit,Snacks,377.0,4.4,7.5,72.9,35.1,2.1,1.4,0.0,0.76,13.5,1.1,1.0,41.0,4.86,27.0,0.0,103.0,4.1,0.608,0.0,0.174,0.0001,0.015,1
cheese,"mozzarella, low sodium",Dairy and Egg Products,280.0,27.5,17.1,3.1,1.23,0.0,0.08,0.0,0.15,0.12,0.34,0.02,731.0,0.25,26.0,0.0,524.0,3.13,0.137,0.00092,0.009,2.7e-05,0.0157,2
mayonnaise dressing,no cholesterol,Fats and Oils,688.0,0.0,77.8,0.3,0.3,0.0,0.01,0.0,11.79,0.01,0.06,0.01,7.0,0.23,1.0,0.0,25.0,0.13,0.0,0.0,0.0,0.0,0.0016,4
oil,"corn, peanut, and olive",Fats and Oils,884.0,0.0,100.0,0.0,0.0,0.0,0.0,0.0,14.78,0.0,0.0,0.0,0.0,0.13,0.0,0.0,0.0,0.02,0.0,0.0,0.0,0.0,0.0,4
sweeteners,"tabletop, fructose, liquid",Sweets,279.0,0.0,0.0,76.1,76.0,0.1,0.0,0.0,0.0,0.0,0.02,0.0,1.0,0.11,0.0,0.0,0.0,0.09,0.0,0.0,0.0,3.7e-05,0.0005,1
cheese food,"pasteurized process, American, imitation, without added vitamin D",Dairy and Egg Products,257.0,4.08,19.5,16.18,8.21,0.0,0.027,0.0,2.15,0.06,0.09,0.0,649.0,0.68,10.0,0.026,596.0,0.21,0.045,0.0007099999999999,0.008,2.6e-05,0.0029,0
celery flakes,dried,Vegetables,319.0,11.3,2.1,63.7,35.9,27.8,0.46,86.5,5.55,4.64,0.5,0.44,587.0,7.83,196.0,0.0,402.0,2.77,0.098,0.0,0.107,0.000571,0.0153,3
puddings,"chocolate flavor, low calorie, instant, dry mix",Sweets,356.0,5.3,2.4,78.2,0.7,6.1,0.04,0.0,0.02,0.4,0.09,0.02,126.0,3.11,89.0,0.703,1660.0,0.41,0.0,1e-05,0.006,0.000838,0.0039,3
babyfood,"grape juice, no sugar, canned",Baby Foods,62.0,0.0,0.0,15.38,0.0,0.1,0.06,33.8,0.0,0.2,0.02,0.01,12.0,0.3,10.0,0.0,11.0,0.05,0.0,0.0,0.0,2.8e-05,0.0,0
jellies,"reduced sugar, home preserved",Sweets,179.0,0.3,0.03,46.1,45.3,0.8,0.04,0.0,0.0,0.14,0.02,0.01,5.0,0.18,6.0,0.0,6.0,0.03,0.0,0.0,0.001,2.3e-05,0.0014,1
pie fillings,"blueberry, canned",Sweets,181.0,0.41,0.2,44.38,37.75,2.6,0.029,0.7,0.23,0.091,0.034,0.023,27.0,0.8,10.0,0.215,12.0,0.1,0.001,0.0,0.001,0.000112,0.0004,1
cocktail mix,"non-alcoholic, concentrated, frozen",Beverages,287.0,0.08,0.01,71.6,24.53,0.0,0.005,4.2,0.02,0.026,0.017,0.009,2.0,0.04,1.0,0.045,2.0,0.02,0.001,0.0,0.005,2e-05,0.0005,1
puddings,"chocolate flavor, low calorie, regular, dry mix",Sweets,365.0,10.08,3.0,74.42,0.7,10.1,0.027,0.0,0.02,0.545,0.105,0.025,50.0,3.87,110.0,0.887,174.0,1.49,0.0,0.0,0.0,0.0008539999999999,0.0050999999999999,3
puddings,"all flavors except chocolate, low calorie, regular, dry mix",Sweets,351.0,1.6,0.1,86.04,2.9,0.9,0.0,0.0,0.05,0.0,0.0,0.0,49.0,0.05,17.0,0.0,12.0,0.19,0.0,0.0,0.0,4e-05,0.0009,3
puddings,"all flavors except chocolate, low calorie, instant, dry mix",Sweets,350.0,0.81,0.9,84.66,0.9,0.8,0.005,0.0,0.08,0.014,0.021,0.005,143.0,0.38,5.0,0.041,2368.0,0.1,0.0,5e-05,0.001,3.8e-05,0.0008,3
vital wheat gluten,No_descr,Cereal Grains and Pasta,370.0,75.16,1.85,13.79,0.0,0.6,0.0,0.0,0.0,0.0,0.0,0.0,142.0,5.2,25.0,0.0,260.0,0.85,0.0,0.0,0.0,0.000182,0.0397,2
frog legs,raw,Fish,73.0,16.4,0.3,0.0,0.0,0.0,0.12,0.0,1.0,1.2,0.25,0.14,18.0,1.5,20.0,0.0,147.0,1.0,0.015,0.0004,0.015,0.00025,0.0141,2
fish,"mackerel, salted",Fish,305.0,18.5,25.1,0.0,0.0,0.0,0.41,0.0,2.38,3.3,0.19,0.02,66.0,1.4,60.0,0.0,254.0,1.1,0.047,0.012,0.015,0.0001,0.0734,2
mollusks,"scallop, (bay and sea), cooked, steamed",Fish,111.0,20.54,0.84,5.41,0.0,0.0,0.112,0.0,0.0,1.076,0.024,0.012,10.0,0.58,37.0,0.029,426.0,1.55,0.002,0.00215,0.02,3.3e-05,0.0217,2
syrup,Cane,Sweets,269.0,0.0,0.0,73.14,73.2,0.0,0.0,0.0,0.0,0.1,0.06,0.13,13.0,3.6,10.0,0.0,8.0,0.19,0.0,0.0,0.0,2e-05,0.0007,1
mollusks,"snail, raw",Fish,90.0,16.1,1.4,2.0,0.0,0.0,0.13,0.0,5.0,1.4,0.12,0.01,10.0,3.5,250.0,0.0,272.0,1.0,0.03,0.0005,0.006,0.0004,0.0273999999999999,2
turtle,"green, raw",Fish,89.0,19.8,0.5,0.0,0.0,0.0,0.12,0.0,0.5,1.1,0.15,0.12,118.0,1.4,20.0,0.0,180.0,1.0,0.03,0.001,0.015,0.00025,0.0168,2
